Date,Time,Frozen,Rapunzel,PeterPan,Tinker,Soarin,ToT,ToyStory,Indy,Raging,Center,Steamer_Med,Gondola,Fortress,TurtleTalk,BigCity,Steamer_Am,Railway_Am,Nemo,Aquatopia,Railway_PD,Steamer_Lost,MagicLamp,Jasmine,Sindbad,Caravan,Mermaid_Theater,Ariel_Play,FlyingFish,Scuttle,Jellyfish,Blowfish,Whirlpool,20000Leagues
20250401,07:15,-,-,-,-,-,-,-,CLOSED,-,-,-,-,-,-,-,-,-,-,-,-,-,-,-,-,-,CLOSED,-,-,-,-,-,-,-
20250401,07:45,-,-,-,-,-,-,-,CLOSED,-,-,-,-,-,-,-,-,-,-,-,-,-,-,-,-,-,CLOSED,-,-,-,-,-,-,-
20250401,08:15,-,-,-,-,-,-,-,CLOSED,-,-,-,-,-,-,-,-,-,-,-,-,-,-,-,-,-,CLOSED,-,-,-,-,-,-,-
20250401,08:45,-,-,-,-,-,-,-,CLOSED,-,-,-,-,-,-,-,-,-,-,-,-,-,-,-,-,-,CLOSED,-,-,-,-,-,-,-
20250401,09:15,100,40,40,15,80,50,20,CLOSED,5,15,5,5,-,20,-,-,5,15,5,5,5,-,5,5,-,CLOSED,-,5,5,5,5,-,5
20250401,09:45,130,80,40,50,140,60,80,CLOSED,30,70,10,5,-,20,-,-,5,15,5,5,5,-,5,-,-,CLOSED,-,5,5,5,5,5,10
20250401,10:15,140,120,70,40,120,80,100,CLOSED,60,120,10,5,-,20,-,-,5,20,5,5,5,15,5,5,5,CLOSED,-,5,5,5,10,5,40
20250401,10:45,100,100,60,30,140,70,60,CLOSED,70,100,10,5,-,15,-,5,10,30,5,5,5,15,5,5,5,CLOSED,-,5,5,15,20,15,50
20250401,11:15,90,100,60,40,120,90,50,CLOSED,70,60,10,5,-,15,5,5,10,30,5,5,5,15,5,5,5,CLOSED,-,5,5,15,30,20,25
20250401,11:45,80,80,50,40,70,80,40,CLOSED,40,80,10,5,-,20,5,5,15,20,5,5,5,15,5,5,5,CLOSED,-,5,5,15,30,20,30
20250401,12:15,120,70,25,25,90,60,60,CLOSED,30,120,10,5,5,20,5,5,10,20,5,5,5,15,5,5,5,CLOSED,-,-,5,10,20,15,30
20250401,12:45,120,60,30,30,80,50,50,CLOSED,30,70,10,5,5,15,5,5,5,30,5,10,5,15,5,5,5,CLOSED,-,5,5,10,15,15,25
20250401,13:15,120,50,40,25,120,50,50,CLOSED,40,70,5,5,5,15,5,5,20,20,5,10,5,15,5,5,5,CLOSED,-,5,5,5,15,10,30
20250401,13:45,90,70,40,30,120,60,10,CLOSED,25,70,5,5,5,15,5,5,15,20,5,15,5,15,5,5,5,CLOSED,-,5,5,5,20,15,20
20250401,14:15,100,60,40,30,100,60,10,CLOSED,30,70,5,5,5,15,5,5,10,20,5,10,5,15,5,5,5,CLOSED,-,5,5,15,30,15,25
20250401,14:45,120,60,50,30,100,70,10,CLOSED,40,70,5,5,5,20,5,5,25,30,5,10,5,15,5,5,5,CLOSED,-,5,5,10,30,25,20
20250401,15:15,90,60,40,40,90,80,80,CLOSED,40,90,5,5,5,20,5,5,15,40,10,20,5,15,5,5,5,CLOSED,-,5,5,15,30,25,30
20250401,15:45,100,40,40,20,100,80,80,CLOSED,30,70,5,5,5,20,5,5,15,30,5,20,5,15,5,5,5,CLOSED,-,5,5,15,30,25,25
20250401,16:15,120,40,30,25,100,70,10,CLOSED,20,70,5,5,5,15,5,5,15,30,5,20,5,15,5,5,5,CLOSED,-,5,5,10,25,15,20
20250401,16:45,100,40,30,30,80,70,60,CLOSED,30,60,5,5,5,25,5,5,25,15,5,15,5,15,5,5,5,CLOSED,-,5,5,5,25,15,5
20250401,17:15,90,40,30,15,70,70,10,CLOSED,25,60,5,5,5,20,-,-,20,20,5,15,5,15,5,5,5,CLOSED,-,5,5,5,20,15,5
20250401,17:45,90,40,20,20,70,70,-,CLOSED,15,60,-,-,5,15,-,-,10,15,5,15,-,15,5,5,5,CLOSED,-,5,5,5,15,15,5
20250401,18:15,80,20,15,15,70,70,-,CLOSED,15,60,-,-,-,20,-,-,15,20,5,15,-,15,5,5,5,CLOSED,-,5,5,5,15,10,5
20250401,18:45,80,20,15,20,50,60,40,CLOSED,15,50,-,-,-,20,-,-,5,15,5,20,-,15,5,5,5,CLOSED,-,5,5,5,15,10,5
20250401,19:15,60,10,10,10,60,60,50,CLOSED,15,40,5,5,-,20,-,-,5,15,5,15,5,15,5,5,5,CLOSED,-,5,5,5,10,5,5
20250401,19:45,30,10,10,10,70,80,50,CLOSED,5,40,5,5,-,15,-,-,5,15,5,15,5,15,5,5,5,CLOSED,-,5,5,5,5,5,5
20250401,20:15,25,10,10,5,50,-,40,CLOSED,5,30,5,5,-,20,-,-,5,15,5,15,5,15,5,5,5,CLOSED,-,5,5,5,5,5,5
20250401,20:45,15,10,10,5,-,-,30,CLOSED,5,25,5,5,-,15,-,-,5,15,5,5,5,-,5,5,5,CLOSED,-,5,5,5,5,5,5
20250401,21:15,-,-,-,-,-,-,-,CLOSED,-,-,-,-,-,-,-,-,-,-,-,-,-,-,-,-,-,CLOSED,-,-,-,-,-,-,-
20250401,21:45,-,-,-,-,-,-,-,CLOSED,-,-,-,-,-,-,-,-,-,-,-,-,-,-,-,-,-,CLOSED,-,-,-,-,-,-,-
20250402,07:15,-,-,-,-,-,-,-,CLOSED,-,-,-,-,-,-,-,-,-,-,-,-,-,-,-,-,-,CLOSED,-,-,-,-,-,-,-
20250402,07:45,-,-,-,-,-,-,-,CLOSED,-,-,-,-,-,-,-,-,-,-,-,-,-,-,-,-,-,CLOSED,-,-,-,-,-,-,-
20250402,08:15,-,-,-,-,-,-,-,CLOSED,-,-,-,-,-,-,-,-,-,-,-,-,-,-,-,-,-,CLOSED,-,-,-,-,-,-,-
20250402,08:45,-,-,-,-,-,-,-,CLOSED,-,-,-,-,-,-,-,-,-,-,-,-,-,-,-,-,-,CLOSED,-,-,-,-,-,-,-
20250402,09:15,120,50,40,35,140,40,50,CLOSED,5,50,5,5,-,15,-,-,-,15,-,-,5,-,5,-,-,CLOSED,-,5,5,5,5,5,5
20250402,09:45,120,90,70,40,140,80,90,CLOSED,20,100,20,5,-,20,-,-,10,15,5,5,5,-,5,5,-,CLOSED,-,5,5,5,5,5,10
20250402,10:15,140,70,60,45,160,100,90,CLOSED,60,70,20,5,-,40,-,-,15,20,5,5,5,15,5,5,5,CLOSED,-,5,5,10,15,5,30
20250402,10:45,150,100,70,50,120,90,70,CLOSED,70,80,15,5,-,30,-,5,20,30,10,10,5,15,5,5,5,CLOSED,-,10,10,15,25,20,50
20250402,11:15,160,90,80,50,100,80,50,CLOSED,60,90,10,5,-,25,5,5,15,40,15,5,5,15,10,5,5,CLOSED,-,25,10,10,25,15,40
20250402,11:45,120,90,60,45,100,70,60,CLOSED,60,80,5,5,-,30,5,5,20,30,10,5,5,15,10,5,5,CLOSED,-,25,10,10,20,15,40
20250402,12:15,-,80,50,55,120,70,70,CLOSED,50,80,5,5,5,15,5,5,15,40,10,15,5,15,10,5,5,CLOSED,-,20,10,10,15,15,40
20250402,12:45,-,80,50,50,120,80,70,CLOSED,50,70,5,5,5,30,5,5,5,30,10,10,5,15,25,5,5,CLOSED,-,25,10,5,20,15,30
20250402,13:15,100,90,50,50,100,80,80,CLOSED,60,90,5,5,5,20,5,5,20,30,15,15,5,15,25,5,5,CLOSED,-,30,10,10,25,15,25
20250402,13:45,120,90,50,40,100,80,80,CLOSED,70,100,5,5,5,20,5,5,10,30,15,10,5,15,15,5,5,CLOSED,-,30,15,10,25,15,25
20250402,14:15,140,90,70,60,120,80,90,CLOSED,70,90,5,5,5,20,5,5,15,40,10,10,5,15,20,5,5,CLOSED,-,30,10,10,20,15,25
20250402,14:45,160,100,60,50,120,120,100,CLOSED,70,100,5,5,5,20,5,5,20,50,15,10,5,15,20,5,5,CLOSED,-,30,15,10,25,15,40
20250402,15:15,140,100,50,40,120,120,100,CLOSED,70,100,5,5,5,30,5,5,20,40,15,15,10,15,20,5,5,CLOSED,-,30,15,20,30,30,40
20250402,15:45,120,100,40,60,120,120,120,CLOSED,70,120,5,5,5,20,5,5,10,30,15,20,5,15,20,5,5,CLOSED,-,30,15,15,15,20,30
20250402,16:15,120,100,70,50,120,80,100,CLOSED,70,100,5,5,5,20,5,5,5,40,15,20,10,15,20,5,5,CLOSED,-,30,15,20,20,20,40
20250402,16:45,140,100,50,50,120,70,90,CLOSED,80,100,5,5,5,30,5,5,25,40,15,15,10,15,20,5,5,CLOSED,-,25,10,20,25,20,30
20250402,17:15,120,100,40,40,120,100,120,CLOSED,70,90,-,10,5,15,-,-,10,30,10,15,-,15,15,5,5,CLOSED,-,25,10,5,20,15,25
20250402,17:45,120,100,40,40,100,90,90,CLOSED,70,70,-,-,5,20,-,-,20,20,10,15,-,15,15,5,5,CLOSED,-,20,10,10,20,15,30
20250402,18:15,80,70,30,40,80,100,70,CLOSED,70,90,-,-,-,20,-,-,20,30,10,15,-,15,10,5,5,CLOSED,-,25,10,5,15,10,30
20250402,18:45,100,50,40,30,100,70,60,CLOSED,70,90,-,-,-,15,-,-,5,20,5,15,-,15,10,5,5,CLOSED,-,5,5,5,15,10,10
20250402,19:15,80,40,10,30,90,90,50,CLOSED,40,60,-,-,-,20,-,-,5,15,5,15,-,15,5,5,5,CLOSED,-,10,5,5,5,5,5
20250402,19:45,70,30,10,30,70,80,50,CLOSED,40,50,-,-,-,15,-,-,10,15,5,10,-,15,5,5,5,CLOSED,-,10,5,5,5,5,5
20250402,20:15,50,25,20,30,-,-,50,CLOSED,30,40,5,5,-,20,-,-,5,15,5,15,5,15,5,5,5,CLOSED,-,10,5,5,5,5,5
20250402,20:45,-,20,10,-,-,-,20,CLOSED,-,-,5,10,-,15,-,-,5,15,5,10,5,-,5,5,5,CLOSED,-,5,5,5,5,5,5
20250402,21:15,-,-,-,-,-,-,-,CLOSED,-,-,-,-,-,-,-,-,-,-,-,-,-,-,-,-,-,CLOSED,-,-,-,-,-,-,-
20250402,21:45,-,-,-,-,-,-,-,CLOSED,-,-,-,-,-,-,-,-,-,-,-,-,-,-,-,-,-,CLOSED,-,-,-,-,-,-,-
20250403,07:15,-,-,-,-,-,-,-,CLOSED,-,-,-,-,-,-,-,-,-,-,-,-,-,-,-,-,-,CLOSED,-,-,-,-,-,-,-
20250403,07:45,-,-,-,-,-,-,-,CLOSED,-,-,-,-,-,-,-,-,-,-,-,-,-,-,-,-,-,CLOSED,-,-,-,-,-,-,-
20250403,08:15,-,-,-,-,-,-,-,CLOSED,-,-,-,-,-,-,-,-,-,-,-,-,-,-,-,-,-,CLOSED,-,-,-,-,-,-,-
20250403,08:45,-,-,-,-,-,-,-,CLOSED,-,-,-,-,-,-,-,-,-,-,-,-,-,-,-,-,-,CLOSED,-,-,-,-,-,-,-
20250403,09:15,90,40,-,35,140,50,50,CLOSED,5,50,10,5,-,15,-,-,5,15,5,5,5,-,5,5,-,CLOSED,-,5,5,5,5,5,5
20250403,09:45,160,90,-,60,140,60,90,CLOSED,40,80,10,5,-,20,-,-,5,15,5,5,5,-,5,5,-,CLOSED,-,5,5,5,5,5,5
20250403,10:15,160,120,10,60,160,100,80,CLOSED,60,100,10,5,-,40,-,-,5,30,5,5,5,15,5,5,5,CLOSED,-,5,5,5,10,15,40
20250403,10:45,160,120,90,40,160,120,120,CLOSED,60,120,20,20,-,40,-,5,25,40,5,5,5,15,5,5,5,CLOSED,-,10,5,15,20,20,50
20250403,11:15,140,100,90,50,90,90,100,CLOSED,70,120,10,5,-,20,5,5,20,50,5,5,5,15,15,5,5,CLOSED,-,25,10,20,40,25,60
20250403,11:45,120,100,80,50,120,80,90,CLOSED,60,80,5,5,-,20,5,5,25,40,5,5,5,15,10,5,5,CLOSED,-,25,10,20,30,20,60
20250403,12:15,120,100,60,40,120,80,80,CLOSED,50,70,5,5,5,30,5,5,15,40,15,10,5,15,10,5,5,CLOSED,-,25,10,15,30,20,40
20250403,12:45,100,70,60,40,100,70,100,CLOSED,70,100,5,5,5,15,5,5,15,40,5,20,5,15,10,5,5,CLOSED,-,15,10,15,30,25,20
20250403,13:15,140,70,70,40,90,60,90,CLOSED,60,120,5,5,5,25,5,5,25,50,5,15,5,15,10,5,5,CLOSED,-,25,5,15,25,20,40
20250403,13:45,120,100,70,40,140,80,80,CLOSED,60,90,10,5,5,30,5,5,15,30,-,15,5,15,5,5,5,CLOSED,-,5,5,20,30,25,40
20250403,14:15,120,90,70,40,140,90,120,CLOSED,50,100,5,5,5,20,5,5,10,40,-,15,5,15,5,5,5,CLOSED,-,10,5,20,40,30,30
20250403,14:45,-,100,80,50,140,70,120,CLOSED,60,100,5,5,5,40,5,5,25,40,5,15,5,15,10,5,5,CLOSED,-,25,5,25,30,30,30
20250403,15:15,160,90,80,40,120,70,90,CLOSED,70,120,10,5,5,30,5,5,20,60,5,20,15,15,5,5,5,CLOSED,-,15,5,20,40,30,40
20250403,15:45,140,90,60,40,90,60,100,CLOSED,70,100,10,5,5,20,5,5,20,50,10,20,10,15,15,5,5,CLOSED,-,25,5,20,40,25,40
20250403,16:15,100,90,60,40,140,80,100,CLOSED,70,90,10,5,5,30,5,5,15,30,5,15,20,15,15,5,5,CLOSED,-,25,5,20,25,15,40
20250403,16:45,100,80,60,40,140,80,120,CLOSED,70,100,10,5,5,30,5,5,20,40,-,20,15,15,10,5,5,CLOSED,-,25,5,15,25,15,30
20250403,17:15,100,80,50,40,140,60,100,CLOSED,70,100,-,5,5,20,-,-,15,40,-,15,-,15,10,5,5,CLOSED,-,25,15,10,25,20,20
20250403,17:45,120,80,50,50,120,60,90,CLOSED,70,90,-,-,5,20,-,-,15,30,-,10,-,15,15,5,5,CLOSED,-,20,15,10,25,20,25
20250403,18:15,90,70,50,30,100,70,80,CLOSED,80,90,-,-,-,20,-,-,20,40,10,15,-,15,10,5,5,CLOSED,-,25,5,10,20,15,25
20250403,18:45,80,50,40,30,120,70,80,CLOSED,80,80,-,-,-,15,-,-,5,20,10,20,-,15,10,5,5,CLOSED,-,15,5,10,15,10,20
20250403,19:15,80,40,20,30,100,70,60,CLOSED,50,70,-,-,-,20,-,-,20,15,5,15,-,15,10,5,5,CLOSED,-,15,5,5,5,5,5
20250403,19:45,100,30,30,30,80,50,60,CLOSED,50,60,-,-,-,20,-,-,15,15,5,10,-,15,10,5,5,CLOSED,-,5,5,5,5,5,5
20250403,20:15,-,30,20,30,-,50,60,CLOSED,40,30,5,5,-,20,-,-,5,15,5,10,5,15,10,5,5,CLOSED,-,5,5,5,5,5,5
20250403,20:45,-,20,10,-,-,30,30,CLOSED,-,-,5,15,-,25,-,-,5,15,10,15,5,-,5,5,5,CLOSED,-,5,5,5,5,5,5
20250403,21:15,-,-,-,-,-,-,-,CLOSED,-,-,-,-,-,-,-,-,-,-,-,-,-,-,-,-,-,CLOSED,-,-,-,-,-,-,-
20250403,21:45,-,-,-,-,-,-,-,CLOSED,-,-,-,-,-,-,-,-,-,-,-,-,-,-,-,-,-,CLOSED,-,-,-,-,-,-,-
20250404,07:15,-,-,-,-,-,-,-,CLOSED,-,-,-,-,-,-,-,-,-,-,-,-,-,-,-,-,-,CLOSED,-,-,-,-,-,-,-
20250404,07:45,-,-,-,-,-,-,-,CLOSED,-,-,-,-,-,-,-,-,-,-,-,-,-,-,-,-,-,CLOSED,-,-,-,-,-,-,-
20250404,08:15,-,-,-,-,-,-,-,CLOSED,-,-,-,-,-,-,-,-,-,-,-,-,-,-,-,-,-,CLOSED,-,-,-,-,-,-,-
20250404,08:45,-,-,-,-,-,-,-,CLOSED,-,-,-,-,-,-,-,-,-,-,-,-,-,-,-,-,-,CLOSED,-,-,-,-,-,-,-
20250404,09:15,150,50,25,30,180,50,50,CLOSED,5,60,5,5,-,20,-,-,5,15,5,5,5,-,5,5,-,CLOSED,-,5,5,5,5,5,5
20250404,09:45,160,120,90,60,140,70,120,CLOSED,70,120,15,5,-,20,-,-,5,15,5,5,5,-,5,5,-,CLOSED,-,5,5,5,5,5,10
20250404,10:15,160,140,80,80,180,140,160,CLOSED,80,140,20,25,-,30,-,-,15,30,15,5,5,15,20,5,5,CLOSED,-,40,15,5,10,5,50
20250404,10:45,200,140,120,80,160,140,140,CLOSED,100,180,30,30,-,50,-,5,25,60,40,5,5,15,25,5,5,CLOSED,-,40,30,20,30,20,40
20250404,11:15,220,140,140,80,160,140,160,CLOSED,120,180,30,35,-,30,5,5,25,60,40,10,5,15,30,5,5,CLOSED,-,40,30,20,40,30,70
20250404,11:45,240,140,120,70,140,140,100,CLOSED,100,140,15,25,-,40,5,5,25,60,40,15,5,30,40,5,5,CLOSED,-,40,25,30,40,25,50
20250404,12:15,220,120,120,70,140,140,120,CLOSED,120,160,10,15,5,40,5,5,20,70,-,20,10,30,40,10,5,CLOSED,-,40,30,20,40,25,60
20250404,12:45,180,120,100,70,180,120,140,CLOSED,100,180,5,15,10,50,5,5,20,70,-,20,10,30,30,10,15,CLOSED,-,40,40,-,40,40,60
20250404,13:15,180,120,120,60,160,140,140,CLOSED,100,180,10,25,10,30,5,5,30,50,30,20,20,30,35,10,20,CLOSED,-,40,25,5,50,25,60
20250404,13:45,180,100,120,60,140,160,160,CLOSED,100,160,15,25,10,30,10,10,15,50,40,20,25,30,35,10,5,CLOSED,-,50,30,25,30,25,50
20250404,14:15,180,140,100,70,180,140,140,CLOSED,120,120,20,20,10,40,10,15,20,70,40,20,15,30,30,10,5,CLOSED,-,40,30,25,40,25,50
20250404,14:45,160,140,100,70,200,140,140,CLOSED,100,140,10,30,10,50,5,10,30,80,40,25,20,30,30,10,5,CLOSED,-,40,25,30,40,25,50
20250404,15:15,200,140,120,70,180,160,120,CLOSED,100,180,15,25,10,50,5,10,25,80,40,25,25,30,30,10,20,CLOSED,-,40,25,25,30,30,60
20250404,15:45,160,120,100,70,160,160,140,CLOSED,100,180,15,25,10,40,5,10,25,50,40,20,20,30,30,10,15,CLOSED,-,50,30,25,40,30,50
20250404,16:15,180,140,120,70,160,140,160,CLOSED,120,160,15,30,10,40,5,10,25,50,40,20,20,30,40,10,10,CLOSED,-,40,30,25,40,30,50
20250404,16:45,140,140,100,70,160,160,160,CLOSED,120,180,20,30,10,40,5,5,25,50,40,20,20,30,30,10,5,CLOSED,-,40,30,20,30,30,50
20250404,17:15,160,140,100,60,160,160,140,CLOSED,100,140,-,-,10,40,-,-,20,50,30,20,-,15,30,5,10,CLOSED,-,40,25,20,30,25,40
20250404,17:45,160,120,80,60,140,140,120,CLOSED,100,140,-,-,10,40,-,-,30,70,30,20,-,30,40,5,5,CLOSED,-,40,25,15,30,20,40
20250404,18:15,160,100,90,60,160,140,100,CLOSED,80,160,-,-,-,20,-,-,20,50,30,25,-,15,20,5,5,CLOSED,-,30,20,15,40,25,40
20250404,18:45,140,80,90,60,140,120,90,CLOSED,80,120,-,-,-,20,-,-,20,30,20,25,-,15,20,5,5,CLOSED,-,30,20,15,30,15,20
20250404,19:15,120,80,60,40,140,100,90,CLOSED,70,100,-,-,-,20,-,-,5,20,15,20,-,15,15,5,5,CLOSED,-,15,5,10,20,15,10
20250404,19:45,-,70,40,40,90,80,90,CLOSED,70,70,-,-,-,20,-,-,10,30,10,15,-,15,15,5,5,CLOSED,-,15,10,10,15,10,25
20250404,20:15,-,50,40,40,-,-,-,CLOSED,60,-,5,15,-,15,-,-,5,30,15,20,5,15,15,5,5,CLOSED,-,25,10,10,20,10,20
20250404,20:45,-,-,-,-,-,-,-,CLOSED,-,-,5,10,-,15,-,-,5,20,15,15,5,-,15,5,5,CLOSED,-,20,10,10,15,10,20
20250404,21:15,-,-,-,-,-,-,-,CLOSED,-,-,-,-,-,-,-,-,-,-,-,-,-,-,-,-,-,CLOSED,-,-,-,-,-,-,-
20250404,21:45,-,-,-,-,-,-,-,CLOSED,-,-,-,-,-,-,-,-,-,-,-,-,-,-,-,-,-,CLOSED,-,-,-,-,-,-,-
20250405,07:15,-,-,-,-,-,-,-,CLOSED,-,-,-,-,-,-,-,-,-,-,-,-,-,-,-,-,-,CLOSED,-,-,-,-,-,-,-
20250405,07:45,-,-,-,-,-,-,-,CLOSED,-,-,-,-,-,-,-,-,-,-,-,-,-,-,-,-,-,CLOSED,-,-,-,-,-,-,-
20250405,08:15,-,-,-,-,-,-,-,CLOSED,-,-,-,-,-,-,-,-,-,-,-,-,-,-,-,-,-,CLOSED,-,-,-,-,-,-,-
20250405,08:45,-,-,-,-,-,-,-,CLOSED,-,-,-,-,-,-,-,-,-,-,-,-,-,-,-,-,-,CLOSED,-,-,-,-,-,-,-
20250405,09:15,-,90,40,40,160,60,70,CLOSED,5,60,5,5,-,20,-,-,5,15,5,5,5,-,5,5,-,CLOSED,-,-,5,5,5,5,5
20250405,09:45,-,160,180,70,180,120,180,CLOSED,70,140,15,5,-,20,-,-,5,15,10,5,5,-,10,5,-,CLOSED,-,20,5,5,5,5,15
20250405,10:15,-,160,140,90,180,140,140,CLOSED,100,140,20,30,-,40,-,-,15,40,20,5,5,15,15,5,5,CLOSED,-,40,20,5,10,10,50
20250405,10:45,-,180,160,90,180,160,140,CLOSED,120,180,30,40,-,60,-,5,30,70,40,10,5,15,30,5,5,CLOSED,-,40,25,20,30,20,30
20250405,11:15,90,220,140,100,180,180,160,CLOSED,100,180,20,20,-,50,5,5,20,70,40,10,5,30,30,10,10,CLOSED,-,50,40,20,40,30,50
20250405,11:45,240,220,120,70,180,140,140,CLOSED,90,140,10,25,-,30,5,5,25,50,30,10,5,30,20,10,10,CLOSED,-,60,30,25,40,25,50
20250405,12:15,220,140,120,70,120,140,100,CLOSED,80,140,10,15,5,30,5,5,20,60,30,15,5,30,20,10,5,CLOSED,-,50,25,20,30,20,80
20250405,12:45,200,100,120,70,160,70,120,CLOSED,90,140,10,25,5,20,5,5,10,50,30,15,5,30,30,10,5,CLOSED,-,30,30,20,25,20,50
20250405,13:15,180,100,120,80,160,100,120,CLOSED,90,140,10,15,5,40,5,5,25,60,30,20,15,30,30,10,5,CLOSED,-,40,25,15,30,20,30
20250405,13:45,200,120,120,70,160,120,140,CLOSED,90,120,20,15,5,40,5,5,25,70,40,20,15,30,30,10,5,CLOSED,-,40,25,20,25,20,50
20250405,14:15,240,120,120,70,140,120,120,CLOSED,140,120,15,20,10,50,10,5,30,50,40,20,15,30,30,15,15,CLOSED,-,40,30,20,25,20,40
20250405,14:45,240,140,100,90,160,120,120,CLOSED,140,160,25,30,5,40,5,10,20,70,30,25,25,45,30,15,10,CLOSED,-,50,30,25,30,30,50
20250405,15:15,220,140,140,80,180,100,140,CLOSED,120,140,20,30,15,40,10,10,25,80,50,25,25,30,40,15,10,CLOSED,-,50,40,20,40,25,50
20250405,15:45,200,140,120,80,180,140,160,CLOSED,90,140,20,25,15,50,10,10,20,50,40,25,25,30,30,15,10,CLOSED,-,40,25,20,40,40,40
20250405,16:15,160,140,100,70,180,140,160,CLOSED,120,120,20,40,15,40,10,15,25,50,30,20,15,45,30,10,15,CLOSED,-,40,30,25,30,30,50
20250405,16:45,180,120,100,80,160,120,90,CLOSED,90,120,20,35,15,50,10,15,25,40,30,20,30,45,40,10,15,CLOSED,-,40,25,25,30,25,50
20250405,17:15,180,120,120,70,140,120,120,CLOSED,90,140,-,-,5,40,-,-,20,60,30,25,-,15,30,10,10,CLOSED,-,40,30,20,30,25,30
20250405,17:45,160,120,90,60,140,100,120,CLOSED,90,140,-,-,5,50,-,-,30,60,30,25,-,30,25,10,5,CLOSED,-,40,25,15,20,20,30
20250405,18:15,160,90,90,60,140,120,120,CLOSED,90,120,-,-,-,20,-,-,20,30,30,25,-,15,25,5,5,CLOSED,-,40,20,20,30,20,40
20250405,18:45,140,80,70,50,120,90,100,CLOSED,70,100,-,-,-,20,-,-,20,40,20,20,-,15,25,5,5,CLOSED,-,50,20,10,25,20,30
20250405,19:15,-,70,50,40,120,100,100,CLOSED,50,90,-,-,-,20,-,-,5,20,10,15,-,15,10,5,5,CLOSED,-,25,5,5,10,15,5
20250405,19:45,-,70,50,50,100,100,100,CLOSED,60,80,-,-,-,15,-,-,15,30,10,15,-,15,15,5,5,CLOSED,-,30,10,5,10,5,15
20250405,20:15,-,-,50,50,-,-,-,CLOSED,50,-,5,5,-,20,-,-,15,40,20,20,5,15,25,5,5,CLOSED,-,30,15,10,20,15,15
20250405,20:45,-,-,-,-,-,-,-,CLOSED,-,-,5,30,-,15,-,-,5,20,15,15,10,-,20,5,5,CLOSED,-,-,15,5,15,10,10
20250405,21:15,-,-,-,-,-,-,-,CLOSED,-,-,-,-,-,-,-,-,-,-,-,-,-,-,-,-,-,CLOSED,-,-,-,-,-,-,-
20250405,21:45,-,-,-,-,-,-,-,CLOSED,-,-,-,-,-,-,-,-,-,-,-,-,-,-,-,-,-,CLOSED,-,-,-,-,-,-,-
20250406,07:15,-,-,-,-,-,-,-,CLOSED,-,-,-,-,-,-,-,-,-,-,-,-,-,-,-,-,-,CLOSED,-,-,-,-,-,-,-
20250406,07:45,-,-,-,-,-,-,-,CLOSED,-,-,-,-,-,-,-,-,-,-,-,-,-,-,-,-,-,CLOSED,-,-,-,-,-,-,-
20250406,08:15,-,-,-,-,-,-,-,CLOSED,-,-,-,-,-,-,-,-,-,-,-,-,-,-,-,-,-,CLOSED,-,-,-,-,-,-,-
20250406,08:45,-,-,-,-,-,-,-,CLOSED,-,-,-,-,-,-,-,-,-,-,-,-,-,-,-,-,-,CLOSED,-,-,-,-,-,-,-
20250406,09:15,140,60,25,40,160,50,50,CLOSED,5,70,5,5,-,20,-,-,5,15,5,5,5,-,5,5,-,CLOSED,-,5,5,5,5,5,5
20250406,09:45,180,140,120,60,160,120,140,CLOSED,70,100,20,5,-,20,-,-,5,15,5,5,5,-,5,5,-,CLOSED,-,15,5,5,5,5,10
20250406,10:15,200,100,140,90,160,160,140,CLOSED,100,160,20,35,-,40,-,-,20,40,20,5,5,5,10,5,5,CLOSED,-,40,20,5,20,10,40
20250406,10:45,220,140,160,100,140,140,160,CLOSED,100,160,20,40,-,40,-,5,15,40,30,5,5,15,25,5,5,CLOSED,-,50,25,15,20,20,30
20250406,11:15,260,160,-,80,140,120,140,CLOSED,160,120,10,25,-,15,5,5,20,50,30,10,5,15,30,5,5,CLOSED,-,40,20,15,25,20,30
20250406,11:45,220,120,-,60,140,120,120,CLOSED,140,140,5,15,-,40,5,5,25,40,25,10,5,15,15,5,10,CLOSED,-,40,20,20,25,15,50
20250406,12:15,140,100,-,60,140,120,80,CLOSED,90,160,5,5,5,25,5,5,15,50,25,15,5,15,25,10,5,CLOSED,-,50,20,10,20,20,30
20250406,12:45,160,9,90,50,120,100,100,CLOSED,90,160,5,5,5,30,5,5,15,40,25,10,5,30,20,5,5,CLOSED,-,40,20,15,25,20,40
20250406,13:15,120,90,90,50,140,100,120,CLOSED,70,140,5,5,5,40,5,5,25,40,20,15,5,30,15,10,5,CLOSED,-,40,20,20,25,25,30
20250406,13:45,160,100,120,50,160,120,120,CLOSED,90,140,5,15,5,40,5,5,25,50,5,20,10,30,10,10,5,CLOSED,-,30,5,20,40,25,40
20250406,14:15,160,100,120,60,180,120,120,CLOSED,90,160,5,15,5,40,5,5,25,40,5,25,10,30,5,10,5,CLOSED,-,30,5,25,40,30,30
20250406,14:45,160,120,90,60,140,100,140,CLOSED,80,120,5,10,5,40,5,5,20,50,25,15,10,15,40,5,5,CLOSED,-,40,30,15,40,30,40
20250406,15:15,140,100,90,60,140,90,140,CLOSED,100,120,10,20,10,40,5,5,15,30,30,20,10,15,25,5,5,CLOSED,-,40,20,15,20,20,30
20250406,15:45,140,100,120,60,140,120,120,CLOSED,90,120,10,20,5,30,5,5,15,50,25,15,15,15,30,5,5,CLOSED,-,50,20,15,25,20,30
20250406,16:15,140,9,100,60,140,90,100,CLOSED,90,100,15,20,5,40,5,5,20,40,25,20,20,30,25,5,5,CLOSED,-,30,25,10,20,20,30
20250406,16:45,140,80,100,60,160,90,120,CLOSED,90,120,15,20,5,40,5,5,20,50,20,20,20,15,25,5,5,CLOSED,-,30,20,10,20,20,25
20250406,17:15,140,9,100,60,140,100,120,CLOSED,90,120,20,15,5,20,-,-,20,40,20,20,-,15,20,5,5,CLOSED,-,50,20,10,20,20,20
20250406,17:45,140,9,100,50,140,90,120,CLOSED,70,100,20,-,5,30,-,-,20,40,20,20,-,30,25,5,5,CLOSED,-,40,20,10,25,15,20
20250406,18:15,160,9,120,50,140,80,100,CLOSED,80,90,-,-,-,15,-,-,20,40,15,20,-,15,15,5,5,CLOSED,-,30,15,10,20,15,30
20250406,18:45,140,80,70,40,120,80,90,CLOSED,70,90,-,-,-,15,-,-,10,30,15,20,-,15,15,5,5,CLOSED,-,30,15,5,15,15,15
20250406,19:15,120,60,40,40,120,100,50,CLOSED,50,80,-,-,-,15,-,-,5,15,5,15,-,15,15,5,5,CLOSED,-,15,5,5,15,5,5
20250406,19:45,80,50,40,40,100,100,100,CLOSED,50,80,-,-,-,15,-,-,5,20,5,15,-,15,5,5,5,CLOSED,-,25,5,5,5,5,5
20250406,20:15,-,60,40,40,-,-,70,CLOSED,70,50,-,-,-,20,-,-,5,20,5,15,-,15,15,5,5,CLOSED,-,25,5,5,5,10,5
20250406,20:45,-,30,-,-,-,-,40,CLOSED,-,-,5,15,-,20,-,-,5,15,5,15,5,-,10,5,5,CLOSED,-,25,5,5,5,10,5
20250406,21:15,-,-,-,-,-,-,-,CLOSED,-,-,-,-,-,-,-,-,-,-,-,-,-,-,-,-,-,CLOSED,-,-,-,-,-,-,-
20250406,21:45,-,-,-,-,-,-,-,CLOSED,-,-,-,-,-,-,-,-,-,-,-,-,-,-,-,-,-,CLOSED,-,-,-,-,-,-,-
20250407,07:15,-,-,-,-,-,-,-,CLOSED,-,-,-,-,-,-,-,-,-,-,-,-,-,-,-,-,-,CLOSED,-,-,-,-,-,-,-
20250407,07:45,-,-,-,-,-,-,-,CLOSED,-,-,-,-,-,-,-,-,-,-,-,-,-,-,-,-,-,CLOSED,-,-,-,-,-,-,-
20250407,08:15,-,-,-,-,-,-,-,CLOSED,-,-,-,-,-,-,-,-,-,-,-,-,-,-,-,-,-,CLOSED,-,-,-,-,-,-,-
20250407,08:45,-,-,-,-,-,-,-,CLOSED,-,-,-,-,-,-,-,-,-,-,-,-,-,-,-,-,-,CLOSED,-,-,-,-,-,-,-
20250407,09:15,-,70,25,40,140,60,70,CLOSED,5,70,5,5,-,15,-,-,5,15,5,5,5,-,5,5,-,CLOSED,-,5,5,5,5,5,5
20250407,09:45,-,140,130,60,160,80,90,CLOSED,60,100,-,5,-,15,-,-,10,15,5,5,5,-,5,5,-,CLOSED,-,15,5,5,5,5,20
20250407,10:15,90,140,80,80,160,90,100,CLOSED,80,120,-,-,-,40,-,-,25,30,15,5,-,15,20,5,5,CLOSED,-,40,25,10,20,20,40
20250407,10:45,180,160,90,50,120,100,90,CLOSED,70,120,-,-,-,20,-,-,20,50,40,5,-,15,20,5,5,CLOSED,-,30,15,15,25,25,40
20250407,11:15,200,120,100,60,100,80,70,CLOSED,70,-,10,5,-,15,5,5,25,30,40,15,5,15,20,5,5,CLOSED,-,30,20,15,25,15,60
20250407,11:45,180,90,80,60,100,70,80,CLOSED,60,-,10,10,-,40,5,5,25,40,30,15,5,15,20,5,5,CLOSED,-,40,15,10,25,20,40
20250407,12:15,140,70,80,-,120,120,80,CLOSED,80,-,5,10,5,15,5,5,20,40,20,15,10,15,20,5,5,CLOSED,-,40,15,10,25,15,30
20250407,12:45,140,80,70,60,120,90,90,CLOSED,60,30,-,5,5,20,5,-,10,40,20,10,-,15,20,5,5,CLOSED,-,40,15,10,25,20,25
20250407,13:15,160,90,70,50,100,90,100,CLOSED,50,140,-,-,5,20,5,-,25,30,20,20,-,15,20,5,5,CLOSED,-,40,15,5,20,15,30
20250407,13:45,-,80,70,40,140,90,50,CLOSED,80,100,10,10,5,15,5,5,20,40,30,20,5,15,20,5,5,CLOSED,-,40,15,10,20,20,25
20250407,14:15,-,100,80,70,120,120,90,CLOSED,70,120,5,10,5,20,5,5,15,30,30,15,5,15,20,5,5,CLOSED,-,40,15,10,25,10,25
20250407,14:45,-,100,80,60,120,100,90,CLOSED,60,70,15,10,5,25,5,5,25,40,20,15,15,15,25,5,5,CLOSED,-,40,20,10,25,15,25
20250407,15:15,-,100,70,60,120,70,80,CLOSED,70,200,-,-,5,30,5,-,20,40,30,20,-,15,25,5,5,CLOSED,-,40,20,10,25,20,25
20250407,15:45,-,120,80,60,100,90,80,CLOSED,70,180,-,-,5,20,5,-,20,40,25,25,-,15,20,5,5,CLOSED,-,30,20,10,30,20,40
20250407,16:15,300,100,70,60,120,90,80,CLOSED,80,160,5,10,5,20,5,5,15,40,20,20,5,15,20,5,5,CLOSED,-,40,15,15,20,20,25
20250407,16:45,210,100,60,60,120,100,80,CLOSED,70,140,10,25,5,20,5,5,25,30,20,15,20,15,20,5,5,CLOSED,-,30,15,10,20,15,25
20250407,17:15,240,90,60,50,120,100,90,CLOSED,70,120,10,20,5,15,-,5,15,40,20,20,15,15,20,5,5,CLOSED,-,25,15,10,20,15,15
20250407,17:45,220,70,60,50,100,100,90,CLOSED,70,120,-,-,5,15,-,-,25,30,15,20,-,15,15,5,5,CLOSED,-,30,15,10,20,15,25
20250407,18:15,60,80,50,50,90,90,70,CLOSED,60,100,-,-,-,15,-,-,25,30,20,20,-,15,20,5,5,CLOSED,-,30,15,10,15,15,30
20250407,18:45,140,70,40,40,60,70,60,CLOSED,50,100,-,-,-,15,-,-,5,20,20,25,-,15,15,5,5,CLOSED,-,30,10,5,20,15,5
20250407,19:15,100,70,25,40,90,70,40,CLOSED,40,80,-,-,-,15,-,-,5,15,5,15,-,15,5,5,5,CLOSED,-,15,5,5,10,5,5
20250407,19:45,100,50,30,40,70,60,50,CLOSED,30,50,-,-,-,15,-,-,5,20,5,10,-,15,5,5,5,CLOSED,-,15,5,5,5,5,5
20250407,20:15,-,40,20,40,-,-,50,CLOSED,40,50,-,-,-,15,-,-,5,15,5,15,-,15,10,5,5,CLOSED,-,15,5,5,5,5,5
20250407,20:45,-,-,10,-,-,-,40,CLOSED,-,-,5,20,-,15,-,-,5,15,5,15,5,-,5,5,5,CLOSED,-,15,5,5,5,5,5
20250407,21:15,-,-,-,-,-,-,-,CLOSED,-,-,-,-,-,-,-,-,-,-,-,-,-,-,-,-,-,CLOSED,-,-,-,-,-,-,-
20250407,21:45,-,-,-,-,-,-,-,CLOSED,-,-,-,-,-,-,-,-,-,-,-,-,-,-,-,-,-,CLOSED,-,-,-,-,-,-,-
20250408,07:15,-,-,-,-,-,-,-,CLOSED,-,-,-,-,-,CLOSED,-,-,-,-,-,-,-,-,-,-,-,CLOSED,-,-,-,-,-,-,-
20250408,07:45,-,-,-,-,-,-,-,CLOSED,-,-,-,-,-,CLOSED,-,-,-,-,-,-,-,-,-,-,-,CLOSED,-,-,-,-,-,-,-
20250408,08:15,-,-,-,-,-,-,-,CLOSED,-,-,-,-,-,CLOSED,-,-,-,-,-,-,-,-,-,-,-,CLOSED,-,-,-,-,-,-,-
20250408,08:45,-,-,-,-,-,-,-,CLOSED,-,-,-,-,-,CLOSED,-,-,-,-,-,-,-,-,-,-,-,CLOSED,-,-,-,-,-,-,-
20250408,09:15,100,30,20,25,120,20,50,CLOSED,5,60,5,5,-,CLOSED,-,-,5,15,5,5,5,-,5,5,-,CLOSED,-,5,5,5,5,5,5
20250408,09:45,270,90,60,70,140,80,-,CLOSED,50,90,20,5,-,CLOSED,-,-,10,15,-,5,5,-,5,5,-,CLOSED,-,5,5,5,5,5,5
20250408,10:15,300,120,100,70,160,80,-,CLOSED,80,140,-,-,-,CLOSED,-,-,25,30,-,5,-,15,15,5,5,CLOSED,-,30,20,5,15,10,30
20250408,10:45,300,120,90,80,120,90,-,CLOSED,60,180,-,-,-,CLOSED,-,-,30,50,30,10,-,15,20,5,5,CLOSED,-,40,25,20,20,20,60
20250408,11:15,320,100,100,70,120,120,80,CLOSED,70,-,20,10,-,CLOSED,5,5,25,40,40,15,5,15,15,5,5,CLOSED,-,40,20,20,40,20,60
20250408,11:45,280,80,120,70,100,180,90,CLOSED,90,-,20,25,-,CLOSED,5,5,20,40,25,15,5,15,30,10,5,CLOSED,-,40,20,20,30,30,60
20250408,12:15,240,100,-,80,140,160,140,CLOSED,90,90,25,20,5,CLOSED,5,5,20,50,25,15,15,30,25,5,5,CLOSED,-,50,25,20,30,25,-
20250408,12:45,-,120,-,60,100,100,90,CLOSED,90,140,-,-,5,CLOSED,5,-,20,50,30,20,-,15,25,10,5,CLOSED,-,50,20,15,40,25,-
20250408,13:15,200,100,50,70,140,80,100,CLOSED,80,120,-,-,5,CLOSED,5,-,25,60,30,20,-,30,30,15,5,CLOSED,-,50,20,15,25,25,-
20250408,13:45,180,100,120,60,180,120,120,CLOSED,80,60,15,5,5,CLOSED,5,5,20,50,25,20,10,15,20,10,5,CLOSED,-,30,20,15,25,25,50
20250408,14:15,140,90,100,60,160,160,120,CLOSED,80,140,15,20,5,CLOSED,5,5,20,50,20,20,20,15,20,10,5,CLOSED,-,40,15,10,25,15,40
20250408,14:45,200,120,90,60,120,100,120,CLOSED,90,140,-,-,5,CLOSED,5,5,20,40,30,25,-,15,25,10,5,CLOSED,-,40,15,10,25,15,50
20250408,15:15,200,120,90,70,120,100,120,CLOSED,80,160,-,-,5,CLOSED,5,-,25,50,-,25,-,15,15,10,5,CLOSED,-,30,25,-,25,20,50
20250408,15:45,160,120,120,70,140,140,100,CLOSED,80,120,-,-,5,CLOSED,5,-,20,60,-,25,-,20,25,5,5,CLOSED,-,50,25,15,25,15,50
20250408,16:15,-,120,120,60,160,140,120,CLOSED,80,120,15,30,5,CLOSED,5,5,10,50,10,20,20,20,25,5,5,CLOSED,-,30,15,15,30,25,50
20250408,16:45,-,90,100,60,160,140,120,CLOSED,80,160,20,30,5,CLOSED,5,5,25,30,20,20,30,20,25,5,5,CLOSED,-,40,15,10,30,20,40
20250408,17:15,-,100,90,60,120,140,100,CLOSED,90,140,10,25,5,CLOSED,-,5,15,40,25,20,20,20,15,5,5,CLOSED,-,30,20,15,20,20,30
20250408,17:45,-,100,90,60,160,140,90,CLOSED,60,100,-,-,5,CLOSED,-,-,25,40,25,25,-,20,15,5,5,CLOSED,-,30,10,10,20,20,40
20250408,18:15,-,80,70,60,140,140,90,CLOSED,80,120,-,-,-,CLOSED,-,-,20,30,20,20,-,20,20,5,5,CLOSED,-,40,15,10,20,20,30
20250408,18:45,-,70,60,50,120,120,90,CLOSED,60,100,-,-,-,CLOSED,-,-,20,20,15,20,-,20,10,5,5,CLOSED,-,15,10,10,15,10,25
20250408,19:15,-,70,60,50,100,90,80,CLOSED,50,90,-,-,-,CLOSED,-,-,10,15,5,20,-,20,10,5,5,CLOSED,-,20,5,5,15,10,5
20250408,19:45,-,60,40,40,100,80,60,CLOSED,30,80,-,-,-,CLOSED,-,-,5,15,5,15,-,15,10,5,5,CLOSED,-,15,-,5,10,5,5
20250408,20:15,-,50,40,40,-,-,60,CLOSED,50,70,-,-,-,CLOSED,-,-,15,15,10,15,-,15,5,5,5,CLOSED,-,25,5,5,5,5,5
20250408,20:45,-,-,30,-,-,-,-,CLOSED,50,-,5,15,-,CLOSED,-,-,5,15,5,20,5,-,10,5,5,CLOSED,-,15,5,5,5,5,5
20250408,21:15,-,-,-,-,-,-,-,CLOSED,-,-,-,-,-,CLOSED,-,-,-,-,-,-,-,-,-,-,-,CLOSED,-,-,-,-,-,-,-
20250408,21:45,-,-,-,-,-,-,-,CLOSED,-,-,-,-,-,CLOSED,-,-,-,-,-,-,-,-,-,-,-,CLOSED,-,-,-,-,-,-,-
20250409,07:15,-,-,-,-,-,-,-,CLOSED,-,-,-,-,-,CLOSED,-,-,-,-,-,-,-,-,-,-,-,CLOSED,-,-,-,-,-,-,-
20250409,07:45,-,-,-,-,-,-,-,CLOSED,-,-,-,-,-,CLOSED,-,-,-,-,-,-,-,-,-,-,-,CLOSED,-,-,-,-,-,-,-
20250409,08:15,-,-,-,-,-,-,-,CLOSED,-,-,-,-,-,CLOSED,-,-,-,-,-,-,-,-,-,-,-,CLOSED,-,-,-,-,-,-,-
20250409,08:45,-,-,-,-,-,-,-,CLOSED,-,-,-,-,-,CLOSED,-,-,-,-,-,-,-,-,-,-,-,CLOSED,-,-,-,-,-,-,-
20250409,09:15,100,30,15,30,100,40,50,CLOSED,5,50,5,5,-,CLOSED,-,-,5,15,5,5,5,-,5,5,-,CLOSED,-,5,5,5,5,5,5
20250409,09:45,280,120,100,60,140,60,90,CLOSED,40,60,20,10,-,CLOSED,-,-,5,15,5,5,5,-,5,5,-,CLOSED,-,5,5,5,5,5,5
20250409,10:15,280,160,100,80,160,80,120,CLOSED,50,140,-,-,-,CLOSED,-,-,15,20,10,5,-,15,10,5,5,CLOSED,-,30,10,5,10,5,30
20250409,10:45,220,120,120,70,140,140,140,CLOSED,70,120,-,-,-,CLOSED,-,-,30,60,40,15,-,15,20,5,5,CLOSED,-,30,25,15,20,20,50
20250409,11:15,160,140,120,60,120,100,140,CLOSED,70,120,20,10,-,CLOSED,5,5,25,70,40,15,5,15,20,10,5,CLOSED,-,50,30,20,30,25,40
20250409,11:45,140,140,90,60,120,100,90,CLOSED,70,140,25,30,-,CLOSED,5,5,25,60,25,15,15,30,25,10,5,CLOSED,-,40,20,20,25,25,40
20250409,12:15,160,120,90,70,120,100,90,CLOSED,60,140,20,25,5,CLOSED,5,5,20,40,30,25,10,15,30,10,5,CLOSED,-,30,20,10,20,15,50
20250409,12:45,180,90,90,70,100,120,80,CLOSED,70,120,-,-,5,CLOSED,5,-,20,40,30,25,-,30,25,15,5,CLOSED,-,50,20,15,30,20,30
20250409,13:15,180,120,90,70,100,100,70,CLOSED,70,100,-,-,5,CLOSED,5,-,25,50,-,25,-,15,25,20,15,CLOSED,-,30,20,15,30,25,30
20250409,13:45,160,120,100,70,140,80,90,CLOSED,60,120,20,10,10,CLOSED,5,5,25,40,-,25,5,30,25,10,10,CLOSED,-,-,20,20,30,25,60
20250409,14:15,160,120,100,60,140,100,120,CLOSED,70,140,25,20,5,CLOSED,5,15,15,50,15,20,30,15,25,15,10,CLOSED,-,-,25,20,30,25,50
20250409,14:45,160,100,100,70,140,120,-,CLOSED,70,160,-,-,5,CLOSED,5,-,30,50,30,25,-,30,20,15,5,CLOSED,-,50,25,20,30,25,30
20250409,15:15,160,140,90,60,120,140,-,CLOSED,70,120,-,-,5,CLOSED,5,-,25,70,30,30,-,15,20,15,5,CLOSED,-,30,20,15,30,25,30
20250409,15:45,140,120,80,60,160,100,-,CLOSED,80,100,-,-,5,CLOSED,5,-,25,50,30,20,-,15,20,5,5,CLOSED,-,50,20,15,25,15,50
20250409,16:15,140,100,90,70,120,100,90,CLOSED,70,120,15,25,10,CLOSED,5,10,15,50,30,25,20,30,25,10,10,CLOSED,-,30,20,15,30,25,50
20250409,16:45,140,120,90,60,100,90,160,CLOSED,60,100,20,40,5,CLOSED,5,15,20,40,30,25,20,30,25,15,10,CLOSED,-,50,15,15,30,25,25
20250409,17:15,140,120,80,70,140,90,160,CLOSED,60,120,15,25,5,CLOSED,-,5,25,50,25,20,-,30,15,5,10,CLOSED,-,50,20,15,20,15,30
20250409,17:45,160,100,80,60,140,100,90,CLOSED,70,90,-,-,5,CLOSED,-,-,25,50,25,30,-,15,20,5,10,CLOSED,-,30,15,5,15,15,30
20250409,18:15,140,90,60,60,120,120,70,CLOSED,70,90,-,-,-,CLOSED,-,-,20,50,25,25,-,15,20,5,10,CLOSED,-,40,15,10,25,15,30
20250409,18:45,140,80,50,50,120,100,90,CLOSED,60,100,-,-,-,CLOSED,-,-,20,30,25,25,-,15,10,5,10,CLOSED,-,20,10,10,15,20,20
20250409,19:15,100,80,50,40,100,100,80,CLOSED,25,70,-,-,-,CLOSED,-,-,10,30,5,20,-,15,10,5,10,CLOSED,-,20,5,5,15,15,5
20250409,19:45,90,60,40,40,70,80,60,CLOSED,40,50,-,-,-,CLOSED,-,-,5,15,5,15,-,15,10,5,5,CLOSED,-,10,5,5,5,5,5
20250409,20:15,-,60,40,40,-,-,70,CLOSED,30,60,-,-,-,CLOSED,-,-,5,30,5,15,-,15,10,5,5,CLOSED,-,10,5,5,5,10,5
20250409,20:45,-,-,-,-,-,-,40,CLOSED,-,-,5,25,-,CLOSED,-,-,5,20,5,10,10,-,10,5,5,CLOSED,-,20,5,5,5,5,5
20250409,21:15,-,-,-,-,-,-,-,CLOSED,-,-,-,-,-,CLOSED,-,-,-,-,-,-,-,-,-,-,-,CLOSED,-,-,-,-,-,-,-
20250409,21:45,-,-,-,-,-,-,-,CLOSED,-,-,-,-,-,CLOSED,-,-,-,-,-,-,-,-,-,-,-,CLOSED,-,-,-,-,-,-,-
20250410,07:15,-,-,-,-,-,-,-,CLOSED,-,-,-,-,-,CLOSED,-,-,-,-,-,-,-,-,-,-,-,CLOSED,-,-,-,-,-,-,-
20250410,07:45,-,-,-,-,-,-,-,CLOSED,-,-,-,-,-,CLOSED,-,-,-,-,-,-,-,-,-,-,-,CLOSED,-,-,-,-,-,-,-
20250410,08:15,-,-,-,-,-,-,-,CLOSED,-,-,-,-,-,CLOSED,-,-,-,-,-,-,-,-,-,-,-,CLOSED,-,-,-,-,-,-,-
20250410,08:45,-,-,-,-,-,-,-,CLOSED,-,-,-,-,-,CLOSED,-,-,-,-,-,-,-,-,-,-,-,CLOSED,-,-,-,-,-,-,-
20250410,09:15,60,40,15,40,120,30,50,CLOSED,5,40,10,5,-,CLOSED,-,-,5,15,5,5,5,-,5,5,-,CLOSED,-,5,5,5,5,5,5
20250410,09:45,180,120,90,50,140,80,100,CLOSED,40,70,-,5,-,CLOSED,-,-,10,15,5,5,5,-,5,5,-,CLOSED,-,5,5,5,5,5,5
20250410,10:15,220,140,100,90,140,60,90,CLOSED,60,100,-,-,-,CLOSED,-,-,15,20,10,5,-,5,5,5,5,CLOSED,-,20,10,5,5,5,40
20250410,10:45,220,120,120,80,120,100,100,CLOSED,60,120,-,-,-,CLOSED,-,-,30,60,40,15,-,15,15,5,5,CLOSED,-,50,15,10,25,15,50
20250410,11:15,200,100,100,60,100,90,100,CLOSED,70,100,5,10,-,CLOSED,5,5,20,40,30,10,5,15,20,5,5,CLOSED,-,50,25,15,25,25,50
20250410,11:45,180,140,100,60,100,100,80,CLOSED,60,100,10,15,-,CLOSED,5,5,25,40,25,15,5,15,25,5,5,CLOSED,-,-,20,15,30,20,40
20250410,12:15,180,120,90,60,120,100,100,CLOSED,60,140,15,15,5,CLOSED,5,5,20,50,20,20,5,15,30,5,5,CLOSED,-,-,25,15,30,25,50
20250410,12:45,180,80,90,60,120,140,100,CLOSED,60,160,-,-,5,CLOSED,5,-,25,60,30,15,-,30,20,5,5,CLOSED,-,10,20,15,30,20,40
20250410,13:15,160,100,100,70,120,160,100,CLOSED,80,140,-,-,5,CLOSED,5,-,20,60,30,20,-,15,25,5,5,CLOSED,-,40,20,15,20,15,40
20250410,13:45,140,100,100,60,140,140,120,CLOSED,60,120,10,10,5,CLOSED,5,5,20,50,30,20,10,30,25,5,5,CLOSED,-,40,20,15,25,20,40
20250410,14:15,160,120,100,70,120,100,90,CLOSED,90,100,20,10,5,CLOSED,5,5,20,50,15,20,25,30,20,15,10,CLOSED,-,40,25,15,30,25,40
20250410,14:45,140,120,120,70,100,90,90,CLOSED,100,120,-,-,5,CLOSED,5,5,25,50,30,25,-,30,30,15,10,CLOSED,-,50,20,20,30,25,40
20250410,15:15,180,140,100,70,120,120,120,CLOSED,80,120,-,-,5,CLOSED,5,-,25,50,30,30,-,30,30,15,5,CLOSED,-,40,20,25,30,30,40
20250410,15:45,180,120,100,70,140,100,120,CLOSED,80,120,-,-,5,CLOSED,5,-,25,50,15,30,-,30,20,15,5,CLOSED,-,40,20,20,40,30,30
20250410,16:15,140,120,90,70,120,140,100,CLOSED,80,120,15,25,5,CLOSED,-,5,25,50,25,20,5,30,20,10,5,CLOSED,-,40,20,20,30,20,50
20250410,16:45,140,120,90,60,140,120,120,CLOSED,80,120,20,30,5,CLOSED,5,20,25,60,20,25,20,30,15,10,5,CLOSED,-,40,20,20,25,20,30
20250410,17:15,160,120,90,60,140,140,100,CLOSED,70,90,20,15,5,CLOSED,-,5,20,60,15,25,20,15,20,10,5,CLOSED,-,30,20,10,25,15,25
20250410,17:45,140,100,90,60,100,100,90,CLOSED,60,100,-,-,5,CLOSED,-,-,20,50,25,20,-,30,20,5,5,CLOSED,-,50,20,10,20,15,40
20250410,18:15,140,90,90,60,100,90,80,CLOSED,70,90,-,-,-,CLOSED,-,-,25,50,25,30,-,30,20,5,5,CLOSED,-,25,20,15,20,15,30
20250410,18:45,140,80,80,50,90,90,70,CLOSED,50,90,-,-,-,CLOSED,-,-,25,30,30,20,-,30,20,5,5,CLOSED,-,40,15,10,20,15,20
20250410,19:15,120,80,70,50,90,80,60,CLOSED,40,80,-,-,-,CLOSED,-,-,5,20,5,20,-,30,15,5,5,CLOSED,-,25,5,10,15,10,5
20250410,19:45,90,60,40,40,80,60,50,CLOSED,30,60,-,-,-,CLOSED,-,-,5,15,5,20,-,30,5,5,5,CLOSED,-,15,5,10,10,5,5
20250410,20:15,-,50,30,25,70,-,60,CLOSED,20,50,-,-,-,CLOSED,-,-,5,20,5,20,-,30,5,5,5,CLOSED,-,5,5,5,10,10,5
20250410,20:45,-,25,25,-,-,-,40,CLOSED,15,40,5,5,-,CLOSED,-,-,5,15,5,15,5,-,5,5,5,CLOSED,-,5,5,5,5,10,5
20250410,21:15,-,-,-,-,-,-,-,CLOSED,-,-,-,-,-,CLOSED,-,-,-,-,-,-,-,-,-,-,-,CLOSED,-,-,-,-,-,-,-
20250410,21:45,-,-,-,-,-,-,-,CLOSED,-,-,-,-,-,CLOSED,-,-,-,-,-,-,-,-,-,-,-,CLOSED,-,-,-,-,-,-,-
20250411,07:15,-,-,-,-,-,-,-,CLOSED,-,-,-,-,-,CLOSED,-,-,-,-,-,-,-,-,-,-,-,CLOSED,-,-,-,-,-,-,-
20250411,07:45,-,-,-,-,-,-,-,CLOSED,-,-,-,-,-,CLOSED,-,-,-,-,-,-,-,-,-,-,-,CLOSED,-,-,-,-,-,-,-
20250411,08:15,-,-,-,-,-,-,-,CLOSED,-,-,-,-,-,CLOSED,-,-,-,-,-,-,-,-,-,-,-,CLOSED,-,-,-,-,-,-,-
20250411,08:45,-,-,-,-,-,-,-,CLOSED,-,-,-,-,-,CLOSED,-,-,-,-,-,-,-,-,-,-,-,CLOSED,-,-,-,-,-,-,-
20250411,09:15,50,60,15,35,100,20,70,CLOSED,5,20,15,5,-,CLOSED,-,-,5,15,5,5,5,-,5,5,-,CLOSED,-,5,5,5,5,5,5
20250411,09:45,180,120,50,60,120,60,70,CLOSED,30,70,25,5,-,CLOSED,-,-,10,15,5,5,5,-,5,5,-,CLOSED,-,5,5,5,5,5,5
20250411,10:15,240,120,100,70,140,60,80,CLOSED,5,80,-,-,-,CLOSED,-,-,20,15,10,5,5,15,10,5,5,CLOSED,-,20,10,5,5,5,25
20250411,10:45,240,120,90,60,100,60,80,CLOSED,60,80,-,-,-,CLOSED,-,-,20,20,15,10,-,15,15,5,5,CLOSED,-,30,10,5,10,10,40
20250411,11:15,220,100,90,50,80,60,60,CLOSED,30,70,5,5,-,CLOSED,5,5,15,30,20,10,5,15,15,5,5,CLOSED,-,20,10,10,10,10,40
20250411,11:45,220,90,70,60,80,50,50,CLOSED,50,60,5,5,-,CLOSED,5,5,25,30,15,15,5,15,15,5,5,CLOSED,-,25,5,5,15,5,30
20250411,12:15,220,80,50,40,70,50,60,CLOSED,50,60,5,10,5,CLOSED,5,5,15,40,20,15,10,15,15,5,5,CLOSED,-,30,10,5,10,5,25
20250411,12:45,160,60,60,50,90,40,50,CLOSED,50,70,-,10,5,CLOSED,5,-,10,30,10,10,-,15,15,5,5,CLOSED,-,20,15,5,10,15,15
20250411,13:15,140,80,60,50,120,50,70,CLOSED,30,70,-,5,5,CLOSED,5,-,25,40,15,25,-,15,10,5,5,CLOSED,-,30,15,5,15,10,20
20250411,13:45,100,80,60,40,90,60,60,CLOSED,60,50,5,15,5,CLOSED,5,5,10,40,10,15,5,15,15,5,5,CLOSED,-,30,10,5,15,15,10
20250411,14:15,160,100,50,50,100,40,60,CLOSED,50,60,5,15,5,CLOSED,5,5,15,40,15,10,5,15,20,5,5,CLOSED,-,30,10,5,15,15,15
20250411,14:45,160,100,40,50,90,70,70,CLOSED,40,40,-,-,5,CLOSED,5,5,25,40,15,10,-,15,10,5,5,CLOSED,-,30,10,5,15,10,25
20250411,15:15,120,90,-,60,100,60,90,CLOSED,60,60,-,-,5,CLOSED,5,-,25,40,20,20,-,15,20,5,5,CLOSED,-,25,10,5,20,15,20
20250411,15:45,120,90,40,50,100,50,80,CLOSED,60,50,-,-,5,CLOSED,5,-,15,30,20,20,-,15,20,5,5,CLOSED,-,30,10,5,20,15,15
20250411,16:15,160,80,60,50,100,60,60,CLOSED,50,70,10,20,5,CLOSED,5,5,15,40,15,20,10,15,10,5,5,CLOSED,-,30,15,5,15,10,20
20250411,16:45,140,70,60,50,100,50,80,CLOSED,50,50,20,25,5,CLOSED,5,5,20,30,15,20,25,15,20,5,5,CLOSED,-,25,5,5,15,10,15
20250411,17:15,120,70,50,40,80,40,90,CLOSED,50,40,20,25,5,CLOSED,-,5,20,30,10,20,15,15,5,5,5,CLOSED,-,25,5,5,15,5,15
20250411,17:45,120,70,40,50,90,50,70,CLOSED,40,40,-,-,5,CLOSED,-,-,25,30,20,20,-,15,10,5,5,CLOSED,-,20,10,5,15,15,20
20250411,18:15,120,70,50,50,90,40,60,CLOSED,40,50,-,-,-,CLOSED,-,-,20,30,10,20,-,15,10,-,5,CLOSED,-,30,10,5,15,10,15
20250411,18:45,100,60,40,30,70,40,50,CLOSED,40,20,-,-,-,CLOSED,-,-,10,15,5,25,-,15,10,-,5,CLOSED,-,15,5,5,15,10,5
20250411,19:15,100,60,30,40,80,40,40,CLOSED,20,30,-,-,-,CLOSED,-,-,10,15,5,15,-,15,5,-,5,CLOSED,-,15,5,5,10,15,5
20250411,19:45,90,50,20,30,80,30,50,CLOSED,10,40,-,-,-,CLOSED,-,-,5,15,5,15,-,15,5,-,5,CLOSED,-,10,5,5,5,5,5
20250411,20:15,60,25,20,25,70,40,50,CLOSED,20,25,-,-,-,CLOSED,-,-,5,15,5,15,-,15,5,-,5,CLOSED,-,10,5,5,5,5,5
20250411,20:45,-,20,10,-,-,25,30,CLOSED,10,20,5,5,-,CLOSED,-,-,5,15,5,10,5,-,5,-,5,CLOSED,-,10,5,5,5,5,5
20250411,21:15,-,-,-,-,-,-,-,CLOSED,-,-,-,-,-,CLOSED,-,-,-,-,-,-,-,-,-,-,-,CLOSED,-,-,-,-,-,-,-
20250411,21:45,-,-,-,-,-,-,-,CLOSED,-,-,-,-,-,CLOSED,-,-,-,-,-,-,-,-,-,-,-,CLOSED,-,-,-,-,-,-,-
20250412,07:15,-,-,-,-,-,-,-,CLOSED,-,-,-,-,-,CLOSED,-,-,-,-,-,-,-,-,-,-,-,CLOSED,-,-,-,-,-,-,-
20250412,07:45,-,-,-,-,-,-,-,CLOSED,-,-,-,-,-,CLOSED,-,-,-,-,-,-,-,-,-,-,-,CLOSED,-,-,-,-,-,-,-
20250412,08:15,-,-,-,-,-,-,-,CLOSED,-,-,-,-,-,CLOSED,-,-,-,-,-,-,-,-,-,-,-,CLOSED,-,-,-,-,-,-,-
20250412,08:45,-,-,-,-,-,-,-,CLOSED,-,-,-,-,-,CLOSED,-,-,-,-,-,-,-,-,-,-,-,CLOSED,-,-,-,-,-,-,-
20250412,09:15,110,40,15,40,120,20,70,CLOSED,5,50,5,5,-,CLOSED,-,-,5,15,5,5,5,-,5,5,-,CLOSED,-,5,5,5,5,5,5
20250412,09:45,220,140,-,80,140,90,120,CLOSED,70,70,20,5,-,CLOSED,-,-,5,15,5,5,5,-,5,5,-,CLOSED,-,10,5,5,5,5,5
20250412,10:15,240,120,40,90,200,100,120,CLOSED,60,120,-,-,-,CLOSED,-,-,25,30,15,5,-,15,15,5,5,CLOSED,-,25,15,5,20,5,20
20250412,10:45,200,100,140,60,180,120,120,CLOSED,50,100,-,-,-,CLOSED,-,-,25,50,40,5,-,15,20,5,5,CLOSED,-,40,20,15,20,15,40
20250412,11:15,200,140,120,70,140,140,140,CLOSED,100,100,25,20,-,CLOSED,5,5,25,50,40,10,5,15,25,5,5,CLOSED,-,40,20,20,25,25,30
20250412,11:45,200,140,120,80,120,100,140,CLOSED,60,120,20,25,-,CLOSED,5,5,20,40,30,15,5,15,25,10,5,CLOSED,-,40,25,20,30,25,50
20250412,12:15,220,160,120,70,120,100,100,CLOSED,70,140,15,25,5,CLOSED,5,15,20,60,30,20,20,30,25,15,10,CLOSED,-,40,30,15,30,25,50
20250412,12:45,200,100,120,60,140,100,100,CLOSED,80,120,-,-,5,CLOSED,5,-,20,60,30,15,-,45,25,20,10,CLOSED,-,40,25,15,25,20,30
20250412,13:15,140,100,120,60,160,140,120,CLOSED,80,90,-,-,10,CLOSED,5,-,30,50,40,25,-,30,30,15,10,CLOSED,-,40,25,20,20,25,25
20250412,13:45,160,120,120,70,140,100,120,CLOSED,70,120,15,15,5,CLOSED,5,5,20,50,30,25,5,30,30,10,15,CLOSED,-,40,25,15,25,20,30
20250412,14:15,180,120,120,70,140,100,120,CLOSED,70,120,15,40,5,CLOSED,-,5,20,50,30,20,10,30,30,15,5,CLOSED,-,40,25,20,40,25,40
20250412,14:45,200,100,120,80,140,120,100,CLOSED,80,100,-,-,10,CLOSED,5,-,25,40,30,20,-,30,40,15,5,CLOSED,-,40,25,15,30,20,30
20250412,15:15,200,120,140,70,160,100,120,CLOSED,70,120,-,-,10,CLOSED,10,-,25,50,30,25,-,30,15,20,15,CLOSED,-,60,25,15,25,20,40
20250412,15:45,160,120,140,70,140,100,140,CLOSED,70,120,-,-,5,CLOSED,10,-,20,50,40,20,-,30,25,20,10,CLOSED,-,40,25,20,30,25,40
20250412,16:15,160,120,140,70,140,140,140,CLOSED,90,100,20,40,15,CLOSED,10,20,30,60,40,25,30,30,40,15,5,CLOSED,-,40,30,20,30,25,50
20250412,16:45,180,120,140,70,160,120,140,CLOSED,80,100,30,40,15,CLOSED,-,25,30,60,25,20,25,30,30,15,10,CLOSED,-,40,30,15,30,25,30
20250412,17:15,160,120,120,70,160,140,140,CLOSED,60,120,20,-,15,CLOSED,-,10,20,50,30,20,-,30,20,10,10,CLOSED,-,40,25,15,30,20,30
20250412,17:45,140,100,100,70,120,140,120,CLOSED,80,90,-,-,15,CLOSED,-,-,25,50,30,25,-,30,30,10,5,CLOSED,-,40,20,20,30,25,25
20250412,18:15,140,100,90,60,120,100,140,CLOSED,60,90,-,-,-,CLOSED,-,-,25,50,30,25,-,30,30,10,5,CLOSED,-,40,20,15,30,30,30
20250412,18:45,120,90,100,50,120,120,100,CLOSED,60,70,-,-,-,CLOSED,-,-,20,40,20,25,-,15,20,10,5,CLOSED,-,30,20,15,20,15,25
20250412,19:15,140,90,90,50,100,100,90,CLOSED,40,80,-,-,-,CLOSED,-,-,10,20,10,20,-,15,15,5,5,CLOSED,-,20,15,5,15,5,5
20250412,19:45,100,70,60,45,-,80,80,CLOSED,40,50,-,-,-,CLOSED,-,-,5,15,10,20,-,15,10,5,5,CLOSED,-,25,10,5,10,10,5
20250412,20:15,-,50,-,-,-,-,90,CLOSED,40,-,-,-,-,CLOSED,-,-,15,40,20,20,-,15,10,5,5,CLOSED,-,25,10,5,10,15,5
20250412,20:45,-,-,-,-,-,-,-,CLOSED,-,-,5,20,-,CLOSED,-,-,5,20,15,25,5,-,20,10,5,CLOSED,-,-,15,5,15,10,10
20250412,21:15,-,-,-,-,-,-,-,CLOSED,-,-,-,-,-,CLOSED,-,-,-,-,-,-,-,-,-,-,-,CLOSED,-,-,-,-,-,-,-
20250412,21:45,-,-,-,-,-,-,-,CLOSED,-,-,-,-,-,CLOSED,-,-,-,-,-,-,-,-,-,-,-,CLOSED,-,-,-,-,-,-,-
20250413,07:15,-,-,-,-,-,-,-,CLOSED,-,-,-,-,-,CLOSED,-,-,-,-,-,-,-,-,-,-,-,CLOSED,-,-,-,-,-,-,-
20250413,07:45,-,-,-,-,-,-,-,CLOSED,-,-,-,-,-,CLOSED,-,-,-,-,-,-,-,-,-,-,-,CLOSED,-,-,-,-,-,-,-
20250413,08:15,-,-,-,-,-,-,-,CLOSED,-,-,-,-,-,CLOSED,-,-,-,-,-,-,-,-,-,-,-,CLOSED,-,-,-,-,-,-,-
20250413,08:45,-,-,-,-,-,-,-,CLOSED,-,-,-,-,-,CLOSED,-,-,-,-,-,-,-,-,-,-,-,CLOSED,-,-,-,-,-,-,-
20250413,09:15,100,50,-,40,90,30,60,CLOSED,5,-,5,5,-,CLOSED,-,-,5,15,5,5,5,-,5,5,-,CLOSED,-,5,5,5,5,5,5
20250413,09:45,20,140,-,70,120,80,100,CLOSED,40,20,15,5,-,CLOSED,-,-,15,15,5,5,5,-,5,5,-,CLOSED,-,5,5,5,5,5,5
20250413,10:15,20,120,-,60,160,70,120,CLOSED,40,80,-,5,-,CLOSED,-,-,10,20,5,5,-,5,5,5,5,CLOSED,-,10,5,5,15,10,30
20250413,10:45,180,100,-,50,120,60,90,CLOSED,50,70,-,-,-,CLOSED,-,-,15,30,5,10,-,15,5,5,5,CLOSED,-,15,5,10,15,15,30
20250413,11:15,160,90,-,40,90,50,50,CLOSED,40,60,5,5,-,CLOSED,5,5,20,30,5,10,5,15,5,5,5,CLOSED,-,10,5,5,20,20,30
20250413,11:45,140,70,15,40,70,30,50,CLOSED,40,60,5,5,-,CLOSED,5,5,15,30,5,10,5,15,5,5,5,CLOSED,-,15,5,5,10,10,20
20250413,12:15,100,40,70,40,80,40,60,CLOSED,20,70,5,5,5,CLOSED,5,5,15,30,5,15,5,15,5,5,5,CLOSED,-,10,5,5,10,5,10
20250413,12:45,90,70,-,50,100,50,70,CLOSED,40,60,-,5,5,CLOSED,5,-,15,20,5,5,-,15,5,5,5,CLOSED,-,15,5,5,10,10,5
20250413,13:15,120,80,-,40,90,40,60,CLOSED,40,40,-,-,5,CLOSED,5,-,25,30,5,15,-,15,5,5,5,CLOSED,-,20,5,5,10,15,5
20250413,13:45,120,80,-,50,80,40,40,CLOSED,30,50,5,5,5,CLOSED,5,5,20,20,5,15,5,15,5,5,5,CLOSED,-,15,5,5,20,15,10
20250413,14:15,120,80,-,40,80,50,60,CLOSED,50,50,5,5,5,CLOSED,5,5,10,30,5,10,5,15,5,5,5,CLOSED,-,15,5,5,15,20,10
20250413,14:45,120,70,-,40,90,50,90,CLOSED,20,50,5,5,5,CLOSED,5,5,25,30,5,15,-,15,5,5,5,CLOSED,-,5,5,5,15,15,10
20250413,15:15,120,50,70,30,100,50,80,CLOSED,20,40,-,5,5,CLOSED,5,-,15,30,5,20,-,15,5,5,5,CLOSED,-,5,5,5,20,20,5
20250413,15:45,120,60,90,30,90,50,50,CLOSED,20,50,5,5,5,CLOSED,5,5,15,20,5,15,5,15,5,5,5,CLOSED,-,5,5,5,15,15,5
20250413,16:15,90,60,-,40,100,40,70,CLOSED,40,40,5,5,5,CLOSED,5,5,10,20,5,15,5,15,5,5,5,CLOSED,-,5,5,5,15,10,5
20250413,16:45,100,60,30,40,80,40,50,CLOSED,40,50,10,5,5,CLOSED,5,5,15,30,5,15,5,15,5,5,5,CLOSED,-,20,5,5,15,15,5
20250413,17:15,90,40,80,-,70,30,60,CLOSED,20,30,10,5,5,CLOSED,-,5,15,15,5,15,15,15,5,5,5,CLOSED,-,10,5,5,10,5,5
20250413,17:45,90,40,80,-,90,40,50,CLOSED,40,30,-,5,5,CLOSED,-,-,5,15,5,10,-,15,5,5,5,CLOSED,-,15,5,5,10,5,5
20250413,18:15,90,40,40,40,70,30,60,CLOSED,30,40,-,-,-,CLOSED,-,-,20,15,5,15,-,15,5,5,5,CLOSED,-,15,5,5,5,5,5
20250413,18:45,90,30,50,40,60,25,50,CLOSED,20,30,-,-,-,CLOSED,-,-,5,15,5,15,-,15,5,5,5,CLOSED,-,10,5,5,5,5,5
20250413,19:15,80,20,40,25,60,25,30,CLOSED,5,20,-,-,-,CLOSED,-,-,5,15,5,15,-,15,5,5,5,CLOSED,-,5,5,5,5,5,5
20250413,19:45,40,15,30,30,50,15,40,CLOSED,10,15,-,-,-,CLOSED,-,-,5,15,5,15,-,15,5,5,5,CLOSED,-,5,5,5,5,5,5
20250413,20:15,50,15,-,25,40,30,50,CLOSED,10,25,-,-,-,CLOSED,-,-,5,15,5,10,-,15,5,5,5,CLOSED,-,5,5,5,5,5,5
20250413,20:45,20,5,10,15,-,25,25,CLOSED,5,15,5,15,-,CLOSED,-,-,5,15,5,5,5,-,5,5,5,CLOSED,-,5,5,5,5,5,5
20250413,21:15,-,-,-,-,-,-,-,CLOSED,-,-,-,-,-,CLOSED,-,-,-,-,-,-,-,-,-,-,-,CLOSED,-,-,-,-,-,-,-
20250413,21:45,-,-,-,-,-,-,-,CLOSED,-,-,-,-,-,CLOSED,-,-,-,-,-,-,-,-,-,-,-,CLOSED,-,-,-,-,-,-,-
20250414,07:15,-,-,-,-,-,-,-,CLOSED,-,-,-,-,-,CLOSED,-,-,-,-,-,-,-,-,-,-,-,CLOSED,-,-,-,-,-,-,-
20250414,07:45,-,-,-,-,-,-,-,CLOSED,-,-,-,-,-,CLOSED,-,-,-,-,-,-,-,-,-,-,-,CLOSED,-,-,-,-,-,-,-
20250414,08:15,-,-,-,-,-,-,-,CLOSED,-,-,-,-,-,CLOSED,-,-,-,-,-,-,-,-,-,-,-,CLOSED,-,-,-,-,-,-,-
20250414,08:45,-,-,-,-,-,-,-,CLOSED,-,-,-,-,-,CLOSED,-,-,-,-,-,-,-,-,-,-,-,CLOSED,-,-,-,-,-,-,-
20250414,09:15,80,15,5,10,50,10,10,CLOSED,5,15,5,5,-,CLOSED,-,-,5,15,5,5,5,-,5,5,-,CLOSED,-,5,5,5,5,5,5
20250414,09:45,120,100,50,40,120,40,50,CLOSED,5,50,10,5,-,CLOSED,-,-,5,15,5,5,5,-,5,5,-,CLOSED,-,5,5,5,5,5,5
20250414,10:15,180,120,60,70,120,70,80,CLOSED,50,60,-,-,-,CLOSED,-,-,10,15,5,5,-,15,10,5,5,CLOSED,-,10,5,5,5,5,25
20250414,10:45,160,100,70,60,90,60,80,CLOSED,50,80,-,-,-,CLOSED,-,-,20,20,15,5,-,15,15,5,5,CLOSED,-,20,10,5,10,5,50
20250414,11:15,160,80,60,50,90,60,50,CLOSED,50,70,5,10,-,CLOSED,5,5,15,40,20,10,5,15,10,5,5,CLOSED,-,30,10,5,10,5,40
20250414,11:45,120,80,70,40,80,50,60,CLOSED,40,60,5,10,-,CLOSED,5,5,25,40,15,10,5,15,10,5,5,CLOSED,-,30,10,5,15,15,40
20250414,12:15,-,70,60,50,80,60,40,CLOSED,40,80,5,5,5,CLOSED,5,5,15,40,-,20,5,15,15,5,5,CLOSED,-,30,5,10,15,10,40
20250414,12:45,-,90,60,50,100,70,50,CLOSED,40,90,-,15,5,CLOSED,5,-,10,40,-,15,-,15,15,5,5,CLOSED,-,25,10,5,15,15,30
20250414,13:15,180,90,70,40,120,70,60,CLOSED,40,-,-,-,5,CLOSED,5,-,25,20,10,20,-,15,20,5,5,CLOSED,-,30,15,5,15,10,30
20250414,13:45,2,8,60,50,70,70,70,CLOSED,60,-,5,10,5,CLOSED,5,5,20,40,25,15,5,15,20,5,5,CLOSED,-,30,10,5,20,10,30
20250414,14:15,140,80,70,50,90,70,70,CLOSED,60,-,10,10,5,CLOSED,5,5,20,50,20,15,5,15,20,5,5,CLOSED,-,30,10,10,20,10,25
20250414,14:45,70,80,80,60,100,90,80,CLOSED,60,-,-,-,5,CLOSED,5,5,20,40,20,15,-,15,20,5,5,CLOSED,-,40,10,10,20,15,25
20250414,15:15,160,80,60,50,90,100,80,CLOSED,60,-,-,-,5,CLOSED,5,-,20,30,25,25,-,15,10,5,5,CLOSED,-,25,15,5,15,15,40
20250414,15:45,140,80,70,50,90,70,70,CLOSED,60,-,-,-,5,CLOSED,5,-,20,30,20,20,-,15,15,5,5,CLOSED,-,40,10,5,15,15,20
20250414,16:15,160,90,60,-,90,70,60,CLOSED,60,-,5,10,5,CLOSED,5,5,20,30,20,15,5,15,15,5,5,CLOSED,-,30,10,15,20,15,25
20250414,16:45,140,80,60,-,80,50,50,CLOSED,60,-,10,25,5,CLOSED,5,5,20,30,20,20,20,15,15,5,5,CLOSED,-,30,10,5,20,10,25
20250414,17:15,90,80,40,40,90,70,60,CLOSED,60,-,10,20,5,CLOSED,-,5,10,30,15,20,20,15,15,5,5,CLOSED,-,30,5,5,15,10,10
20250414,17:45,120,70,50,50,80,90,70,CLOSED,60,-,-,-,5,CLOSED,-,-,20,30,10,25,-,15,10,5,5,CLOSED,-,30,5,5,15,10,20
20250414,18:15,120,60,70,50,70,70,50,CLOSED,50,-,-,-,-,CLOSED,-,-,20,30,10,20,-,15,10,5,5,CLOSED,-,30,10,5,15,10,20
20250414,18:45,100,60,30,30,60,60,50,CLOSED,30,-,-,-,-,CLOSED,-,-,10,20,10,25,-,15,5,5,5,CLOSED,-,25,5,5,15,10,10
20250414,19:15,90,50,20,40,70,40,25,CLOSED,30,20,-,-,-,CLOSED,-,-,5,15,5,15,-,15,5,5,5,CLOSED,-,10,5,5,5,5,5
20250414,19:45,80,40,15,30,40,30,30,CLOSED,10,60,-,-,-,CLOSED,-,-,5,15,5,15,-,15,5,5,5,CLOSED,-,5,5,5,5,5,5
20250414,20:15,-,30,20,25,50,50,40,CLOSED,30,-,5,5,-,CLOSED,-,-,5,15,5,10,5,15,5,5,5,CLOSED,-,5,5,5,5,5,5
20250414,20:45,-,-,15,-,30,30,30,CLOSED,15,-,5,5,-,CLOSED,-,-,5,15,5,10,5,-,5,5,5,CLOSED,-,5,5,5,5,5,5
20250414,21:15,-,-,-,-,-,-,-,CLOSED,-,-,-,-,-,CLOSED,-,-,-,-,-,-,-,-,-,-,-,CLOSED,-,-,-,-,-,-,-
20250414,21:45,-,-,-,-,-,-,-,CLOSED,-,-,-,-,-,CLOSED,-,-,-,-,-,-,-,-,-,-,-,CLOSED,-,-,-,-,-,-,-
20250415,07:15,-,-,-,-,-,-,-,CLOSED,-,-,-,-,-,CLOSED,-,-,-,-,-,-,-,-,-,-,-,CLOSED,-,-,-,-,-,-,-
20250415,07:45,-,-,-,-,-,-,-,CLOSED,-,-,-,-,-,CLOSED,-,-,-,-,-,-,-,-,-,-,-,CLOSED,-,-,-,-,-,-,-
20250415,08:15,-,-,-,-,-,-,-,CLOSED,-,-,-,-,-,CLOSED,-,-,-,-,-,-,-,-,-,-,-,CLOSED,-,-,-,-,-,-,-
20250415,08:45,-,-,-,-,-,-,-,CLOSED,-,-,-,-,-,CLOSED,-,-,-,-,-,-,-,-,-,-,-,CLOSED,-,-,-,-,-,-,-
20250415,09:15,100,10,5,10,40,10,15,CLOSED,5,5,5,5,-,CLOSED,-,-,5,-,5,5,5,-,5,5,-,CLOSED,-,10,5,5,5,5,5
20250415,09:45,180,120,50,40,90,50,60,CLOSED,5,60,15,5,-,CLOSED,-,-,5,-,5,5,5,-,5,5,-,CLOSED,-,10,5,5,5,5,5
20250415,10:15,160,120,90,55,120,60,70,CLOSED,50,80,-,-,-,CLOSED,-,-,15,-,10,5,-,15,10,5,5,CLOSED,-,25,5,5,5,5,30
20250415,10:45,100,100,70,60,140,80,80,CLOSED,50,90,-,-,-,CLOSED,-,-,25,-,25,10,-,15,15,5,5,CLOSED,-,30,15,5,20,5,40
20250415,11:15,140,100,70,50,140,80,80,CLOSED,70,100,10,10,-,CLOSED,5,5,20,-,30,10,5,15,20,5,5,CLOSED,-,40,20,10,20,20,50
20250415,11:45,160,80,80,60,100,80,70,CLOSED,60,120,10,20,-,CLOSED,5,5,25,-,20,10,5,15,20,5,5,CLOSED,-,30,15,15,20,20,40
20250415,12:15,120,90,80,50,80,80,60,CLOSED,50,120,15,15,5,CLOSED,5,5,20,-,25,15,5,15,15,5,5,CLOSED,-,30,20,10,25,15,40
20250415,12:45,140,100,80,45,120,80,70,CLOSED,50,100,-,-,5,CLOSED,5,-,10,-,20,10,-,15,20,5,5,CLOSED,-,30,20,15,20,15,40
20250415,13:15,120,80,70,60,90,100,60,CLOSED,50,100,-,-,10,CLOSED,5,-,25,-,25,20,-,15,20,5,5,CLOSED,-,30,10,15,25,15,40
20250415,13:45,140,90,70,60,100,90,80,CLOSED,70,80,5,15,10,CLOSED,5,5,15,40,25,20,5,15,20,5,5,CLOSED,-,30,15,15,20,20,20
20250415,14:15,140,90,80,70,120,90,70,CLOSED,70,120,10,20,15,CLOSED,5,5,20,40,25,20,5,15,20,5,5,CLOSED,-,30,15,10,20,20,30
20250415,14:45,120,100,60,70,60,90,90,CLOSED,70,120,-,-,15,CLOSED,5,5,20,40,20,20,20,15,25,5,5,CLOSED,-,40,15,10,25,20,40
20250415,15:15,140,100,70,60,120,100,80,CLOSED,60,120,-,-,15,CLOSED,-,-,20,50,25,25,-,15,20,5,5,CLOSED,-,30,15,15,25,20,30
20250415,15:45,120,100,60,50,120,80,80,CLOSED,70,100,-,-,15,CLOSED,-,-,25,50,25,25,-,15,20,5,5,CLOSED,-,40,15,15,25,15,30
20250415,16:15,-,120,70,50,90,80,70,CLOSED,60,80,10,-,10,CLOSED,-,5,-,40,20,-,15,15,15,5,5,CLOSED,-,40,15,15,25,15,40
20250415,16:45,-,120,60,50,100,120,80,CLOSED,50,80,20,-,15,CLOSED,-,5,-,40,20,-,20,15,15,5,5,CLOSED,-,30,15,10,20,20,25
20250415,17:15,-,120,-,60,100,100,70,CLOSED,60,100,10,-,15,CLOSED,-,5,-,40,20,-,20,15,15,5,5,CLOSED,-,30,10,15,20,15,20
20250415,17:45,140,120,-,50,90,90,70,CLOSED,60,90,-,-,10,CLOSED,-,-,-,50,15,-,-,15,15,5,5,CLOSED,-,30,10,10,20,15,20
20250415,18:15,140,90,15,60,120,80,80,CLOSED,50,100,-,-,-,CLOSED,-,-,-,30,15,-,-,15,10,5,5,CLOSED,-,30,10,5,15,15,30
20250415,18:45,120,80,50,40,90,70,80,CLOSED,40,90,-,-,-,CLOSED,-,-,10,30,10,15,-,15,10,5,5,CLOSED,-,25,5,5,15,10,20
20250415,19:15,120,70,-,40,80,70,50,CLOSED,50,70,-,-,-,CLOSED,-,-,10,15,5,15,-,15,5,5,5,CLOSED,-,15,5,5,10,5,5
20250415,19:45,70,70,-,30,60,50,30,CLOSED,30,50,-,-,-,CLOSED,-,-,5,15,5,15,-,15,10,5,5,CLOSED,-,15,5,5,5,5,5
20250415,20:15,60,50,-,40,-,50,50,CLOSED,40,-,-,-,-,CLOSED,-,-,5,15,5,15,-,15,5,5,5,CLOSED,-,15,5,5,5,5,5
20250415,20:45,-,-,15,-,-,-,40,CLOSED,20,-,5,10,-,CLOSED,-,-,5,15,5,15,5,-,5,5,5,CLOSED,-,15,5,5,5,5,5
20250415,21:15,-,-,-,-,-,-,-,CLOSED,-,-,-,-,-,CLOSED,-,-,-,-,-,-,-,-,-,-,-,CLOSED,-,-,-,-,-,-,-
20250415,21:45,-,-,-,-,-,-,-,CLOSED,-,-,-,-,-,CLOSED,-,-,-,-,-,-,-,-,-,-,-,CLOSED,-,-,-,-,-,-,-
20250416,07:15,-,-,-,-,-,-,-,CLOSED,-,-,-,-,-,CLOSED,-,-,-,-,-,-,-,-,-,-,-,CLOSED,-,-,-,-,-,-,-
20250416,07:45,-,-,-,-,-,-,-,CLOSED,-,-,-,-,-,CLOSED,-,-,-,-,-,-,-,-,-,-,-,CLOSED,-,-,-,-,-,-,-
20250416,08:15,-,-,-,-,-,-,-,CLOSED,-,-,-,-,-,CLOSED,-,-,-,-,-,-,-,-,-,-,-,CLOSED,-,-,-,-,-,-,-
20250416,08:45,-,-,-,-,-,-,-,CLOSED,-,-,-,-,-,CLOSED,-,-,-,-,-,-,-,-,-,-,-,CLOSED,-,-,-,-,-,-,-
20250416,09:15,140,15,10,15,50,10,15,CLOSED,5,10,5,5,-,CLOSED,-,-,5,15,5,5,5,-,5,5,-,CLOSED,-,5,5,5,5,5,5
20250416,09:45,-,160,80,60,120,50,70,CLOSED,5,50,15,5,-,CLOSED,-,-,5,15,5,5,5,-,5,5,-,CLOSED,-,5,5,5,5,5,5
20250416,10:15,100,120,90,70,140,80,120,CLOSED,60,90,-,-,-,CLOSED,-,-,20,20,15,5,-,15,10,5,5,CLOSED,-,20,5,5,5,5,50
20250416,10:45,140,100,80,50,180,100,140,CLOSED,60,140,-,-,-,CLOSED,-,-,30,50,30,10,-,15,10,5,5,CLOSED,-,40,20,10,10,10,50
20250416,11:15,160,100,-,70,160,100,120,CLOSED,70,160,20,10,-,CLOSED,5,15,25,60,40,10,5,15,20,5,5,CLOSED,-,20,20,20,25,15,50
20250416,11:45,160,100,-,60,100,120,100,CLOSED,60,160,15,25,-,CLOSED,5,10,25,50,30,15,5,15,20,10,5,CLOSED,-,40,20,10,25,20,30
20250416,12:15,160,90,90,60,100,140,80,CLOSED,70,140,20,15,5,CLOSED,5,5,15,50,30,20,5,15,20,10,5,CLOSED,-,30,20,15,20,10,50
20250416,12:45,160,100,120,60,120,140,60,CLOSED,60,140,20,10,5,CLOSED,5,-,15,50,25,15,-,15,20,10,5,CLOSED,-,30,20,15,20,10,30
20250416,13:15,160,120,100,60,120,100,100,CLOSED,80,120,-,-,5,CLOSED,5,-,25,40,25,20,-,15,20,10,5,CLOSED,-,40,15,15,20,15,40
20250416,13:45,160,120,100,55,120,100,120,CLOSED,70,100,15,10,5,CLOSED,5,5,20,40,30,25,5,30,20,10,5,CLOSED,-,40,15,15,25,25,40
20250416,14:15,160,100,100,60,120,160,120,CLOSED,70,100,5,15,15,CLOSED,5,5,10,50,25,20,20,15,20,10,5,CLOSED,-,40,20,20,30,20,40
20250416,14:45,140,100,100,70,120,140,100,CLOSED,70,100,20,-,10,CLOSED,5,5,20,40,30,25,-,30,25,10,5,CLOSED,-,40,20,15,25,20,40
20250416,15:15,-,120,-,60,120,100,100,CLOSED,70,120,-,-,10,CLOSED,5,-,25,40,30,25,-,15,20,10,5,CLOSED,-,30,20,10,25,20,40
20250416,15:45,-,120,-,70,120,80,100,CLOSED,80,120,-,-,10,CLOSED,5,-,20,50,30,25,-,30,20,10,5,CLOSED,-,40,15,15,25,20,40
20250416,16:15,160,120,-,60,140,140,90,CLOSED,90,120,15,40,10,CLOSED,5,5,20,50,25,25,15,15,20,10,5,CLOSED,-,40,20,15,30,20,40
20250416,16:45,160,120,45,70,140,140,100,CLOSED,80,100,20,25,5,CLOSED,10,15,25,40,30,20,25,15,20,10,5,CLOSED,-,30,20,15,25,20,40
20250416,17:15,140,100,120,60,140,120,100,CLOSED,70,140,15,30,5,CLOSED,-,15,20,40,30,25,15,15,15,5,5,CLOSED,-,40,15,10,15,15,25
20250416,17:45,100,100,100,50,140,260,100,CLOSED,70,120,-,-,5,CLOSED,-,-,25,30,20,20,-,15,20,5,5,CLOSED,-,40,15,10,20,15,30
20250416,18:15,140,90,80,40,120,180,90,CLOSED,70,120,-,-,-,CLOSED,-,-,20,50,20,20,-,15,20,5,5,CLOSED,-,30,15,15,25,10,30
20250416,18:45,120,90,100,50,100,100,70,CLOSED,60,70,-,-,-,CLOSED,-,-,20,40,20,25,-,15,15,5,5,CLOSED,-,20,10,5,15,10,15
20250416,19:15,100,80,60,40,80,70,60,CLOSED,30,80,-,-,-,CLOSED,-,-,10,15,5,20,-,15,5,5,5,CLOSED,-,30,5,5,15,5,5
20250416,19:45,90,60,50,40,70,70,50,CLOSED,30,80,-,-,-,CLOSED,-,-,5,15,5,15,-,15,5,5,5,CLOSED,-,15,5,5,5,5,5
20250416,20:15,-,60,50,40,-,-,60,CLOSED,40,50,-,-,-,CLOSED,-,-,10,15,5,15,-,15,10,5,5,CLOSED,-,20,5,5,5,5,5
20250416,20:45,-,-,-,-,-,-,30,CLOSED,40,-,5,-,-,CLOSED,-,-,5,15,5,15,5,-,10,5,5,CLOSED,-,15,5,5,5,5,5
20250416,21:15,-,-,-,-,-,-,-,CLOSED,-,-,-,-,-,CLOSED,-,-,-,-,-,-,-,-,-,-,-,CLOSED,-,-,-,-,-,-,-
20250416,21:45,-,-,-,-,-,-,-,CLOSED,-,-,-,-,-,CLOSED,-,-,-,-,-,-,-,-,-,-,-,CLOSED,-,-,-,-,-,-,-
20250417,07:15,-,-,-,-,-,-,-,CLOSED,-,-,-,-,-,CLOSED,-,-,-,-,-,-,-,-,-,-,-,CLOSED,-,-,-,-,-,-,-
20250417,07:45,-,-,-,-,-,-,-,CLOSED,-,-,-,-,-,CLOSED,-,-,-,-,-,-,-,-,-,-,-,CLOSED,-,-,-,-,-,-,-
20250417,08:15,-,-,-,-,-,-,-,CLOSED,-,-,-,-,-,CLOSED,-,-,-,-,-,-,-,-,-,-,-,CLOSED,-,-,-,-,-,-,-
20250417,08:45,-,-,-,-,-,-,-,CLOSED,-,-,-,-,-,CLOSED,-,-,-,-,-,-,-,-,-,-,-,CLOSED,-,-,-,-,-,-,-
20250417,09:15,70,15,5,10,40,10,15,CLOSED,5,10,5,5,-,CLOSED,-,-,5,15,5,5,5,-,5,5,-,CLOSED,-,5,5,5,5,5,5
20250417,09:45,160,140,-,60,100,30,70,CLOSED,10,70,20,5,-,CLOSED,-,-,5,15,5,5,5,-,5,5,-,CLOSED,-,5,5,5,5,5,10
20250417,10:15,120,140,-,80,160,60,100,CLOSED,60,-,-,-,-,CLOSED,-,-,15,20,10,5,-,15,5,5,5,CLOSED,-,25,10,5,5,5,50
20250417,10:45,180,120,-,80,160,70,120,CLOSED,70,-,-,-,-,CLOSED,-,-,25,50,25,10,-,15,20,5,5,CLOSED,-,30,15,5,20,15,70
20250417,11:15,200,120,20,80,140,70,100,CLOSED,90,-,20,15,-,CLOSED,5,5,25,60,40,15,5,15,20,5,5,CLOSED,-,40,20,15,30,20,60
20250417,11:45,180,100,50,60,140,60,100,CLOSED,70,-,20,20,-,CLOSED,15,5,25,60,40,15,5,15,25,5,5,CLOSED,-,40,20,15,30,20,60
20250417,12:15,140,100,100,50,120,70,120,CLOSED,60,-,15,25,5,CLOSED,10,5,20,50,30,15,5,15,25,5,5,CLOSED,-,40,20,15,30,20,50
20250417,12:45,140,100,100,50,100,70,90,CLOSED,70,60,-,15,5,CLOSED,10,-,15,50,30,10,-,15,30,5,5,CLOSED,-,30,20,20,30,20,40
20250417,13:15,140,120,80,50,100,50,80,CLOSED,70,100,-,-,15,CLOSED,5,-,25,60,30,25,-,15,20,5,5,CLOSED,-,40,10,20,20,20,30
20250417,13:45,160,100,90,50,140,50,70,CLOSED,70,120,10,10,15,CLOSED,10,5,20,50,30,20,5,15,15,5,5,CLOSED,-,40,25,20,20,20,50
20250417,14:15,160,100,120,60,120,50,90,CLOSED,70,140,15,10,5,CLOSED,-,5,20,40,20,20,15,15,20,5,5,CLOSED,-,40,15,15,30,30,40
20250417,14:45,180,120,80,60,90,80,120,CLOSED,60,90,-,-,15,CLOSED,5,10,20,40,25,15,-,15,25,5,5,CLOSED,-,30,10,15,25,20,40
20250417,15:15,180,120,120,50,100,70,90,CLOSED,60,120,-,-,20,CLOSED,5,-,25,50,40,25,-,15,25,5,5,CLOSED,-,40,15,15,25,20,40
20250417,15:45,140,100,100,50,100,50,80,CLOSED,70,140,-,-,10,CLOSED,10,-,20,60,25,20,-,15,15,5,5,CLOSED,-,40,15,15,25,20,40
20250417,16:15,140,120,-,50,90,70,90,CLOSED,70,160,10,20,5,CLOSED,-,5,20,30,25,20,15,15,20,5,5,CLOSED,-,30,20,15,25,20,30
20250417,16:45,140,120,-,60,120,70,100,CLOSED,70,160,15,25,5,CLOSED,5,10,25,50,20,25,30,15,20,5,5,CLOSED,-,40,15,10,25,15,40
20250417,17:15,160,120,60,70,120,50,90,CLOSED,70,140,-,-,10,CLOSED,-,5,15,50,25,20,-,15,20,5,5,CLOSED,-,40,10,10,15,15,30
20250417,17:45,140,100,100,70,100,50,90,CLOSED,70,100,-,-,5,CLOSED,-,-,30,40,25,25,-,15,15,5,5,CLOSED,-,30,15,10,15,20,30
20250417,18:15,120,100,-,50,100,50,90,CLOSED,60,120,-,-,-,CLOSED,-,-,25,50,20,25,-,15,10,5,5,CLOSED,-,25,10,10,20,20,25
20250417,18:45,100,100,-,50,120,40,80,CLOSED,40,120,-,-,-,CLOSED,-,-,15,30,15,20,-,15,15,5,5,CLOSED,-,25,10,10,20,10,25
20250417,19:15,120,90,-,50,100,40,70,CLOSED,50,90,5,-,-,CLOSED,-,-,20,30,5,15,5,15,10,5,5,CLOSED,-,30,10,10,15,10,20
20250417,19:45,120,70,-,50,80,25,60,CLOSED,40,80,10,10,-,CLOSED,-,-,15,40,10,15,15,15,15,5,5,CLOSED,-,20,10,5,20,10,10
20250417,20:15,-,60,-,50,-,40,60,CLOSED,40,60,5,20,-,CLOSED,-,-,5,20,5,15,15,15,15,5,5,CLOSED,-,20,10,5,10,5,5
20250417,20:45,-,-,-,-,-,25,-,CLOSED,-,-,5,15,-,CLOSED,-,-,5,15,5,15,15,-,5,5,5,CLOSED,-,25,5,5,10,5,5
20250417,21:15,-,-,-,-,-,-,-,CLOSED,-,-,-,-,-,CLOSED,-,-,-,-,-,-,-,-,-,-,-,CLOSED,-,-,-,-,-,-,-
20250417,21:45,-,-,-,-,-,-,-,CLOSED,-,-,-,-,-,CLOSED,-,-,-,-,-,-,-,-,-,-,-,CLOSED,-,-,-,-,-,-,-
20250418,07:15,-,-,-,-,-,-,-,CLOSED,-,-,-,-,-,CLOSED,-,-,-,-,-,-,-,-,-,-,-,CLOSED,-,-,-,-,-,-,-
20250418,07:45,-,-,-,-,-,-,-,CLOSED,-,-,-,-,-,CLOSED,-,-,-,-,-,-,-,-,-,-,-,CLOSED,-,-,-,-,-,-,-
20250418,08:15,-,-,-,-,-,-,-,CLOSED,-,-,-,-,-,CLOSED,-,-,-,-,-,-,-,-,-,-,-,CLOSED,-,-,-,-,-,-,-
20250418,08:45,-,-,-,-,-,-,-,CLOSED,-,-,-,-,-,CLOSED,-,-,-,-,-,-,-,-,-,-,-,CLOSED,-,-,-,-,-,-,-
20250418,09:15,-,40,15,20,40,5,10,CLOSED,5,5,5,5,-,CLOSED,-,-,10,15,5,10,5,-,5,5,-,CLOSED,-,5,5,5,5,5,5
20250418,09:45,-,120,120,60,100,25,80,CLOSED,10,60,20,5,-,CLOSED,-,-,5,15,5,5,5,-,5,5,-,CLOSED,-,5,5,5,5,5,5
20250418,10:15,180,100,70,50,200,70,90,CLOSED,50,80,-,5,-,CLOSED,-,-,25,15,5,5,-,15,10,5,5,CLOSED,-,25,5,-,5,5,20
20250418,10:45,160,90,60,60,140,70,100,CLOSED,50,90,-,-,-,CLOSED,-,-,-,40,20,-,-,15,10,5,5,CLOSED,-,40,15,5,10,5,40
20250418,11:15,140,100,100,50,120,60,90,CLOSED,70,120,10,10,-,CLOSED,5,5,-,40,25,-,5,15,15,5,5,CLOSED,-,30,15,10,20,10,40
20250418,11:45,160,100,120,40,100,40,80,CLOSED,40,100,10,15,-,CLOSED,5,10,-,50,15,-,5,15,15,5,5,CLOSED,-,40,15,10,20,20,30
20250418,12:15,-,90,100,50,90,30,50,CLOSED,60,80,15,15,5,CLOSED,5,5,-,40,20,-,5,15,15,5,5,CLOSED,-,30,15,10,25,15,30
20250418,12:45,-,80,90,60,100,40,70,CLOSED,60,100,-,15,5,CLOSED,5,-,-,30,20,-,-,15,15,5,5,CLOSED,-,25,15,10,25,20,25
20250418,13:15,-,100,90,70,100,40,70,CLOSED,50,90,-,-,5,CLOSED,5,-,-,50,20,-,-,30,20,5,5,CLOSED,-,30,15,10,20,15,25
20250418,13:45,-,100,100,50,100,40,80,CLOSED,60,100,10,15,5,CLOSED,5,5,15,40,20,20,5,15,20,5,5,CLOSED,-,40,15,15,20,20,20
20250418,14:15,80,90,100,50,-,50,90,CLOSED,70,100,20,20,5,CLOSED,5,5,25,40,20,20,20,15,25,10,5,CLOSED,-,40,20,15,25,25,40
20250418,14:45,200,90,80,50,-,40,90,CLOSED,50,100,20,-,5,CLOSED,5,-,25,40,25,20,20,15,20,5,5,CLOSED,-,30,15,15,25,20,30
20250418,15:15,-,90,80,60,100,40,90,CLOSED,70,70,-,-,10,CLOSED,5,-,25,50,30,25,-,15,15,5,5,CLOSED,-,40,15,15,30,20,30
20250418,15:45,-,120,70,50,160,30,100,CLOSED,70,60,-,-,10,CLOSED,5,-,20,40,30,25,-,30,20,5,5,CLOSED,-,30,20,15,25,20,15
20250418,16:15,160,100,60,50,140,40,90,CLOSED,60,80,15,25,5,CLOSED,5,5,20,40,15,25,25,15,20,5,5,CLOSED,-,40,15,10,20,20,25
20250418,16:45,160,90,80,70,140,40,80,CLOSED,60,80,20,40,5,CLOSED,5,5,25,30,15,20,20,15,15,5,5,CLOSED,-,30,10,10,25,20,15
20250418,17:15,160,100,80,60,120,30,80,CLOSED,80,60,20,25,5,CLOSED,-,5,20,30,15,20,20,15,20,5,5,CLOSED,-,30,15,5,15,10,20
20250418,17:45,160,100,70,40,100,40,70,CLOSED,50,70,-,-,5,CLOSED,-,-,20,40,15,20,-,15,10,5,5,CLOSED,-,30,10,5,15,15,20
20250418,18:15,160,80,60,50,100,30,80,CLOSED,40,60,-,-,-,CLOSED,-,-,25,40,15,25,-,15,15,5,5,CLOSED,-,30,15,10,20,15,20
20250418,18:45,160,70,50,40,90,15,70,CLOSED,40,50,-,-,-,CLOSED,-,-,10,40,15,25,-,15,10,5,5,CLOSED,-,-,10,10,20,15,15
20250418,19:15,-,70,40,40,90,25,30,CLOSED,40,40,-,-,-,CLOSED,-,-,5,20,20,20,-,15,5,5,5,CLOSED,-,-,5,5,15,5,5
20250418,19:45,-,60,25,30,90,20,50,CLOSED,20,20,-,-,-,CLOSED,-,-,10,15,5,10,-,15,5,5,5,CLOSED,-,-,5,5,5,5,5
20250418,20:15,-,50,40,40,-,30,50,CLOSED,-,40,-,-,-,CLOSED,-,-,10,20,5,15,-,15,10,5,5,CLOSED,-,25,5,5,5,5,5
20250418,20:45,-,-,25,-,-,15,40,CLOSED,-,25,5,25,-,CLOSED,-,-,5,20,5,15,5,-,5,5,5,CLOSED,-,15,10,5,5,5,5
20250418,21:15,-,-,-,-,-,-,-,CLOSED,-,-,-,-,-,CLOSED,-,-,-,-,-,-,-,-,-,-,-,CLOSED,-,-,-,-,-,-,-
20250418,21:45,-,-,-,-,-,-,-,CLOSED,-,-,-,-,-,CLOSED,-,-,-,-,-,-,-,-,-,-,-,CLOSED,-,-,-,-,-,-,-
20250419,07:15,-,-,-,-,-,-,-,CLOSED,-,-,-,-,-,CLOSED,-,-,-,-,-,-,-,-,-,-,-,CLOSED,-,-,-,-,-,-,-
20250419,07:45,-,-,-,-,-,-,-,CLOSED,-,-,-,-,-,CLOSED,-,-,-,-,-,-,-,-,-,-,-,CLOSED,-,-,-,-,-,-,-
20250419,08:15,-,-,-,-,-,-,-,CLOSED,-,-,-,-,-,CLOSED,-,-,-,-,-,-,-,-,-,-,-,CLOSED,-,-,-,-,-,-,-
20250419,08:45,-,-,-,-,-,-,-,CLOSED,-,-,-,-,-,CLOSED,-,-,-,-,-,-,-,-,-,-,-,CLOSED,-,-,-,-,-,-,-
20250419,09:15,50,10,10,5,50,15,30,CLOSED,5,5,5,5,-,CLOSED,-,-,5,15,5,5,5,-,5,5,-,CLOSED,-,5,5,5,5,5,5
20250419,09:45,180,80,50,50,100,20,100,CLOSED,5,70,20,5,-,CLOSED,-,-,5,15,5,5,5,-,5,5,-,CLOSED,-,5,5,5,5,5,5
20250419,10:15,220,120,120,60,140,60,140,CLOSED,50,100,-,-,-,CLOSED,-,-,5,15,10,5,-,15,10,5,5,CLOSED,-,10,5,5,5,5,15
20250419,10:45,180,120,120,70,160,90,120,CLOSED,50,90,-,-,-,CLOSED,-,-,25,40,25,10,-,15,15,5,5,CLOSED,-,30,15,5,10,5,40
20250419,11:15,180,120,120,70,160,100,120,CLOSED,70,100,15,15,-,CLOSED,5,20,15,40,30,5,5,15,20,5,5,CLOSED,-,30,20,20,20,15,50
20250419,11:45,200,100,140,70,120,80,90,CLOSED,60,120,20,15,-,CLOSED,5,10,20,50,30,5,5,15,20,5,5,CLOSED,-,40,20,20,30,20,40
20250419,12:15,200,90,90,50,120,50,100,CLOSED,60,90,20,10,5,CLOSED,5,10,10,50,30,5,10,30,20,10,5,CLOSED,-,30,20,20,30,20,30
20250419,12:45,200,90,90,50,120,50,100,CLOSED,70,100,-,10,5,CLOSED,5,-,10,40,30,15,-,30,20,10,5,CLOSED,-,30,15,20,30,20,30
20250419,13:15,180,90,100,60,120,70,100,CLOSED,70,120,-,-,5,CLOSED,5,-,25,40,30,15,-,15,20,15,10,CLOSED,-,40,20,15,25,20,40
20250419,13:45,160,90,90,60,120,70,80,CLOSED,60,90,10,10,5,CLOSED,5,5,20,50,30,15,5,15,20,10,10,CLOSED,-,30,20,15,25,15,30
20250419,14:15,180,100,90,60,140,50,80,CLOSED,70,90,10,15,5,CLOSED,5,5,10,50,30,15,20,30,20,15,10,CLOSED,-,40,20,15,25,20,25
20250419,14:45,160,120,90,60,140,50,90,CLOSED,60,90,-,-,5,CLOSED,5,-,20,40,30,15,-,30,20,15,10,CLOSED,-,40,20,20,25,25,40
20250419,15:15,160,100,90,60,140,50,120,CLOSED,70,90,-,-,10,CLOSED,5,-,15,50,30,20,-,30,25,15,10,CLOSED,-,30,20,20,30,20,30
20250419,15:45,140,90,90,50,140,60,120,CLOSED,70,100,-,-,10,CLOSED,5,-,20,50,30,15,-,30,20,10,10,CLOSED,-,40,20,15,25,20,30
20250419,16:15,140,120,100,60,160,60,120,CLOSED,70,100,15,35,10,CLOSED,5,10,20,50,30,15,25,15,25,10,10,CLOSED,-,40,20,10,25,20,30
20250419,16:45,160,120,100,70,160,60,120,CLOSED,60,100,25,40,10,CLOSED,5,15,20,50,30,15,30,30,30,10,10,CLOSED,-,30,20,15,20,20,40
20250419,17:15,160,100,100,70,120,50,100,CLOSED,70,100,25,40,10,CLOSED,-,15,20,30,30,15,30,30,30,10,5,CLOSED,-,40,25,15,25,20,30
20250419,17:45,140,100,100,60,120,50,120,CLOSED,70,70,-,-,10,CLOSED,-,-,20,50,30,20,-,30,20,10,5,CLOSED,-,40,25,10,20,15,30
20250419,18:15,140,100,80,60,120,40,90,CLOSED,70,80,-,-,-,CLOSED,-,-,20,50,25,25,-,30,20,10,5,CLOSED,-,30,25,10,25,15,30
20250419,18:45,120,80,80,40,120,50,90,CLOSED,50,80,-,-,-,CLOSED,-,-,10,30,20,20,-,30,15,5,5,CLOSED,-,40,10,10,20,15,20
20250419,19:15,100,70,70,50,120,40,100,CLOSED,50,70,-,-,-,CLOSED,-,-,5,20,10,15,-,30,15,5,5,CLOSED,-,25,10,5,10,5,-
20250419,19:45,80,60,60,40,100,40,90,CLOSED,30,50,-,-,-,CLOSED,-,-,5,30,5,15,-,15,5,5,5,CLOSED,-,30,10,5,10,5,-
20250419,20:15,-,60,-,40,-,50,70,CLOSED,50,50,-,-,-,CLOSED,-,-,5,40,20,15,-,15,15,5,5,CLOSED,-,40,15,5,10,15,-
20250419,20:45,-,-,-,-,-,-,-,CLOSED,-,-,5,-,-,CLOSED,-,-,5,30,10,15,5,-,20,5,5,CLOSED,-,25,10,5,15,15,-
20250419,21:15,-,-,-,-,-,-,-,CLOSED,-,-,-,-,-,CLOSED,-,-,-,-,-,-,-,-,-,-,-,CLOSED,-,-,-,-,-,-,-
20250419,21:45,-,-,-,-,-,-,-,CLOSED,-,-,-,-,-,CLOSED,-,-,-,-,-,-,-,-,-,-,-,CLOSED,-,-,-,-,-,-,-
20250420,07:15,-,-,-,-,-,-,-,CLOSED,-,-,-,-,-,CLOSED,-,-,-,-,-,-,-,-,-,-,-,CLOSED,-,-,-,-,-,-,-
20250420,07:45,-,-,-,-,-,-,-,CLOSED,-,-,-,-,-,CLOSED,-,-,-,-,-,-,-,-,-,-,-,CLOSED,-,-,-,-,-,-,-
20250420,08:15,-,-,-,-,-,-,-,CLOSED,-,-,-,-,-,CLOSED,-,-,-,-,-,-,-,-,-,-,-,CLOSED,-,-,-,-,-,-,-
20250420,08:45,-,-,-,-,-,-,-,CLOSED,-,-,-,-,-,CLOSED,-,-,-,-,-,-,-,-,-,-,-,CLOSED,-,-,-,-,-,-,-
20250420,09:15,60,10,5,10,50,10,20,CLOSED,5,5,5,5,-,CLOSED,-,-,-,15,-,-,5,-,-,5,-,CLOSED,-,5,5,5,5,5,5
20250420,09:45,200,60,90,40,140,30,80,CLOSED,10,50,15,5,-,CLOSED,-,-,-,15,5,-,5,-,5,5,-,CLOSED,-,5,5,5,5,5,5
20250420,10:15,220,160,80,70,140,60,100,CLOSED,50,90,-,-,-,CLOSED,-,-,-,15,5,-,-,15,10,5,5,CLOSED,-,25,5,5,5,5,25
20250420,10:45,220,180,80,70,120,70,100,CLOSED,70,100,-,-,-,CLOSED,-,-,5,40,20,5,-,15,-,5,5,CLOSED,-,25,20,5,10,10,40
20250420,11:15,200,200,-,70,120,60,100,CLOSED,60,120,5,5,-,CLOSED,5,5,10,40,25,5,5,15,5,5,5,CLOSED,-,40,20,15,20,15,30
20250420,11:45,180,140,-,70,120,50,80,CLOSED,60,90,5,10,-,CLOSED,5,5,15,60,-,5,5,15,30,30,5,CLOSED,-,30,20,10,20,20,40
20250420,12:15,180,100,-,60,100,60,90,CLOSED,50,70,5,10,5,CLOSED,5,5,15,40,-,5,5,15,20,5,5,CLOSED,-,30,15,15,20,15,40
20250420,12:45,140,90,100,50,100,40,90,CLOSED,60,80,-,5,5,CLOSED,5,-,10,30,10,5,-,15,20,5,5,CLOSED,-,30,15,10,20,25,25
20250420,13:15,140,100,100,50,100,40,90,CLOSED,60,80,-,-,5,CLOSED,5,-,20,40,20,15,-,15,20,5,5,CLOSED,-,30,15,10,20,15,25
20250420,13:45,140,100,80,60,120,50,90,CLOSED,60,80,5,5,5,CLOSED,5,5,15,40,-,15,5,15,15,5,5,CLOSED,-,30,15,10,20,10,20
20250420,14:15,140,100,80,50,120,50,80,CLOSED,60,80,5,5,5,CLOSED,5,5,10,40,-,10,5,15,25,5,5,CLOSED,-,40,15,15,20,15,20
20250420,14:45,140,120,90,60,120,50,90,CLOSED,60,80,-,15,5,CLOSED,5,5,15,30,15,5,-,30,25,5,5,CLOSED,-,40,20,15,20,15,30
20250420,15:15,-,100,120,50,120,50,90,CLOSED,60,90,-,-,5,CLOSED,5,-,15,40,25,20,-,15,20,5,5,CLOSED,-,40,20,10,25,20,25
20250420,15:45,-,100,100,60,120,50,90,CLOSED,60,80,-,-,5,CLOSED,5,-,15,40,20,10,-,15,25,5,5,CLOSED,-,40,15,10,20,15,15
20250420,16:15,140,90,120,60,140,40,120,CLOSED,70,80,10,15,5,CLOSED,5,5,10,50,-,20,5,30,25,5,5,CLOSED,-,40,15,10,20,15,25
20250420,16:45,120,80,100,50,140,40,100,CLOSED,60,70,20,20,5,CLOSED,5,5,15,30,-,15,20,15,15,5,5,CLOSED,-,30,20,10,15,15,25
20250420,17:15,140,80,100,60,120,40,90,CLOSED,60,70,5,15,5,CLOSED,-,5,10,40,10,10,20,15,20,5,5,CLOSED,-,30,10,10,20,15,20
20250420,17:45,120,80,80,50,100,30,60,CLOSED,60,40,-,-,10,CLOSED,-,-,10,40,20,15,-,15,20,5,5,CLOSED,-,30,15,10,15,15,15
20250420,18:15,120,80,90,40,90,40,70,CLOSED,60,60,-,-,-,CLOSED,-,-,15,30,20,15,-,15,20,5,5,CLOSED,-,30,10,5,15,15,15
20250420,18:45,120,70,100,40,90,30,60,CLOSED,40,60,-,-,-,CLOSED,-,-,5,20,15,15,-,15,10,5,5,CLOSED,-,20,5,5,15,5,10
20250420,19:15,120,70,-,40,90,40,60,CLOSED,25,40,-,-,-,CLOSED,-,-,10,15,5,15,-,15,5,5,5,CLOSED,-,15,5,5,15,5,5
20250420,19:45,120,50,-,40,-,25,40,CLOSED,40,30,-,-,-,CLOSED,-,-,5,30,5,5,-,15,5,5,5,CLOSED,-,10,5,5,5,5,5
20250420,20:15,-,40,-,40,-,50,70,CLOSED,40,50,-,-,-,CLOSED,-,-,5,30,5,10,-,15,10,5,5,CLOSED,-,25,5,5,5,5,5
20250420,20:45,-,25,-,-,-,30,-,CLOSED,30,-,5,15,-,CLOSED,-,-,5,15,5,10,5,-,5,5,5,CLOSED,-,15,5,5,5,5,5
20250420,21:15,-,-,-,-,-,-,-,CLOSED,-,-,-,-,-,CLOSED,-,-,-,-,-,-,-,-,-,-,-,CLOSED,-,-,-,-,-,-,-
20250420,21:45,-,-,-,-,-,-,-,CLOSED,-,-,-,-,-,CLOSED,-,-,-,-,-,-,-,-,-,-,-,CLOSED,-,-,-,-,-,-,-
20250421,07:15,-,-,-,-,-,-,-,CLOSED,-,-,-,-,-,CLOSED,-,-,-,-,-,-,-,-,-,-,-,CLOSED,-,-,-,-,-,-,-
20250421,07:45,-,-,-,-,-,-,-,CLOSED,-,-,-,-,-,CLOSED,-,-,-,-,-,-,-,-,-,-,-,CLOSED,-,-,-,-,-,-,-
20250421,08:15,-,-,-,-,-,-,-,CLOSED,-,-,-,-,-,CLOSED,-,-,-,-,-,-,-,-,-,-,-,CLOSED,-,-,-,-,-,-,-
20250421,08:45,-,-,-,-,-,-,-,CLOSED,-,-,-,-,-,CLOSED,-,-,-,-,-,-,-,-,-,-,-,CLOSED,-,-,-,-,-,-,-
20250421,09:15,60,10,10,10,50,5,15,CLOSED,5,5,5,5,-,CLOSED,-,-,5,15,5,5,5,-,5,5,-,CLOSED,-,5,5,5,5,5,5
20250421,09:45,120,100,50,40,120,20,70,CLOSED,5,40,20,5,-,CLOSED,-,-,5,15,5,5,5,-,5,5,-,CLOSED,-,5,5,5,5,5,5
20250421,10:15,180,120,70,60,120,40,70,CLOSED,50,80,-,-,-,CLOSED,-,-,10,15,5,5,-,5,5,5,-,CLOSED,-,15,5,5,5,5,25
20250421,10:45,20,100,80,60,120,40,80,CLOSED,50,80,-,-,-,CLOSED,-,-,20,30,15,5,-,15,15,5,5,CLOSED,-,25,15,5,5,10,50
20250421,11:15,180,100,100,50,70,40,70,CLOSED,50,90,10,5,-,CLOSED,5,5,15,40,20,5,5,15,25,5,5,CLOSED,-,25,15,5,15,20,40
20250421,11:45,120,80,70,50,70,40,60,CLOSED,50,90,10,10,-,CLOSED,5,5,15,40,20,5,5,15,15,5,5,CLOSED,-,30,10,10,20,15,40
20250421,12:15,140,70,-,40,100,40,50,CLOSED,40,80,5,10,5,CLOSED,5,5,10,40,25,10,5,15,15,5,5,CLOSED,-,30,10,10,15,10,20
20250421,12:45,140,80,-,60,120,40,50,CLOSED,50,100,-,10,5,CLOSED,5,-,5,40,20,5,-,15,15,5,5,CLOSED,-,30,10,5,20,15,20
20250421,13:15,120,80,50,50,90,40,70,CLOSED,50,90,-,-,5,CLOSED,5,-,15,40,25,15,-,15,20,5,5,CLOSED,-,30,10,10,20,15,30
20250421,13:45,120,70,80,40,100,30,60,CLOSED,50,80,5,10,10,CLOSED,5,5,20,40,20,15,5,15,15,5,5,CLOSED,-,30,15,10,20,10,40
20250421,14:15,120,80,80,50,120,30,60,CLOSED,-,90,10,5,5,CLOSED,5,5,10,40,20,5,5,15,15,5,5,CLOSED,-,30,15,10,25,20,40
20250421,14:45,140,90,80,40,70,40,80,CLOSED,90,80,-,20,5,CLOSED,5,-,15,50,20,10,-,15,15,5,5,CLOSED,-,30,15,10,20,15,20
20250421,15:15,140,90,90,50,90,40,70,CLOSED,70,80,-,-,5,CLOSED,5,-,15,40,20,20,-,15,15,5,5,CLOSED,-,40,15,10,15,20,20
20250421,15:45,140,80,70,40,100,25,70,CLOSED,60,70,-,-,5,CLOSED,5,-,10,40,20,15,-,15,10,5,5,CLOSED,-,30,15,15,20,15,25
20250421,16:15,120,80,90,50,120,40,70,CLOSED,60,80,5,15,5,CLOSED,5,5,10,30,20,10,5,-,20,5,5,CLOSED,-,40,10,10,20,15,30
20250421,16:45,140,80,80,50,90,30,60,CLOSED,60,70,10,30,10,CLOSED,5,10,15,40,20,10,20,-,20,5,5,CLOSED,-,30,10,5,15,15,30
20250421,17:15,140,80,70,50,90,30,60,CLOSED,70,50,5,20,10,CLOSED,-,5,10,40,20,15,20,-,15,5,5,CLOSED,-,30,15,5,10,15,20
20250421,17:45,120,80,60,40,100,40,70,CLOSED,60,60,-,-,10,CLOSED,-,-,20,30,20,20,-,-,15,5,5,CLOSED,-,30,10,5,15,10,20
20250421,18:15,120,70,50,40,80,30,70,CLOSED,40,70,-,-,-,CLOSED,-,-,10,30,20,15,-,-,15,5,5,CLOSED,-,25,5,5,15,10,20
20250421,18:45,120,80,40,40,70,25,40,CLOSED,50,40,-,-,-,CLOSED,-,-,5,30,5,15,-,-,5,5,5,CLOSED,-,30,5,5,10,5,15
20250421,19:15,80,70,40,30,80,20,30,CLOSED,25,40,-,-,-,CLOSED,-,-,5,15,5,10,-,-,10,5,5,CLOSED,-,15,5,5,5,5,5
20250421,19:45,90,60,30,30,70,20,40,CLOSED,20,40,-,-,-,CLOSED,-,-,5,15,-,5,-,5,10,5,5,CLOSED,-,10,5,5,5,5,5
20250421,20:15,-,40,25,30,-,30,40,CLOSED,40,40,-,-,-,CLOSED,-,-,5,15,-,5,-,5,10,5,5,CLOSED,-,10,5,5,5,5,5
20250421,20:45,-,25,20,-,-,15,30,CLOSED,20,30,5,10,-,CLOSED,-,-,5,15,-,5,5,-,10,5,5,CLOSED,-,10,5,5,5,5,5
20250421,21:15,-,-,-,-,-,-,-,CLOSED,-,-,-,-,-,CLOSED,-,-,-,-,-,-,-,-,-,-,-,CLOSED,-,-,-,-,-,-,-
20250421,21:45,-,-,-,-,-,-,-,CLOSED,-,-,-,-,-,CLOSED,-,-,-,-,-,-,-,-,-,-,-,CLOSED,-,-,-,-,-,-,-
20250422,07:15,-,-,-,-,-,-,-,CLOSED,-,-,-,-,-,CLOSED,-,-,-,-,-,-,-,-,-,-,-,CLOSED,-,-,-,-,-,-,-
20250422,07:45,-,-,-,-,-,-,-,CLOSED,-,-,-,-,-,CLOSED,-,-,-,-,-,-,-,-,-,-,-,CLOSED,-,-,-,-,-,-,-
20250422,08:15,-,-,-,-,-,-,-,CLOSED,-,-,-,-,-,CLOSED,-,-,-,-,-,-,-,-,-,-,-,CLOSED,-,-,-,-,-,-,-
20250422,08:45,-,-,-,-,-,-,-,CLOSED,-,-,-,-,-,CLOSED,-,-,-,-,-,-,-,-,-,-,-,CLOSED,-,-,-,-,-,-,-
20250422,09:15,30,10,5,10,50,10,15,CLOSED,5,10,5,5,-,CLOSED,-,-,5,15,5,5,5,-,5,5,-,CLOSED,-,5,5,5,5,5,5
20250422,09:45,160,100,40,50,90,40,60,CLOSED,5,70,15,5,-,CLOSED,-,-,5,15,5,5,5,-,5,5,-,CLOSED,-,5,5,5,5,5,5
20250422,10:15,20,120,100,50,120,50,80,CLOSED,60,90,-,-,-,CLOSED,-,-,10,15,5,5,-,5,10,5,5,CLOSED,-,20,5,5,5,5,25
20250422,10:45,180,120,100,60,120,70,90,CLOSED,60,80,-,-,-,CLOSED,-,-,25,40,25,5,-,15,20,5,5,CLOSED,-,30,10,5,15,10,60
20250422,11:15,160,90,100,70,120,60,10,CLOSED,60,100,10,10,-,CLOSED,5,5,20,50,25,5,5,15,15,5,5,CLOSED,-,30,15,15,20,15,60
20250422,11:45,140,120,70,50,100,50,10,CLOSED,60,120,10,10,-,CLOSED,5,5,20,40,25,5,5,15,20,5,5,CLOSED,-,40,15,10,25,15,40
20250422,12:15,120,100,70,50,120,60,10,CLOSED,50,140,5,15,5,CLOSED,5,5,15,40,25,10,5,15,20,5,5,CLOSED,-,30,15,10,20,10,40
20250422,12:45,140,90,80,50,100,60,50,CLOSED,60,120,-,5,15,CLOSED,5,-,5,50,25,10,-,15,20,5,5,CLOSED,-,40,20,15,20,20,30
20250422,13:15,140,120,90,-,120,60,10,CLOSED,80,90,-,-,5,CLOSED,5,-,20,40,30,15,-,15,20,5,5,CLOSED,-,30,15,15,20,15,30
20250422,13:45,140,100,90,50,90,50,80,CLOSED,70,90,10,15,5,CLOSED,5,5,10,60,25,15,5,15,20,5,5,CLOSED,-,40,20,15,25,15,40
20250422,14:15,140,100,100,60,120,50,80,CLOSED,60,100,10,20,5,CLOSED,5,10,10,50,25,10,15,30,15,5,5,CLOSED,-,30,15,10,25,20,40
20250422,14:45,140,120,80,60,120,60,80,CLOSED,70,120,-,-,5,CLOSED,10,-,20,30,25,10,-,15,20,5,5,CLOSED,-,40,10,-,30,20,30
20250422,15:15,160,100,80,60,120,70,80,CLOSED,80,100,-,-,5,CLOSED,10,-,15,50,25,20,-,30,20,10,5,CLOSED,-,40,15,20,25,20,40
20250422,15:45,160,100,90,50,120,60,80,CLOSED,70,100,-,-,5,CLOSED,5,-,15,40,25,20,-,15,25,10,5,CLOSED,-,40,15,10,25,15,40
20250422,16:15,-,120,90,50,120,50,10,CLOSED,80,100,5,15,5,CLOSED,5,10,15,50,20,15,15,15,20,10,5,CLOSED,-,30,15,10,20,10,30
20250422,16:45,-,120,90,60,140,50,80,CLOSED,70,100,10,35,5,CLOSED,5,5,15,30,20,15,25,15,25,5,5,CLOSED,-,30,10,15,20,20,30
20250422,17:15,-,120,90,60,120,60,80,CLOSED,80,90,10,20,5,CLOSED,-,5,10,50,15,20,15,15,15,5,5,CLOSED,-,40,15,10,20,10,30
20250422,17:45,-,100,80,40,120,50,10,CLOSED,60,120,-,-,5,CLOSED,-,-,20,40,15,20,-,15,15,5,5,CLOSED,-,30,15,15,20,15,40
20250422,18:15,-,90,70,50,100,50,80,CLOSED,60,120,-,-,-,CLOSED,-,-,15,30,15,20,-,15,15,5,5,CLOSED,-,30,15,20,20,20,30
20250422,18:45,-,90,60,50,90,40,60,CLOSED,50,80,-,-,-,CLOSED,-,-,10,50,10,20,-,15,15,5,5,CLOSED,-,30,10,10,15,15,15
20250422,19:15,-,90,50,40,100,40,50,CLOSED,60,80,-,-,-,CLOSED,-,-,5,15,5,15,-,15,10,5,5,CLOSED,-,25,5,10,15,5,10
20250422,19:45,-,80,60,50,-,50,10,CLOSED,40,60,-,-,-,CLOSED,-,-,10,30,5,10,-,15,10,5,5,CLOSED,-,20,10,10,10,10,10
20250422,20:15,-,60,30,40,-,30,60,CLOSED,25,50,5,5,-,CLOSED,-,-,5,15,5,10,5,15,10,5,5,CLOSED,-,25,5,10,10,10,5
20250422,20:45,-,-,20,-,-,20,-,CLOSED,40,-,5,15,-,CLOSED,-,-,5,15,5,5,10,-,5,5,5,CLOSED,-,15,5,10,5,5,5
20250422,21:15,-,-,-,-,-,-,-,CLOSED,-,-,-,-,-,CLOSED,-,-,-,-,-,-,-,-,-,-,-,CLOSED,-,-,-,-,-,-,-
20250422,21:45,-,-,-,-,-,-,-,CLOSED,-,-,-,-,-,CLOSED,-,-,-,-,-,-,-,-,-,-,-,CLOSED,-,-,-,-,-,-,-
20250423,07:15,-,-,-,-,-,-,-,CLOSED,-,-,-,-,-,CLOSED,-,-,-,-,-,-,-,-,-,-,-,CLOSED,-,-,-,-,-,-,-
20250423,07:45,-,-,-,-,-,-,-,CLOSED,-,-,-,-,-,CLOSED,-,-,-,-,-,-,-,-,-,-,-,CLOSED,-,-,-,-,-,-,-
20250423,08:15,-,-,-,-,-,-,-,CLOSED,-,-,-,-,-,CLOSED,-,-,-,-,-,-,-,-,-,-,-,CLOSED,-,-,-,-,-,-,-
20250423,08:45,-,-,-,-,-,-,-,CLOSED,-,-,-,-,-,CLOSED,-,-,-,-,-,-,-,-,-,-,-,CLOSED,-,-,-,-,-,-,-
20250423,09:15,90,5,5,5,50,10,15,CLOSED,5,10,5,5,-,CLOSED,-,-,-,15,5,-,5,-,5,5,-,CLOSED,-,5,5,5,5,5,5
20250423,09:45,100,80,40,40,100,50,60,CLOSED,5,60,5,5,-,CLOSED,-,-,-,15,5,-,5,-,5,5,-,CLOSED,-,-,5,5,5,5,5
20250423,10:15,180,100,50,50,120,50,80,CLOSED,50,60,-,5,-,CLOSED,-,-,-,20,5,-,-,15,5,5,5,CLOSED,-,5,5,5,5,5,10
20250423,10:45,160,90,70,60,120,60,10,CLOSED,50,80,-,-,-,CLOSED,-,-,-,30,5,-,-,15,5,5,5,CLOSED,-,10,5,5,10,15,40
20250423,11:15,140,80,70,40,120,50,60,CLOSED,50,80,5,5,-,CLOSED,5,5,-,40,5,-,5,15,5,5,5,CLOSED,-,10,5,10,20,20,40
20250423,11:45,120,70,70,30,90,40,50,CLOSED,40,80,5,5,-,CLOSED,5,5,-,40,5,-,5,15,5,5,5,CLOSED,-,10,5,15,20,15,30
20250423,12:15,90,70,60,50,90,40,40,CLOSED,40,70,10,5,5,CLOSED,5,5,-,30,5,-,5,15,5,5,5,CLOSED,-,10,5,10,25,15,20
20250423,12:45,100,50,50,30,100,40,60,CLOSED,40,80,-,5,10,CLOSED,5,-,-,30,5,-,-,15,5,5,5,CLOSED,-,10,5,10,25,20,30
20250423,13:15,100,70,60,40,100,60,10,CLOSED,50,80,-,-,10,CLOSED,5,-,-,30,5,-,-,15,5,5,5,CLOSED,-,10,5,10,20,15,30
20250423,13:45,120,80,50,30,90,40,50,CLOSED,30,60,5,5,10,CLOSED,5,5,-,30,5,-,5,15,5,5,5,CLOSED,-,10,5,15,30,15,20
20250423,14:15,120,70,50,25,80,30,50,CLOSED,30,70,5,5,10,CLOSED,5,5,-,30,5,-,25,15,5,5,5,CLOSED,-,10,5,15,30,20,20
20250423,14:45,120,80,50,25,100,50,80,CLOSED,10,70,5,5,10,CLOSED,5,5,-,30,5,-,15,15,5,5,5,CLOSED,-,5,5,10,30,25,20
20250423,15:15,100,60,50,25,100,50,80,CLOSED,60,70,-,-,5,CLOSED,5,-,-,30,5,-,-,15,5,5,5,CLOSED,-,10,5,10,25,25,30
20250423,15:45,100,70,40,30,90,50,10,CLOSED,50,70,-,-,5,CLOSED,5,-,-,30,5,-,-,15,5,5,5,CLOSED,-,15,5,10,20,20,15
20250423,16:15,100,50,40,30,100,50,10,CLOSED,50,80,10,5,5,CLOSED,5,5,-,40,5,-,10,15,5,5,5,CLOSED,-,25,5,5,15,20,20
20250423,16:45,100,50,30,40,100,40,60,CLOSED,60,70,15,5,5,CLOSED,5,5,-,40,5,-,20,-,5,5,5,CLOSED,-,25,5,5,15,15,20
20250423,17:15,90,40,30,40,100,40,50,CLOSED,50,60,15,5,10,CLOSED,-,20,-,20,5,-,20,5,15,5,5,CLOSED,-,25,5,5,20,10,20
20250423,17:45,100,40,30,40,80,30,40,CLOSED,50,50,-,5,10,CLOSED,-,-,-,20,5,-,-,15,10,5,5,CLOSED,-,25,5,5,15,10,10
20250423,18:15,90,40,30,40,60,30,60,CLOSED,50,60,-,-,-,CLOSED,-,-,-,30,5,-,-,15,5,5,5,CLOSED,-,25,5,5,10,10,10
20250423,18:45,-,40,30,40,50,40,50,CLOSED,50,60,-,-,-,CLOSED,-,-,-,20,5,-,-,15,5,5,5,CLOSED,-,20,5,5,5,5,5
20250423,19:15,-,30,25,30,70,20,30,CLOSED,40,40,-,-,-,CLOSED,-,-,-,15,5,-,-,15,5,5,5,CLOSED,-,15,5,5,5,5,5
20250423,19:45,-,20,10,30,50,30,40,CLOSED,20,40,-,-,-,CLOSED,-,-,-,15,5,-,-,15,5,5,5,CLOSED,-,10,5,5,5,5,5
20250423,20:15,50,20,10,30,60,30,50,CLOSED,40,40,-,-,-,CLOSED,-,-,-,15,5,-,-,15,5,5,5,CLOSED,-,10,5,5,5,5,5
20250423,20:45,-,10,10,25,40,20,30,CLOSED,20,25,5,15,-,CLOSED,-,-,-,15,5,-,5,-,5,5,5,CLOSED,-,10,5,5,5,5,5
20250423,21:15,-,-,-,-,-,-,-,CLOSED,-,-,-,-,-,CLOSED,-,-,-,-,-,-,-,-,-,-,-,CLOSED,-,-,-,-,-,-,-
20250423,21:45,-,-,-,-,-,-,-,CLOSED,-,-,-,-,-,CLOSED,-,-,-,-,-,-,-,-,-,-,-,CLOSED,-,-,-,-,-,-,-
20250424,07:15,-,-,-,-,-,-,-,CLOSED,-,-,-,-,-,CLOSED,-,-,-,-,-,-,-,-,-,-,-,CLOSED,-,-,-,-,-,-,-
20250424,07:45,-,-,-,-,-,-,-,CLOSED,-,-,-,-,-,CLOSED,-,-,-,-,-,-,-,-,-,-,-,CLOSED,-,-,-,-,-,-,-
20250424,08:15,-,-,-,-,-,-,-,CLOSED,-,-,-,-,-,CLOSED,-,-,-,-,-,-,-,-,-,-,-,CLOSED,-,-,-,-,-,-,-
20250424,08:45,-,-,-,-,-,-,-,CLOSED,-,-,-,-,-,CLOSED,-,-,-,-,-,-,-,-,-,-,-,CLOSED,-,-,-,-,-,-,-
20250424,09:15,50,15,10,15,50,10,10,CLOSED,5,10,5,5,-,CLOSED,-,-,5,15,5,5,5,-,5,5,-,CLOSED,-,5,5,5,5,5,5
20250424,09:45,140,120,50,50,100,40,60,CLOSED,10,60,20,5,-,CLOSED,-,-,5,15,5,5,5,-,5,5,-,CLOSED,-,5,5,5,5,5,5
20250424,10:15,180,120,80,60,120,60,80,CLOSED,60,80,-,-,-,CLOSED,-,-,5,20,5,5,-,15,5,5,5,CLOSED,-,15,5,5,5,5,30
20250424,10:45,160,90,90,70,120,70,90,CLOSED,70,100,-,-,-,CLOSED,-,-,20,40,20,5,-,15,15,5,5,CLOSED,-,30,15,5,15,10,50
20250424,11:15,180,90,80,60,140,70,100,CLOSED,70,90,10,15,-,CLOSED,5,5,10,40,25,5,5,15,15,5,5,CLOSED,-,30,10,10,15,15,30
20250424,11:45,140,90,80,50,100,60,80,CLOSED,60,100,10,15,-,CLOSED,5,5,15,40,25,5,5,15,20,5,5,CLOSED,-,30,10,10,20,15,40
20250424,12:15,100,80,90,50,90,60,90,CLOSED,70,140,15,15,5,CLOSED,5,5,10,40,25,10,5,15,20,5,5,CLOSED,-,30,15,15,20,15,50
20250424,12:45,120,70,90,50,100,50,60,CLOSED,-,100,-,-,5,CLOSED,5,5,10,50,25,5,-,15,15,10,5,CLOSED,-,40,15,15,30,15,30
20250424,13:15,140,90,70,60,140,70,50,CLOSED,-,120,-,-,5,CLOSED,5,-,20,40,30,15,-,15,20,10,5,CLOSED,-,40,15,15,20,20,30
20250424,13:45,140,90,80,60,90,60,80,CLOSED,-,-,10,10,5,CLOSED,5,5,15,40,30,15,5,15,20,5,5,CLOSED,-,40,20,15,30,20,30
20250424,14:15,140,80,60,60,100,60,60,CLOSED,-,-,5,5,5,CLOSED,5,5,5,50,30,10,20,15,20,10,5,CLOSED,-,40,15,15,30,15,60
20250424,14:45,140,70,80,50,100,70,80,CLOSED,80,-,-,25,5,CLOSED,5,5,15,50,25,10,20,15,20,5,5,CLOSED,-,30,20,15,25,20,40
20250424,15:15,120,90,70,60,120,70,80,CLOSED,80,100,-,-,10,CLOSED,5,-,10,40,30,20,-,15,15,5,5,CLOSED,-,40,15,10,25,20,25
20250424,15:45,140,100,60,50,100,60,10,CLOSED,70,100,-,-,10,CLOSED,5,-,15,60,30,15,-,15,25,5,5,CLOSED,-,40,15,10,25,20,25
20250424,16:15,120,90,70,50,120,70,80,CLOSED,80,140,10,25,10,CLOSED,5,5,10,50,20,15,15,30,20,5,5,CLOSED,-,30,15,15,15,15,40
20250424,16:45,140,100,60,50,120,70,90,CLOSED,90,120,15,25,10,CLOSED,5,5,20,40,25,15,20,15,20,5,5,CLOSED,-,40,15,10,20,10,30
20250424,17:15,100,90,60,40,120,60,90,CLOSED,80,120,10,30,10,CLOSED,-,5,10,40,25,10,20,15,20,5,5,CLOSED,-,40,15,10,20,20,25
20250424,17:45,120,90,60,50,100,50,10,CLOSED,70,140,-,-,5,CLOSED,-,-,15,40,25,15,-,15,30,5,5,CLOSED,-,30,10,10,15,20,30
20250424,18:15,120,90,40,40,90,60,60,CLOSED,70,120,-,-,-,CLOSED,-,-,15,30,20,20,-,15,15,5,5,CLOSED,-,30,15,10,15,10,30
20250424,18:45,120,70,60,50,70,40,50,CLOSED,70,90,-,-,-,CLOSED,-,-,15,30,15,15,-,15,15,5,5,CLOSED,-,40,15,5,20,15,20
20250424,19:15,120,80,-,40,90,40,40,CLOSED,40,80,-,-,-,CLOSED,-,-,5,15,5,15,-,15,10,5,5,CLOSED,-,15,5,5,15,5,5
20250424,19:45,90,60,-,40,80,40,40,CLOSED,40,70,-,-,-,CLOSED,-,-,5,15,5,10,-,15,10,5,5,CLOSED,-,15,5,5,5,5,5
20250424,20:15,-,40,30,25,-,30,60,CLOSED,40,60,-,-,-,CLOSED,-,-,5,15,5,10,-,15,5,5,5,CLOSED,-,20,5,5,5,5,5
20250424,20:45,-,-,30,-,-,-,40,CLOSED,30,-,5,25,-,CLOSED,-,-,5,15,5,5,5,-,5,5,5,CLOSED,-,20,5,5,5,5,5
20250424,21:15,-,-,-,-,-,-,-,CLOSED,-,-,-,-,-,CLOSED,-,-,-,-,-,-,-,-,-,-,-,CLOSED,-,-,-,-,-,-,-
20250424,21:45,-,-,-,-,-,-,-,CLOSED,-,-,-,-,-,CLOSED,-,-,-,-,-,-,-,-,-,-,-,CLOSED,-,-,-,-,-,-,-
20250425,07:15,-,-,-,-,-,-,-,CLOSED,-,-,-,-,-,CLOSED,-,-,-,-,-,-,-,-,-,-,-,CLOSED,-,-,-,-,-,-,-
20250425,07:45,-,-,-,-,-,-,-,CLOSED,-,-,-,-,-,CLOSED,-,-,-,-,-,-,-,-,-,-,-,CLOSED,-,-,-,-,-,-,-
20250425,08:15,-,-,-,-,-,-,-,CLOSED,-,-,-,-,-,CLOSED,-,-,-,-,-,-,-,-,-,-,-,CLOSED,-,-,-,-,-,-,-
20250425,08:45,-,-,-,-,-,-,-,CLOSED,-,-,-,-,-,CLOSED,-,-,-,-,-,-,-,-,-,-,-,CLOSED,-,-,-,-,-,-,-
20250425,09:15,50,10,10,-,50,10,15,CLOSED,5,5,5,5,-,CLOSED,-,-,5,15,5,5,5,-,5,5,-,CLOSED,-,5,5,-,5,5,5
20250425,09:45,-,160,80,-,120,30,80,CLOSED,5,80,15,5,-,CLOSED,-,-,5,15,5,5,5,-,5,5,-,CLOSED,-,5,5,-,5,5,5
20250425,10:15,140,120,80,10,140,70,90,CLOSED,60,90,-,-,-,CLOSED,-,-,-,20,5,-,-,15,5,5,5,CLOSED,-,5,10,5,5,5,20
20250425,10:45,180,90,70,70,160,100,80,CLOSED,100,140,-,-,-,CLOSED,-,-,-,40,25,-,-,15,10,5,5,CLOSED,-,20,15,10,20,5,60
20250425,11:15,200,100,90,50,160,120,90,CLOSED,60,140,5,10,-,CLOSED,5,5,-,40,40,-,5,15,15,5,5,CLOSED,-,30,20,15,20,15,60
20250425,11:45,160,90,80,-,140,80,80,CLOSED,80,100,5,10,-,CLOSED,5,5,10,40,25,5,5,15,25,5,5,CLOSED,-,30,20,10,30,20,50
20250425,12:15,140,90,90,-,100,70,70,CLOSED,90,100,5,10,5,CLOSED,5,5,15,50,25,15,5,15,15,5,5,CLOSED,-,25,20,10,25,20,20
20250425,12:45,140,80,70,-,140,70,70,CLOSED,90,120,-,10,5,CLOSED,5,-,20,40,20,15,-,15,25,5,5,CLOSED,-,25,20,15,25,15,40
20250425,13:15,140,90,60,-,120,70,70,CLOSED,90,140,-,-,10,CLOSED,5,-,20,30,25,20,-,15,25,10,5,CLOSED,-,25,15,20,25,15,40
20250425,13:45,120,90,70,40,120,90,100,CLOSED,70,140,5,5,10,CLOSED,5,5,25,40,20,20,5,15,20,10,5,CLOSED,-,30,15,10,25,20,30
20250425,14:15,120,90,70,80,80,90,90,CLOSED,80,100,5,10,10,CLOSED,5,5,15,40,25,25,10,15,20,5,5,CLOSED,-,30,15,15,25,20,40
20250425,14:45,120,80,60,70,100,60,70,CLOSED,70,80,-,15,10,CLOSED,5,5,25,40,25,20,-,15,30,5,5,CLOSED,-,20,20,15,25,20,30
20250425,15:15,140,80,50,40,100,40,60,CLOSED,50,80,-,-,5,CLOSED,5,-,15,30,20,25,-,15,20,5,5,CLOSED,-,20,10,15,20,15,25
20250425,15:45,120,70,50,50,120,70,70,CLOSED,60,80,-,-,5,CLOSED,5,-,20,30,15,25,-,15,15,5,5,CLOSED,-,20,15,5,15,15,25
20250425,16:15,120,80,70,60,140,70,70,CLOSED,80,120,15,20,5,CLOSED,5,5,20,40,25,15,5,15,15,5,5,CLOSED,-,20,10,5,20,15,40
20250425,16:45,120,100,50,60,140,70,80,CLOSED,70,120,15,30,5,CLOSED,5,5,25,30,20,15,20,15,15,5,5,CLOSED,-,25,15,10,20,15,20
20250425,17:15,140,90,60,60,140,60,80,CLOSED,80,120,15,15,5,CLOSED,-,5,15,40,15,20,25,15,20,5,5,CLOSED,-,25,10,5,15,15,25
20250425,17:45,120,90,40,50,100,70,80,CLOSED,70,120,-,-,5,CLOSED,-,-,25,40,20,20,-,15,20,5,5,CLOSED,-,25,15,5,20,15,30
20250425,18:15,140,100,50,60,100,60,60,CLOSED,70,100,-,-,-,CLOSED,-,-,20,40,30,25,-,15,10,5,5,CLOSED,-,20,10,5,15,15,30
20250425,18:45,140,70,40,40,100,50,60,CLOSED,70,80,-,-,-,CLOSED,-,-,20,20,15,20,-,15,10,5,5,CLOSED,-,20,10,10,15,20,15
20250425,19:15,90,60,30,60,90,50,60,CLOSED,60,80,-,-,-,CLOSED,-,-,10,20,5,20,-,15,15,5,5,CLOSED,-,15,10,5,10,5,5
20250425,19:45,90,40,30,-,-,40,50,CLOSED,40,70,-,-,-,CLOSED,-,-,5,15,5,10,-,15,5,5,5,CLOSED,-,15,10,5,5,5,5
20250425,20:15,-,40,25,-,-,70,70,CLOSED,50,70,-,-,-,CLOSED,-,-,10,20,5,20,-,15,15,5,5,CLOSED,-,15,10,5,5,5,5
20250425,20:45,-,25,20,5,-,-,40,CLOSED,-,-,5,-,-,CLOSED,-,-,5,15,5,15,5,-,10,5,5,CLOSED,-,10,10,5,5,5,5
20250425,21:15,-,-,-,-,-,-,-,CLOSED,-,-,-,-,-,CLOSED,-,-,-,-,-,-,-,-,-,-,-,CLOSED,-,-,-,-,-,-,-
20250425,21:45,-,-,-,-,-,-,-,CLOSED,-,-,-,-,-,CLOSED,-,-,-,-,-,-,-,-,-,-,-,CLOSED,-,-,-,-,-,-,-
20250426,07:15,-,-,-,-,-,-,-,CLOSED,-,-,-,-,-,CLOSED,-,-,-,-,-,-,-,-,-,-,-,CLOSED,-,-,-,-,-,-,-
20250426,07:45,-,-,-,-,-,-,-,CLOSED,-,-,-,-,-,CLOSED,-,-,-,-,-,-,-,-,-,-,-,CLOSED,-,-,-,-,-,-,-
20250426,08:15,-,-,-,-,-,-,-,CLOSED,-,-,-,-,-,CLOSED,-,-,-,-,-,-,-,-,-,-,-,CLOSED,-,-,-,-,-,-,-
20250426,08:45,-,-,-,-,-,-,-,CLOSED,-,-,-,-,-,CLOSED,-,-,-,-,-,-,-,-,-,-,-,CLOSED,-,-,-,-,-,-,-
20250426,09:15,80,30,20,30,100,20,50,CLOSED,5,50,10,5,-,CLOSED,-,-,5,15,5,5,5,-,5,5,-,CLOSED,-,5,5,5,5,5,5
20250426,09:45,200,100,120,50,120,50,120,CLOSED,20,50,15,5,-,CLOSED,-,-,5,15,5,5,5,-,5,5,-,CLOSED,-,5,5,5,5,5,5
20250426,10:15,200,120,100,70,160,60,120,CLOSED,60,80,-,-,-,CLOSED,-,-,15,30,10,5,-,15,15,5,5,CLOSED,-,10,10,5,5,5,25
20250426,10:45,200,100,70,70,120,50,90,CLOSED,60,80,-,-,-,CLOSED,-,-,20,30,20,10,-,15,15,5,5,CLOSED,-,25,15,5,10,15,30
20250426,11:15,180,90,70,-,100,40,70,CLOSED,60,60,5,5,-,CLOSED,5,5,20,30,15,10,5,15,20,5,5,CLOSED,-,20,15,5,10,5,40
20250426,11:45,140,90,80,-,80,40,70,CLOSED,60,70,5,5,-,CLOSED,5,5,15,40,15,15,5,15,15,5,5,CLOSED,-,15,10,5,15,10,30
20250426,12:15,140,100,80,30,100,40,90,CLOSED,60,60,5,5,5,CLOSED,5,5,10,30,20,15,5,15,15,5,5,CLOSED,-,20,15,5,10,10,15
20250426,12:45,140,90,70,60,100,40,80,CLOSED,70,60,-,5,5,CLOSED,5,-,5,30,15,10,-,15,20,5,5,CLOSED,-,15,15,5,10,10,15
20250426,13:15,140,90,90,60,120,50,70,CLOSED,40,50,-,-,5,CLOSED,5,-,25,30,10,15,-,15,20,5,5,CLOSED,-,20,15,10,15,15,20
20250426,13:45,140,100,80,50,100,30,70,CLOSED,60,70,10,10,5,CLOSED,5,5,20,40,20,15,5,15,20,5,5,CLOSED,-,20,15,10,15,10,10
20250426,14:15,140,80,70,50,100,40,80,CLOSED,60,70,10,5,5,CLOSED,5,5,10,40,20,10,5,15,20,5,5,CLOSED,-,20,10,5,20,10,10
20250426,14:45,140,120,60,50,120,40,100,CLOSED,60,50,10,20,5,CLOSED,5,5,25,30,20,15,15,15,15,5,-,CLOSED,-,20,15,5,20,10,25
20250426,15:15,140,90,60,70,120,40,90,CLOSED,50,70,-,-,5,CLOSED,5,-,20,40,20,20,-,15,15,5,5,CLOSED,-,25,15,10,15,15,25
20250426,15:45,140,90,60,50,120,30,90,CLOSED,60,60,5,5,5,CLOSED,5,5,15,30,10,20,5,15,15,5,5,CLOSED,-,20,10,10,20,15,15
20250426,16:15,140,100,70,50,120,40,90,CLOSED,50,80,10,15,5,CLOSED,5,5,20,40,5,20,10,30,15,5,5,CLOSED,-,15,10,15,20,20,25
20250426,16:45,140,80,70,-,120,30,120,CLOSED,10,70,10,5,5,CLOSED,5,5,30,40,5,25,20,15,5,5,5,CLOSED,-,5,5,20,40,25,5
20250426,17:15,140,100,70,25,120,30,70,CLOSED,60,50,-,10,5,CLOSED,-,5,25,20,15,15,20,15,5,5,5,CLOSED,-,10,5,15,25,15,10
20250426,17:45,140,90,50,70,90,30,70,CLOSED,60,60,-,-,5,CLOSED,-,-,20,30,10,20,-,15,10,5,5,CLOSED,-,15,10,5,25,10,10
20250426,18:15,120,80,50,50,100,25,80,CLOSED,60,60,-,-,-,CLOSED,-,-,20,30,10,20,-,15,10,5,5,CLOSED,-,15,10,5,15,10,10
20250426,18:45,100,80,30,40,90,25,60,CLOSED,30,40,-,-,-,CLOSED,-,-,20,30,5,15,-,15,10,5,5,CLOSED,-,20,10,5,15,10,5
20250426,19:15,100,70,30,30,90,15,50,CLOSED,50,25,-,-,-,CLOSED,-,-,10,15,5,20,-,15,5,5,5,CLOSED,-,5,5,5,10,5,5
20250426,19:45,90,40,25,40,90,25,50,CLOSED,30,40,-,-,-,CLOSED,-,-,5,15,5,15,-,15,5,5,5,CLOSED,-,5,5,5,5,5,5
20250426,20:15,-,40,30,40,-,30,70,CLOSED,40,40,-,-,-,CLOSED,-,-,10,15,5,15,-,15,5,5,5,CLOSED,-,5,5,5,5,5,5
20250426,20:45,-,-,25,-,-,25,-,CLOSED,20,-,5,25,-,CLOSED,-,-,5,15,5,15,10,-,5,5,5,CLOSED,-,5,5,5,5,5,5
20250426,21:15,-,-,-,-,-,-,-,CLOSED,-,-,-,-,-,CLOSED,-,-,-,-,-,-,-,-,-,-,-,CLOSED,-,-,-,-,-,-,-
20250426,21:45,-,-,-,-,-,-,-,CLOSED,-,-,-,-,-,CLOSED,-,-,-,-,-,-,-,-,-,-,-,CLOSED,-,-,-,-,-,-,-
20250427,07:15,-,-,-,-,-,-,-,CLOSED,-,-,-,-,-,CLOSED,-,-,-,-,-,-,-,-,-,-,-,CLOSED,-,-,-,-,-,-,-
20250427,07:45,-,-,-,-,-,-,-,CLOSED,-,-,-,-,-,CLOSED,-,-,-,-,-,-,-,-,-,-,-,CLOSED,-,-,-,-,-,-,-
20250427,08:15,-,-,-,-,-,-,-,CLOSED,-,-,-,-,-,CLOSED,-,-,-,-,-,-,-,-,-,-,-,CLOSED,-,-,-,-,-,-,-
20250427,08:45,-,-,-,-,-,-,-,CLOSED,-,-,-,-,-,CLOSED,-,-,-,-,-,-,-,-,-,-,-,CLOSED,-,-,-,-,-,-,-
20250427,09:15,90,40,20,30,120,25,70,CLOSED,5,40,5,5,-,CLOSED,-,-,5,15,5,5,5,-,5,5,-,CLOSED,-,5,5,5,5,5,5
20250427,09:45,180,90,70,50,120,40,100,CLOSED,30,60,-,10,-,CLOSED,-,-,5,15,5,5,5,-,5,5,-,CLOSED,-,5,5,5,5,5,5
20250427,10:15,160,100,90,60,120,50,100,CLOSED,60,70,-,-,-,CLOSED,-,-,20,20,15,5,5,5,15,5,5,CLOSED,-,15,15,5,5,5,15
20250427,10:45,180,120,60,50,80,50,80,CLOSED,50,70,-,-,-,CLOSED,-,-,15,30,20,10,-,15,15,5,5,CLOSED,-,15,15,5,15,10,40
20250427,11:15,180,120,70,50,80,40,60,CLOSED,50,70,5,5,-,CLOSED,5,5,10,40,20,10,5,15,15,5,5,CLOSED,-,15,15,5,15,10,15
20250427,11:45,160,90,60,40,90,30,60,CLOSED,50,50,5,5,-,CLOSED,5,5,20,30,15,10,5,15,15,5,5,CLOSED,-,15,10,5,15,5,25
20250427,12:15,120,70,60,40,90,30,70,CLOSED,50,50,5,5,5,CLOSED,5,5,15,20,15,10,5,15,15,5,5,CLOSED,-,15,10,5,10,5,25
20250427,12:45,120,60,70,50,100,40,70,CLOSED,40,50,-,15,5,CLOSED,5,-,15,30,15,10,-,15,15,5,5,CLOSED,-,15,10,5,10,5,25
20250427,13:15,100,90,70,40,90,50,70,CLOSED,50,40,-,-,5,CLOSED,5,-,25,30,20,20,-,15,20,5,5,CLOSED,-,20,10,5,15,10,5
20250427,13:45,140,80,60,45,120,40,70,CLOSED,50,60,5,5,10,CLOSED,5,5,15,40,20,15,5,15,10,5,5,CLOSED,-,15,10,5,15,10,10
20250427,14:15,160,80,70,55,120,40,70,CLOSED,60,50,5,10,5,CLOSED,5,5,15,40,20,15,5,15,15,5,5,CLOSED,-,15,15,10,20,15,15
20250427,14:45,140,80,60,50,100,50,80,CLOSED,50,50,-,-,15,CLOSED,5,5,20,40,20,10,-,15,20,5,5,CLOSED,-,20,15,10,15,15,15
20250427,15:15,120,80,60,50,120,50,90,CLOSED,50,50,-,-,15,CLOSED,5,-,20,30,20,20,-,15,10,5,5,CLOSED,-,20,10,5,20,15,15
20250427,15:45,120,80,70,50,120,50,100,CLOSED,50,50,-,-,10,CLOSED,5,-,25,30,20,25,-,15,15,5,5,CLOSED,-,30,15,5,20,15,10
20250427,16:15,120,70,60,50,120,50,80,CLOSED,40,50,10,30,5,CLOSED,5,5,20,30,20,20,10,15,15,5,5,CLOSED,-,15,10,10,20,15,5
20250427,16:45,120,70,50,50,100,50,90,CLOSED,50,50,15,30,5,CLOSED,5,5,25,30,15,15,20,15,10,5,5,CLOSED,-,20,15,5,20,10,10
20250427,17:15,120,70,50,40,100,40,90,CLOSED,50,50,10,20,5,CLOSED,-,5,15,30,15,15,20,15,15,5,5,CLOSED,-,15,20,5,15,10,10
20250427,17:45,100,60,50,50,90,30,60,CLOSED,40,40,-,-,5,CLOSED,-,-,20,30,15,15,-,15,20,5,5,CLOSED,-,15,10,5,15,15,10
20250427,18:15,90,60,40,40,100,50,60,CLOSED,40,40,-,-,-,CLOSED,-,-,20,30,10,20,-,15,10,5,5,CLOSED,-,15,10,5,15,15,5
20250427,18:45,-,50,40,40,90,40,70,CLOSED,40,40,-,-,-,CLOSED,-,-,10,20,5,20,-,15,10,5,5,CLOSED,-,10,5,5,10,10,5
20250427,19:15,120,50,30,30,90,30,50,CLOSED,15,30,-,-,-,CLOSED,-,-,5,15,5,20,-,15,5,5,5,CLOSED,-,5,5,5,5,5,5
20250427,19:45,90,30,20,30,10,30,50,CLOSED,10,15,-,-,-,CLOSED,-,-,5,15,5,10,-,15,5,5,5,CLOSED,-,5,5,5,5,5,5
20250427,20:15,70,25,20,30,-,50,50,CLOSED,40,40,-,-,-,CLOSED,-,-,5,15,5,15,-,15,5,5,5,CLOSED,-,5,5,5,5,5,5
20250427,20:45,-,15,10,-,-,-,40,CLOSED,10,20,5,20,-,CLOSED,-,-,5,15,5,15,5,-,10,5,5,CLOSED,-,5,5,5,5,5,5
20250427,21:15,-,-,-,-,-,-,-,CLOSED,-,-,-,-,-,CLOSED,-,-,-,-,-,-,-,-,-,-,-,CLOSED,-,-,-,-,-,-,-
20250427,21:45,-,-,-,-,-,-,-,CLOSED,-,-,-,-,-,CLOSED,-,-,-,-,-,-,-,-,-,-,-,CLOSED,-,-,-,-,-,-,-
20250428,07:15,-,-,-,-,-,-,-,CLOSED,-,-,-,-,-,CLOSED,-,-,-,-,-,-,-,-,-,-,-,CLOSED,-,-,-,-,-,-,-
20250428,07:45,-,-,-,-,-,-,-,CLOSED,-,-,-,-,-,CLOSED,-,-,-,-,-,-,-,-,-,-,-,CLOSED,-,-,-,-,-,-,-
20250428,08:15,-,-,-,-,-,-,-,CLOSED,-,-,-,-,-,CLOSED,-,-,-,-,-,-,-,-,-,-,-,CLOSED,-,-,-,-,-,-,-
20250428,08:45,-,-,-,-,-,-,-,CLOSED,-,-,-,-,-,CLOSED,-,-,-,-,-,-,-,-,-,-,-,CLOSED,-,-,-,-,-,-,-
20250428,09:15,40,70,15,25,100,15,80,CLOSED,5,40,5,5,-,CLOSED,-,-,5,-,5,5,5,-,5,5,-,CLOSED,-,5,5,5,5,5,-
20250428,09:45,220,120,90,60,160,40,90,CLOSED,25,60,20,5,-,CLOSED,-,-,10,-,5,5,5,-,5,5,-,CLOSED,-,5,5,5,5,5,-
20250428,10:15,180,120,120,70,160,60,120,CLOSED,60,100,-,-,-,CLOSED,-,-,25,30,15,5,-,15,25,5,5,CLOSED,-,20,15,5,10,10,30
20250428,10:45,180,120,120,70,160,70,120,CLOSED,60,120,-,-,-,CLOSED,-,-,30,50,40,10,-,15,30,5,5,CLOSED,-,25,20,10,25,25,50
20250428,11:15,180,120,100,70,140,70,100,CLOSED,70,120,5,10,-,CLOSED,5,5,25,70,-,20,5,15,20,5,5,CLOSED,-,30,25,20,30,20,60
20250428,11:45,200,120,90,70,120,60,70,CLOSED,70,120,5,20,-,CLOSED,5,5,20,50,-,15,5,15,25,5,5,CLOSED,-,40,30,20,30,20,50
20250428,12:15,180,120,70,60,100,60,90,CLOSED,70,140,10,15,5,CLOSED,5,5,20,40,30,15,15,30,25,5,5,CLOSED,-,30,20,15,30,15,40
20250428,12:45,180,100,100,50,100,60,100,CLOSED,70,140,-,-,5,CLOSED,5,-,20,50,30,15,-,30,30,5,10,CLOSED,-,30,15,15,25,20,30
20250428,13:15,180,100,100,60,120,70,100,CLOSED,80,140,-,-,10,CLOSED,5,-,25,50,30,25,-,15,25,5,5,CLOSED,-,30,20,15,25,15,30
20250428,13:45,180,120,90,70,140,60,120,CLOSED,70,90,10,5,10,CLOSED,5,5,25,40,30,20,10,30,25,5,5,CLOSED,-,30,15,15,25,20,40
20250428,14:15,160,140,100,70,140,50,120,CLOSED,80,100,5,15,10,CLOSED,5,5,20,70,30,20,15,30,30,5,5,CLOSED,-,25,20,20,25,20,40
20250428,14:45,160,140,100,60,120,60,100,CLOSED,70,120,-,-,5,CLOSED,5,-,30,80,30,20,-,30,30,5,10,CLOSED,-,30,20,15,25,20,50
20250428,15:15,180,140,90,60,140,60,120,CLOSED,80,120,-,-,5,CLOSED,5,-,20,70,30,30,-,30,25,5,10,CLOSED,-,30,20,20,25,25,50
20250428,15:45,160,140,100,60,160,60,120,CLOSED,80,100,-,-,10,CLOSED,5,-,25,60,30,20,-,30,25,5,5,CLOSED,-,30,20,20,30,25,30
20250428,16:15,140,120,120,60,140,60,120,CLOSED,70,100,10,5,10,CLOSED,5,5,20,50,-,30,20,15,20,5,5,CLOSED,-,25,20,15,40,20,40
20250428,16:45,140,100,90,60,120,60,100,CLOSED,60,90,20,25,10,CLOSED,5,5,25,40,-,25,25,30,40,5,5,CLOSED,-,30,20,20,30,20,40
20250428,17:15,140,140,80,60,120,50,100,CLOSED,60,100,15,25,5,CLOSED,-,5,15,40,10,15,20,30,30,5,5,CLOSED,-,30,20,20,30,20,30
20250428,17:45,120,120,80,60,120,40,100,CLOSED,70,100,-,-,5,CLOSED,-,-,25,50,20,25,-,15,10,5,5,CLOSED,-,30,10,10,30,15,30
20250428,18:15,140,100,80,40,120,50,80,CLOSED,60,100,-,-,-,CLOSED,-,-,25,50,5,30,-,15,5,5,5,CLOSED,-,5,5,20,30,15,40
20250428,18:45,140,120,70,40,100,50,90,CLOSED,20,90,-,-,-,CLOSED,-,-,20,30,5,25,-,15,5,5,5,CLOSED,-,5,5,15,30,20,25
20250428,19:15,120,80,50,25,100,30,100,CLOSED,20,70,-,-,-,CLOSED,-,-,10,30,5,20,-,15,5,5,5,CLOSED,-,5,5,15,25,15,10
20250428,19:45,90,50,50,15,90,30,90,CLOSED,10,50,5,5,-,CLOSED,-,-,10,20,5,20,5,15,5,5,5,CLOSED,-,5,5,-,20,15,5
20250428,20:15,-,40,40,25,-,20,70,CLOSED,5,40,5,5,-,CLOSED,-,-,5,15,5,20,10,15,5,5,5,CLOSED,-,5,5,5,15,15,5
20250428,20:45,-,-,20,20,-,25,40,CLOSED,5,15,5,5,-,CLOSED,-,-,5,15,5,15,10,-,5,5,5,CLOSED,-,5,5,5,5,5,5
20250428,21:15,-,-,-,-,-,-,-,CLOSED,-,-,-,-,-,CLOSED,-,-,-,-,-,-,-,-,-,-,-,CLOSED,-,-,-,-,-,-,-
20250428,21:45,-,-,-,-,-,-,-,CLOSED,-,-,-,-,-,CLOSED,-,-,-,-,-,-,-,-,-,-,-,CLOSED,-,-,-,-,-,-,-
20250429,07:15,-,-,-,-,-,-,-,CLOSED,-,-,-,-,-,CLOSED,-,-,-,-,-,-,-,-,-,-,-,CLOSED,-,-,-,-,-,-,-
20250429,07:45,-,-,-,-,-,-,-,CLOSED,-,-,-,-,-,CLOSED,-,-,-,-,-,-,-,-,-,-,-,CLOSED,-,-,-,-,-,-,-
20250429,08:15,-,-,-,-,-,-,-,CLOSED,-,-,-,-,-,CLOSED,-,-,-,-,-,-,-,-,-,-,-,CLOSED,-,-,-,-,-,-,-
20250429,08:45,-,-,-,-,-,-,-,CLOSED,-,-,-,-,-,CLOSED,-,-,-,-,-,-,-,-,-,-,-,CLOSED,-,-,-,-,-,-,-
20250429,09:15,90,100,-,50,90,5,60,CLOSED,5,50,5,5,-,CLOSED,-,-,5,15,5,5,5,-,5,5,-,CLOSED,-,5,5,5,5,5,5
20250429,09:45,200,120,-,80,160,50,120,CLOSED,50,60,25,15,-,CLOSED,-,-,10,15,5,5,5,-,10,5,-,CLOSED,-,5,10,5,5,5,15
20250429,10:15,180,90,60,60,140,40,100,CLOSED,60,70,-,-,-,CLOSED,-,-,25,30,-,5,-,15,15,5,5,CLOSED,-,20,10,5,10,5,30
20250429,10:45,160,80,50,50,120,50,70,CLOSED,50,50,-,-,-,CLOSED,-,-,20,40,-,10,-,15,15,5,5,CLOSED,-,20,15,5,10,10,20
20250429,11:15,120,70,60,40,100,25,40,CLOSED,40,60,5,5,-,CLOSED,5,5,15,15,15,10,5,15,15,5,5,CLOSED,-,20,10,5,15,15,20
20250429,11:45,120,60,70,50,80,25,60,CLOSED,40,50,5,5,-,CLOSED,5,5,25,20,15,10,5,15,15,5,5,CLOSED,-,15,10,5,10,10,15
20250429,12:15,140,70,60,40,80,25,60,CLOSED,50,40,5,5,5,CLOSED,5,5,15,30,20,10,5,15,10,5,5,CLOSED,-,15,5,5,10,10,5
20250429,12:45,140,70,60,40,90,30,50,CLOSED,40,40,-,5,5,CLOSED,5,-,10,30,20,10,-,15,15,5,5,CLOSED,-,15,15,5,20,5,10
20250429,13:15,120,70,70,50,80,30,70,CLOSED,30,50,-,-,5,CLOSED,5,-,25,30,20,20,-,15,10,5,5,CLOSED,-,15,10,5,15,10,20
20250429,13:45,120,80,70,50,100,20,80,CLOSED,50,50,-,5,5,CLOSED,5,-,20,30,20,15,-,15,15,5,5,CLOSED,-,20,10,5,10,10,5
20250429,14:15,140,90,80,50,120,25,60,CLOSED,40,40,5,10,5,CLOSED,5,5,10,40,20,15,5,15,10,5,5,CLOSED,-,15,10,5,15,15,5
20250429,14:45,120,80,50,50,90,30,60,CLOSED,50,50,5,15,5,CLOSED,5,5,20,20,25,15,-,15,15,5,5,CLOSED,-,20,10,5,15,15,10
20250429,15:15,120,70,60,50,90,20,70,CLOSED,50,50,-,-,5,CLOSED,5,-,15,30,20,20,-,15,15,5,5,CLOSED,-,25,10,5,15,15,5
20250429,15:45,140,70,60,50,100,50,70,CLOSED,70,40,-,-,5,CLOSED,5,-,20,30,20,20,-,15,10,5,5,CLOSED,-,20,10,5,15,10,5
20250429,16:15,120,70,60,50,100,40,70,CLOSED,60,40,5,10,5,CLOSED,5,10,10,30,20,10,15,15,20,5,5,CLOSED,-,30,10,5,15,15,5
20250429,16:45,120,60,60,70,120,30,70,CLOSED,40,60,5,20,10,CLOSED,5,5,25,30,20,15,20,15,15,5,5,CLOSED,-,25,10,5,15,10,5
20250429,17:15,100,80,50,50,100,30,70,CLOSED,50,30,10,20,10,CLOSED,-,5,15,30,20,10,20,15,15,5,5,CLOSED,-,20,10,5,15,10,5
20250429,17:45,-,50,40,40,100,40,60,CLOSED,40,40,-,-,5,CLOSED,-,-,15,30,15,20,-,15,15,5,5,CLOSED,-,20,10,5,15,10,5
20250429,18:15,-,50,40,50,80,30,60,CLOSED,50,40,-,-,-,CLOSED,-,-,15,20,20,15,-,15,10,5,5,CLOSED,-,15,10,5,10,10,5
20250429,18:45,70,30,40,40,80,25,60,CLOSED,30,30,-,-,-,CLOSED,-,-,10,30,20,20,-,15,10,5,5,CLOSED,-,10,10,5,10,5,5
20250429,19:15,90,40,20,30,70,25,40,CLOSED,30,25,-,-,-,CLOSED,-,-,5,15,5,10,-,15,5,5,5,CLOSED,-,5,5,5,5,5,5
20250429,19:45,-,25,30,30,70,20,30,CLOSED,10,15,-,-,-,CLOSED,-,-,5,15,5,10,-,15,5,5,5,CLOSED,-,5,5,5,5,5,5
20250429,20:15,-,30,25,40,60,30,50,CLOSED,40,30,-,-,-,CLOSED,-,-,5,15,5,15,-,15,5,5,5,CLOSED,-,5,5,5,5,5,5
20250429,20:45,-,15,10,-,-,25,-,CLOSED,10,20,5,15,-,CLOSED,-,-,5,15,5,10,5,-,5,5,5,CLOSED,-,5,5,5,5,5,5
20250429,21:15,-,-,-,-,-,-,-,CLOSED,-,-,-,-,-,CLOSED,-,-,-,-,-,-,-,-,-,-,-,CLOSED,-,-,-,-,-,-,-
20250429,21:45,-,-,-,-,-,-,-,CLOSED,-,-,-,-,-,CLOSED,-,-,-,-,-,-,-,-,-,-,-,CLOSED,-,-,-,-,-,-,-
20250430,07:15,-,-,-,-,-,-,-,CLOSED,-,-,-,-,-,CLOSED,-,-,-,-,-,-,-,-,-,-,-,CLOSED,-,-,-,-,-,-,-
20250430,07:45,-,-,-,-,-,-,-,CLOSED,-,-,-,-,-,CLOSED,-,-,-,-,-,-,-,-,-,-,-,CLOSED,-,-,-,-,-,-,-
20250430,08:15,-,-,-,-,-,-,-,CLOSED,-,-,-,-,-,CLOSED,-,-,-,-,-,-,-,-,-,-,-,CLOSED,-,-,-,-,-,-,-
20250430,08:45,-,-,-,-,-,-,-,CLOSED,-,-,-,-,-,CLOSED,-,-,-,-,-,-,-,-,-,-,-,CLOSED,-,-,-,-,-,-,-
20250430,09:15,70,100,10,40,140,20,80,CLOSED,5,40,10,5,-,CLOSED,-,-,5,15,5,5,5,-,5,5,-,CLOSED,-,5,5,5,5,5,5
20250430,09:45,180,80,60,60,120,30,80,CLOSED,20,50,-,10,-,CLOSED,-,-,10,15,5,5,5,-,5,5,-,CLOSED,-,5,5,5,5,5,10
20250430,10:15,220,100,60,60,100,50,70,CLOSED,60,50,-,-,-,CLOSED,-,-,20,20,15,5,-,5,10,5,5,CLOSED,-,10,5,5,10,10,20
20250430,10:45,2,100,50,50,80,80,50,CLOSED,50,60,-,-,-,CLOSED,-,-,15,30,-,15,-,5,10,5,5,CLOSED,-,15,15,5,10,10,25
20250430,11:15,140,100,60,40,-,40,40,CLOSED,60,50,5,5,-,CLOSED,5,5,5,40,-,10,5,5,15,5,5,CLOSED,-,15,10,5,15,10,50
20250430,11:45,120,80,50,50,5,30,70,CLOSED,60,60,5,5,-,CLOSED,5,5,25,40,20,5,5,15,15,5,10,CLOSED,-,20,15,5,15,10,40
20250430,12:15,120,80,60,50,-,40,50,CLOSED,40,60,5,5,5,CLOSED,5,5,15,40,20,10,5,15,15,5,10,CLOSED,-,15,10,5,15,5,20
20250430,12:45,120,90,60,40,30,30,40,CLOSED,40,70,-,5,5,CLOSED,5,-,10,30,15,15,-,15,10,5,10,CLOSED,-,10,10,5,20,10,20
20250430,13:15,120,60,60,50,120,30,50,CLOSED,40,60,-,-,5,CLOSED,5,-,30,30,20,25,-,15,10,5,10,CLOSED,-,20,5,5,15,10,5
20250430,13:45,100,80,40,50,120,30,60,CLOSED,50,40,5,5,5,CLOSED,5,5,25,40,20,15,5,15,10,5,5,CLOSED,-,15,10,5,15,10,15
20250430,14:15,100,80,60,50,80,25,60,CLOSED,50,50,5,5,5,CLOSED,5,5,15,40,20,10,5,15,15,5,5,CLOSED,-,10,10,5,15,10,15
20250430,14:45,120,90,50,70,100,30,60,CLOSED,50,60,5,15,5,CLOSED,5,5,25,40,20,20,-,15,15,5,5,CLOSED,-,15,10,5,15,15,15
20250430,15:15,120,80,40,50,120,30,70,CLOSED,50,50,-,-,5,CLOSED,5,-,15,40,20,25,-,15,15,5,5,CLOSED,-,15,10,10,15,15,10
20250430,15:45,120,80,40,50,90,20,60,CLOSED,40,40,-,-,5,CLOSED,5,-,20,30,20,20,-,15,15,5,5,CLOSED,-,15,10,5,15,15,5
20250430,16:15,120,80,40,50,140,25,60,CLOSED,40,50,10,5,5,CLOSED,5,5,15,30,15,20,15,15,15,5,5,CLOSED,-,15,5,5,15,10,10
20250430,16:45,100,80,40,50,120,30,60,CLOSED,40,40,15,10,5,CLOSED,5,5,25,30,15,20,20,15,10,5,5,CLOSED,-,15,5,5,15,10,5
20250430,17:15,100,80,40,40,120,30,50,CLOSED,50,40,15,15,5,CLOSED,-,5,10,30,10,20,15,15,5,5,5,CLOSED,-,10,5,5,15,10,5
20250430,17:45,100,60,30,60,120,30,50,CLOSED,30,40,-,-,5,CLOSED,-,-,25,30,10,25,-,15,10,5,5,CLOSED,-,10,10,5,15,5,5
20250430,18:15,100,60,30,40,100,20,60,CLOSED,50,40,-,-,-,CLOSED,-,-,20,20,15,20,-,15,10,5,5,CLOSED,-,10,5,5,10,5,5
20250430,18:45,120,40,30,40,80,20,50,CLOSED,30,30,-,-,-,CLOSED,-,-,10,20,10,20,-,15,10,5,5,CLOSED,-,10,5,5,10,10,5
20250430,19:15,80,30,15,30,50,20,40,CLOSED,20,30,-,-,-,CLOSED,-,-,5,15,5,20,-,15,10,5,5,CLOSED,-,5,5,5,5,5,5
20250430,19:45,80,30,10,40,80,20,30,CLOSED,15,20,-,-,-,CLOSED,-,-,5,15,5,20,-,15,5,5,5,CLOSED,-,5,5,5,5,5,5
20250430,20:15,50,30,15,30,-,40,60,CLOSED,30,30,-,-,-,CLOSED,-,-,10,15,5,15,-,15,5,5,5,CLOSED,-,5,5,5,5,5,5
20250430,20:45,-,20,10,-,-,25,40,CLOSED,20,20,5,15,-,CLOSED,-,-,5,15,5,15,5,-,5,5,5,CLOSED,-,5,5,5,5,5,5
20250430,21:15,-,-,-,-,-,-,-,CLOSED,-,-,-,-,-,CLOSED,-,-,-,-,-,-,-,-,-,-,-,CLOSED,-,-,-,-,-,-,-
20250430,21:45,-,-,-,-,-,-,-,CLOSED,-,-,-,-,-,CLOSED,-,-,-,-,-,-,-,-,-,-,-,CLOSED,-,-,-,-,-,-,-
20250501,07:15,-,-,-,-,-,-,-,CLOSED,-,-,-,-,-,-,-,-,-,-,-,-,-,-,CLOSED,-,-,CLOSED,-,-,-,-,-,-,-
20250501,07:45,-,-,-,-,-,-,-,CLOSED,-,-,-,-,-,-,-,-,-,-,-,-,-,-,CLOSED,-,-,CLOSED,-,-,-,-,-,-,-
20250501,08:15,-,-,-,-,-,-,-,CLOSED,-,-,-,-,-,-,-,-,-,-,-,-,-,-,CLOSED,-,-,CLOSED,-,-,-,-,-,-,-
20250501,08:45,-,-,-,-,-,-,-,CLOSED,-,-,-,-,-,-,-,-,-,-,-,-,-,-,CLOSED,-,-,CLOSED,-,-,-,-,-,-,-
20250501,09:15,90,25,15,30,70,10,70,CLOSED,5,30,5,5,-,20,-,-,5,15,5,5,5,-,CLOSED,5,-,CLOSED,-,5,5,5,5,5,5
20250501,09:45,160,140,60,60,140,50,90,CLOSED,50,60,-,5,-,15,-,-,5,15,5,5,5,-,CLOSED,5,-,CLOSED,-,5,5,5,5,5,10
20250501,10:15,180,140,70,70,160,60,90,CLOSED,40,70,-,-,-,30,-,-,25,40,15,5,-,5,CLOSED,5,5,CLOSED,-,20,15,5,10,10,40
20250501,10:45,180,120,80,60,100,50,80,CLOSED,60,80,-,-,-,30,-,-,20,40,25,15,-,15,CLOSED,5,5,CLOSED,-,20,15,15,15,20,40
20250501,11:15,160,100,60,60,90,50,60,CLOSED,50,70,10,5,-,15,5,5,25,40,25,15,5,15,CLOSED,5,5,CLOSED,-,20,20,15,25,15,40
20250501,11:45,140,80,60,50,80,30,70,CLOSED,50,60,5,5,-,25,5,5,20,40,20,15,5,15,CLOSED,5,5,CLOSED,-,25,10,5,20,20,30
20250501,12:15,120,80,-,50,120,40,80,CLOSED,50,80,10,5,5,15,5,5,15,40,20,15,5,15,CLOSED,5,5,CLOSED,-,20,15,10,20,20,20
20250501,12:45,140,90,-,60,100,40,60,CLOSED,40,90,-,10,5,15,5,-,15,50,20,10,-,15,CLOSED,5,5,CLOSED,-,25,15,15,20,15,30
20250501,13:15,140,100,15,60,90,50,80,CLOSED,70,100,-,10,5,15,5,-,25,40,30,10,-,15,CLOSED,5,5,CLOSED,-,25,20,15,20,20,25
20250501,13:45,160,80,80,50,90,40,100,CLOSED,60,70,5,10,5,20,5,5,20,30,20,20,5,15,CLOSED,5,5,CLOSED,-,25,15,15,20,15,30
20250501,14:15,140,80,70,50,120,30,90,CLOSED,50,70,15,10,5,20,5,5,20,40,20,20,10,15,CLOSED,5,5,CLOSED,-,25,20,15,25,15,30
20250501,14:45,140,100,60,70,100,40,90,CLOSED,60,70,-,-,5,25,5,5,25,40,20,25,-,15,CLOSED,5,5,CLOSED,-,25,10,15,30,20,25
20250501,15:15,140,90,60,50,100,40,90,CLOSED,60,70,-,-,5,25,5,-,25,30,25,30,-,15,CLOSED,5,5,CLOSED,-,25,20,15,25,20,30
20250501,15:45,160,90,70,40,120,30,90,CLOSED,70,50,-,-,5,15,5,-,20,40,25,20,-,30,CLOSED,5,5,CLOSED,-,20,15,10,25,15,30
20250501,16:15,140,120,60,60,100,30,80,CLOSED,70,60,5,15,5,15,5,5,20,40,25,20,15,15,CLOSED,5,5,CLOSED,-,25,20,5,25,15,30
20250501,16:45,160,120,60,60,120,40,90,CLOSED,50,50,5,25,10,20,5,5,25,30,25,20,20,15,CLOSED,5,5,CLOSED,-,25,15,10,25,20,10
20250501,17:15,140,100,70,50,120,25,90,CLOSED,50,60,15,15,10,20,-,5,15,30,20,20,20,15,CLOSED,5,5,CLOSED,-,20,15,10,25,15,20
20250501,17:45,140,90,60,40,100,40,80,CLOSED,50,50,-,-,10,15,-,-,20,30,15,25,-,15,CLOSED,5,5,CLOSED,-,20,10,10,10,15,20
20250501,18:15,140,90,50,50,90,25,70,CLOSED,50,50,-,-,-,20,-,-,20,40,20,25,-,15,CLOSED,5,5,CLOSED,-,20,15,5,10,10,10
20250501,18:45,120,80,40,40,80,30,70,CLOSED,30,30,-,-,-,15,-,-,20,30,15,25,-,15,CLOSED,5,5,CLOSED,-,20,15,5,10,10,20
20250501,19:15,100,80,-,50,90,15,60,CLOSED,30,40,-,-,-,15,-,-,10,15,5,20,-,15,CLOSED,5,5,CLOSED,-,10,5,5,15,5,5
20250501,19:45,100,-,-,40,90,30,60,CLOSED,30,40,-,-,-,15,-,-,5,15,5,20,-,15,CLOSED,5,5,CLOSED,-,5,5,5,5,5,5
20250501,20:15,-,-,20,50,-,50,80,CLOSED,50,40,-,-,-,15,-,-,15,15,10,20,-,15,CLOSED,5,5,CLOSED,-,15,10,5,10,5,5
20250501,20:45,-,30,-,-,-,15,-,CLOSED,-,20,5,20,-,15,-,-,5,20,5,15,5,-,CLOSED,5,5,CLOSED,-,10,10,5,10,5,5
20250501,21:15,-,-,-,-,-,-,-,CLOSED,-,-,-,-,-,-,-,-,-,-,-,-,-,-,CLOSED,-,-,CLOSED,-,-,-,-,-,-,-
20250501,21:45,-,-,-,-,-,-,-,CLOSED,-,-,-,-,-,-,-,-,-,-,-,-,-,-,CLOSED,-,-,CLOSED,-,-,-,-,-,-,-
20250502,07:15,-,-,-,-,-,-,-,CLOSED,-,-,-,-,-,-,-,-,-,-,-,-,-,-,CLOSED,-,-,CLOSED,-,-,-,-,-,-,-
20250502,07:45,-,-,-,-,-,-,-,CLOSED,-,-,-,-,-,-,-,-,-,-,-,-,-,-,CLOSED,-,-,CLOSED,-,-,-,-,-,-,-
20250502,08:15,-,-,-,-,-,-,-,CLOSED,-,-,-,-,-,-,-,-,-,-,-,-,-,-,CLOSED,-,-,CLOSED,-,-,-,-,-,-,-
20250502,08:45,-,-,-,-,-,-,-,CLOSED,-,-,-,-,-,-,-,-,-,-,-,-,-,-,CLOSED,-,-,CLOSED,-,-,-,-,-,-,-
20250502,09:15,80,70,20,-,100,15,60,CLOSED,5,25,5,5,-,15,-,-,5,15,5,5,5,-,CLOSED,5,-,CLOSED,-,5,5,5,5,5,5
20250502,09:45,160,80,50,-,90,20,70,CLOSED,10,50,20,5,-,20,-,-,5,15,-,5,5,-,CLOSED,5,-,CLOSED,-,5,5,5,5,5,5
20250502,10:15,160,90,60,50,70,40,60,CLOSED,60,60,-,5,-,20,-,-,15,15,-,5,-,15,CLOSED,5,5,CLOSED,-,15,5,5,5,5,5
20250502,10:45,120,90,40,40,70,30,60,CLOSED,50,50,-,-,-,15,-,-,15,15,-,10,-,15,CLOSED,5,5,CLOSED,-,15,5,5,10,5,25
20250502,11:15,90,80,50,40,60,15,50,CLOSED,50,40,5,5,-,20,5,5,15,15,5,5,5,15,CLOSED,5,5,CLOSED,-,15,5,5,10,5,25
20250502,11:45,100,70,30,40,60,15,40,CLOSED,30,40,5,5,-,15,5,5,20,15,15,10,5,15,CLOSED,5,5,CLOSED,-,15,5,5,10,5,20
20250502,12:15,90,60,40,40,60,15,40,CLOSED,40,40,5,5,5,15,5,5,10,15,20,15,5,15,CLOSED,5,5,CLOSED,-,10,10,5,10,5,20
20250502,12:45,80,60,50,40,70,15,30,CLOSED,40,40,5,5,5,25,5,-,10,15,10,10,-,15,CLOSED,5,5,CLOSED,-,10,5,5,5,5,5
20250502,13:15,100,60,40,40,70,20,50,CLOSED,25,60,-,-,5,20,5,-,25,15,5,20,-,15,CLOSED,5,5,CLOSED,-,5,5,5,15,10,5
20250502,13:45,100,60,40,25,80,25,60,CLOSED,-,50,5,5,5,15,5,5,20,20,5,20,5,15,CLOSED,5,5,CLOSED,-,5,5,5,20,20,5
20250502,14:15,100,60,50,30,80,15,50,CLOSED,5,40,5,5,5,15,5,5,10,20,5,20,5,15,CLOSED,5,5,CLOSED,-,5,5,15,20,20,5
20250502,14:45,100,40,70,30,70,30,70,CLOSED,15,50,5,5,5,15,5,5,20,20,5,20,10,15,CLOSED,5,5,CLOSED,-,5,5,10,20,20,5
20250502,15:15,100,30,50,20,70,30,60,CLOSED,5,50,-,5,5,20,5,-,25,20,5,25,-,15,CLOSED,5,5,CLOSED,-,5,5,15,20,10,5
20250502,15:45,100,40,30,10,70,20,50,CLOSED,5,30,5,5,5,15,5,5,20,15,15,20,5,15,CLOSED,5,5,CLOSED,-,5,5,15,20,20,5
20250502,16:15,100,30,-,-,60,15,60,CLOSED,5,40,-,-,5,20,5,-,10,15,15,20,-,15,CLOSED,5,5,CLOSED,-,5,5,5,20,20,5
20250502,16:45,120,20,-,10,70,20,50,CLOSED,5,30,-,-,5,20,5,-,25,15,15,25,-,15,CLOSED,5,5,CLOSED,-,5,5,5,20,25,5
20250502,17:15,100,20,-,-,60,15,50,CLOSED,5,30,-,-,5,15,-,-,25,15,15,20,-,15,CLOSED,5,5,CLOSED,-,5,5,10,20,20,5
20250502,17:45,90,20,-,-,50,30,50,CLOSED,5,30,-,-,5,15,-,-,10,15,15,20,-,15,CLOSED,5,5,CLOSED,-,5,5,5,20,15,5
20250502,18:15,80,10,15,5,50,30,60,CLOSED,5,25,-,-,-,15,-,-,20,15,5,20,-,15,CLOSED,5,5,CLOSED,-,5,5,5,20,5,5
20250502,18:45,60,10,25,5,50,15,50,CLOSED,5,20,5,-,-,20,-,-,10,15,5,15,5,15,CLOSED,5,5,CLOSED,-,5,5,5,10,5,5
20250502,19:15,-,-,-,-,40,-,50,CLOSED,-,-,-,-,-,20,-,-,-,-,-,-,-,15,CLOSED,-,5,CLOSED,-,-,5,5,10,-,5
20250502,19:45,-,-,-,-,50,-,60,CLOSED,-,-,-,-,-,20,-,-,-,-,-,-,-,15,CLOSED,5,5,CLOSED,-,-,5,5,15,5,5
20250502,20:15,-,5,-,5,50,20,40,CLOSED,-,-,-,-,-,20,-,-,-,-,5,-,-,15,CLOSED,5,5,CLOSED,-,5,5,5,5,5,5
20250502,20:45,-,5,-,20,30,25,30,CLOSED,5,-,-,-,-,20,-,-,5,15,5,5,-,-,CLOSED,5,5,CLOSED,-,5,5,5,5,5,5
20250502,21:15,-,-,-,-,-,-,-,CLOSED,-,-,-,-,-,-,-,-,-,-,-,-,-,-,CLOSED,-,-,CLOSED,-,-,-,-,-,-,-
20250502,21:45,-,-,-,-,-,-,-,CLOSED,-,-,-,-,-,-,-,-,-,-,-,-,-,-,CLOSED,-,-,CLOSED,-,-,-,-,-,-,-
20250503,07:15,-,-,-,-,-,-,-,CLOSED,-,-,-,-,-,-,-,-,-,-,-,-,-,-,CLOSED,-,-,CLOSED,-,-,-,-,-,-,-
20250503,07:45,-,-,-,-,-,-,-,CLOSED,-,-,-,-,-,-,-,-,-,-,-,-,-,-,CLOSED,-,-,CLOSED,-,-,-,-,-,-,-
20250503,08:15,-,-,-,-,-,-,-,CLOSED,-,-,-,-,-,-,-,-,-,-,-,-,-,-,CLOSED,-,-,CLOSED,-,-,-,-,-,-,-
20250503,08:45,-,-,-,-,-,-,-,CLOSED,-,-,-,-,-,-,-,-,-,-,-,-,-,-,CLOSED,-,-,CLOSED,-,-,-,-,-,-,-
20250503,09:15,80,60,30,40,90,10,90,CLOSED,5,-,5,5,-,20,-,-,5,15,5,5,5,-,CLOSED,5,-,CLOSED,-,5,5,5,5,5,5
20250503,09:45,200,100,90,60,180,50,120,CLOSED,60,-,20,10,-,20,-,-,10,15,5,5,5,-,CLOSED,5,-,CLOSED,-,5,5,5,5,5,5
20250503,10:15,240,120,-,70,160,80,140,CLOSED,70,120,-,-,-,40,-,-,15,15,10,5,-,15,CLOSED,5,5,CLOSED,-,20,15,5,5,5,30
20250503,10:45,220,140,-,100,140,60,100,CLOSED,60,80,-,-,-,25,-,-,30,50,40,10,-,15,CLOSED,5,5,CLOSED,-,25,20,15,20,10,50
20250503,11:15,200,120,70,100,120,50,100,CLOSED,70,90,5,10,-,30,5,5,25,50,40,10,5,15,CLOSED,5,5,CLOSED,-,25,20,20,30,15,40
20250503,11:45,180,90,100,70,120,50,80,CLOSED,50,90,5,20,-,40,5,5,20,50,30,15,5,15,CLOSED,5,5,CLOSED,-,25,20,15,25,15,40
20250503,12:15,180,90,100,70,120,100,90,CLOSED,60,100,10,15,5,15,5,10,25,50,30,15,5,30,CLOSED,5,5,CLOSED,-,25,20,15,30,25,25
20250503,12:45,160,90,70,60,120,80,90,CLOSED,60,100,-,-,5,20,5,-,15,40,25,15,-,15,CLOSED,5,5,CLOSED,-,30,20,-,30,25,30
20250503,13:15,140,90,80,60,120,60,100,CLOSED,60,140,-,-,5,20,5,-,25,30,30,20,-,30,CLOSED,5,10,CLOSED,-,30,25,10,25,20,30
20250503,13:45,160,100,90,50,160,40,-,CLOSED,70,140,5,10,5,30,5,5,25,60,30,20,5,30,CLOSED,5,5,CLOSED,-,25,20,15,20,20,40
20250503,14:15,160,90,100,60,160,40,-,CLOSED,60,90,15,10,10,30,5,10,25,50,40,15,20,30,CLOSED,10,5,CLOSED,-,30,20,20,30,20,30
20250503,14:45,160,100,-,70,120,50,140,CLOSED,60,100,-,20,15,20,5,-,25,40,30,25,-,30,CLOSED,10,5,CLOSED,-,30,20,15,30,25,30
20250503,15:15,160,120,30,70,120,60,140,CLOSED,60,100,-,-,15,40,10,-,20,50,30,25,-,30,CLOSED,15,5,CLOSED,-,30,20,20,30,25,40
20250503,15:45,160,90,100,70,160,60,140,CLOSED,70,100,-,-,10,20,10,-,25,50,30,20,-,30,CLOSED,10,5,CLOSED,-,25,20,15,20,25,40
20250503,16:15,160,120,100,70,160,60,140,CLOSED,60,90,25,20,10,40,5,15,25,50,40,20,20,30,CLOSED,5,15,CLOSED,-,25,25,15,25,25,30
20250503,16:45,140,120,100,60,160,40,140,CLOSED,60,100,20,35,10,30,5,30,25,50,30,20,25,15,CLOSED,5,10,CLOSED,-,30,25,20,30,20,40
20250503,17:15,160,100,100,50,140,40,120,CLOSED,60,100,20,30,10,30,-,5,20,30,30,25,-,30,CLOSED,5,5,CLOSED,-,30,25,15,30,20,25
20250503,17:45,140,120,90,70,120,30,100,CLOSED,60,80,-,-,15,30,-,-,25,50,30,25,-,15,CLOSED,5,5,CLOSED,-,30,20,15,25,20,30
20250503,18:15,140,140,80,60,140,40,100,CLOSED,50,80,-,-,-,20,-,-,25,30,30,25,-,15,CLOSED,5,5,CLOSED,-,25,20,15,20,10,20
20250503,18:45,120,90,80,45,140,30,90,CLOSED,50,70,-,-,-,15,-,-,20,30,20,20,-,15,CLOSED,5,5,CLOSED,-,25,10,5,10,15,20
20250503,19:15,120,90,90,50,120,30,100,CLOSED,40,50,-,-,-,15,-,-,10,20,15,20,-,15,CLOSED,5,5,CLOSED,-,15,10,10,10,10,5
20250503,19:45,-,80,60,40,100,20,100,CLOSED,40,40,-,-,-,15,-,-,5,20,10,20,-,15,CLOSED,5,5,CLOSED,-,15,5,5,10,5,5
20250503,20:15,-,60,60,40,-,30,-,CLOSED,40,50,-,-,-,20,-,-,20,30,20,20,-,15,CLOSED,5,5,CLOSED,-,10,15,5,10,5,10
20250503,20:45,-,-,-,-,-,30,-,CLOSED,-,-,5,30,-,15,-,-,5,20,15,20,5,-,CLOSED,5,5,CLOSED,-,10,10,5,10,10,5
20250503,21:15,-,-,-,-,-,-,-,CLOSED,-,-,-,-,-,-,-,-,-,-,-,-,-,-,CLOSED,-,-,CLOSED,-,-,-,-,-,-,-
20250503,21:45,-,-,-,-,-,-,-,CLOSED,-,-,-,-,-,-,-,-,-,-,-,-,-,-,CLOSED,-,-,CLOSED,-,-,-,-,-,-,-
20250504,07:15,-,-,-,-,-,-,-,CLOSED,-,-,-,-,-,-,-,-,-,-,-,-,-,-,CLOSED,-,-,CLOSED,-,-,-,-,-,-,-
20250504,07:45,-,-,-,-,-,-,-,CLOSED,-,-,-,-,-,-,-,-,-,-,-,-,-,-,CLOSED,-,-,CLOSED,-,-,-,-,-,-,-
20250504,08:15,-,-,-,-,-,-,-,CLOSED,-,-,-,-,-,-,-,-,-,-,-,-,-,-,CLOSED,-,-,CLOSED,-,-,-,-,-,-,-
20250504,08:45,-,-,-,-,-,-,-,CLOSED,-,-,-,-,-,-,-,-,-,-,-,-,-,-,CLOSED,-,-,CLOSED,-,-,-,-,-,-,-
20250504,09:15,80,30,30,30,120,20,90,CLOSED,5,40,5,5,-,20,-,-,5,15,5,5,5,-,CLOSED,5,-,CLOSED,-,-,5,5,5,5,5
20250504,09:45,-,120,100,70,140,30,120,CLOSED,60,80,15,5,-,20,-,-,5,15,5,5,5,-,CLOSED,5,-,CLOSED,-,5,5,5,5,5,10
20250504,10:15,-,160,140,80,180,80,140,CLOSED,60,140,-,-,-,40,-,-,25,30,15,5,-,15,CLOSED,5,5,CLOSED,-,15,10,5,5,10,30
20250504,10:45,-,140,140,80,200,80,160,CLOSED,60,140,-,-,-,50,-,-,40,60,40,10,-,15,CLOSED,5,5,CLOSED,-,30,20,5,20,15,40
20250504,11:15,220,180,140,80,200,100,180,CLOSED,80,140,25,20,-,50,5,5,30,50,40,20,5,15,CLOSED,10,5,CLOSED,-,30,30,20,40,30,70
20250504,11:45,200,180,140,70,200,80,160,CLOSED,80,140,20,25,-,50,10,15,25,60,40,20,5,30,CLOSED,10,10,CLOSED,-,40,30,20,40,25,60
20250504,12:15,180,160,140,70,160,100,120,CLOSED,80,140,15,25,5,40,5,15,25,60,40,15,15,30,CLOSED,20,10,CLOSED,-,30,25,20,40,25,60
20250504,12:45,180,140,120,70,160,80,120,CLOSED,100,140,-,-,5,40,5,-,30,80,30,20,-,45,CLOSED,15,10,CLOSED,-,40,25,20,30,25,60
20250504,13:15,200,120,120,60,160,80,120,CLOSED,100,140,-,-,10,40,15,-,25,70,40,25,-,30,CLOSED,15,10,CLOSED,-,40,30,20,40,25,30
20250504,13:45,200,140,120,60,180,80,140,CLOSED,100,120,20,10,10,20,5,5,25,50,30,25,10,30,CLOSED,15,5,CLOSED,-,40,25,20,30,30,50
20250504,14:15,180,140,100,70,160,70,140,CLOSED,80,120,20,20,10,40,5,15,25,60,-,30,25,45,CLOSED,15,15,CLOSED,-,40,20,20,30,30,30
20250504,14:45,180,140,110,80,160,70,140,CLOSED,80,100,-,-,10,40,15,-,30,80,-,30,-,30,CLOSED,15,15,CLOSED,-,40,30,20,30,20,50
20250504,15:15,200,140,120,80,160,50,140,CLOSED,90,120,-,-,10,40,20,-,30,70,20,30,-,45,CLOSED,15,10,CLOSED,-,40,25,25,40,30,50
20250504,15:45,200,140,120,70,180,80,140,CLOSED,90,120,-,-,15,40,10,-,25,70,40,20,-,30,CLOSED,15,10,CLOSED,-,40,30,30,40,30,40
20250504,16:15,220,140,120,80,180,90,140,CLOSED,80,120,25,40,15,50,10,20,25,40,40,25,30,45,CLOSED,15,15,CLOSED,-,40,25,20,40,20,40
20250504,16:45,220,140,120,80,160,90,160,CLOSED,80,100,30,40,10,40,15,25,30,40,40,30,30,30,CLOSED,15,10,CLOSED,-,40,35,20,40,20,40
20250504,17:15,-,140,100,70,160,80,160,CLOSED,90,120,-,-,15,40,-,-,25,60,40,25,-,30,CLOSED,15,10,CLOSED,-,40,30,20,30,20,40
20250504,17:45,-,140,120,80,140,80,140,CLOSED,80,120,-,-,5,50,-,-,25,60,40,30,-,30,CLOSED,10,15,CLOSED,-,40,30,15,30,20,30
20250504,18:15,-,140,100,60,140,70,120,CLOSED,70,100,-,-,-,30,-,-,30,70,30,30,-,30,CLOSED,10,10,CLOSED,-,30,20,15,30,20,50
20250504,18:45,-,120,100,60,140,40,120,CLOSED,60,100,-,-,-,25,-,-,20,20,25,20,-,15,CLOSED,5,10,CLOSED,-,30,20,15,20,20,40
20250504,19:15,-,120,90,50,120,60,100,CLOSED,60,90,-,-,-,20,-,-,5,40,25,20,-,15,CLOSED,5,5,CLOSED,-,15,15,5,15,15,5
20250504,19:45,-,90,80,70,-,50,100,CLOSED,30,70,-,-,-,20,-,-,5,40,20,20,-,15,CLOSED,5,5,CLOSED,-,20,10,5,10,5,10
20250504,20:15,-,80,-,50,-,50,-,CLOSED,60,-,-,-,-,25,-,-,15,40,20,20,-,15,CLOSED,5,5,CLOSED,-,30,20,5,15,10,15
20250504,20:45,-,-,-,-,-,-,-,CLOSED,-,-,5,30,-,15,-,-,5,30,20,20,5,-,CLOSED,5,5,CLOSED,-,-,20,5,15,10,20
20250504,21:15,-,-,-,-,-,-,-,CLOSED,-,-,-,-,-,-,-,-,-,-,-,-,-,-,CLOSED,-,-,CLOSED,-,-,-,-,-,-,-
20250504,21:45,-,-,-,-,-,-,-,CLOSED,-,-,-,-,-,-,-,-,-,-,-,-,-,-,CLOSED,-,-,CLOSED,-,-,-,-,-,-,-
20250505,07:15,-,-,-,-,-,-,-,CLOSED,-,-,-,-,-,-,-,-,-,-,-,-,-,-,CLOSED,-,-,CLOSED,-,-,-,-,-,-,-
20250505,07:45,-,-,-,-,-,-,-,CLOSED,-,-,-,-,-,-,-,-,-,-,-,-,-,-,CLOSED,-,-,CLOSED,-,-,-,-,-,-,-
20250505,08:15,-,-,-,-,-,-,-,CLOSED,-,-,-,-,-,-,-,-,-,-,-,-,-,-,CLOSED,-,-,CLOSED,-,-,-,-,-,-,-
20250505,08:45,-,-,-,-,-,-,-,CLOSED,-,-,-,-,-,-,-,-,-,-,-,-,-,-,CLOSED,-,-,CLOSED,-,-,-,-,-,-,-
20250505,09:15,100,60,20,25,120,20,90,CLOSED,5,40,5,5,-,20,-,-,5,15,5,5,5,-,CLOSED,5,-,CLOSED,-,5,5,5,5,5,5
20250505,09:45,240,120,100,70,160,50,140,CLOSED,60,90,15,5,-,20,-,-,10,15,5,5,5,-,CLOSED,5,-,CLOSED,-,5,10,5,5,5,5
20250505,10:15,260,120,140,90,180,70,140,CLOSED,70,90,-,-,-,40,-,-,20,40,15,5,-,5,CLOSED,5,5,CLOSED,-,25,15,5,10,10,40
20250505,10:45,260,160,140,100,180,90,140,CLOSED,80,140,-,-,-,50,-,-,25,50,40,15,-,5,CLOSED,5,5,CLOSED,-,25,25,5,20,15,40
20250505,11:15,240,140,140,70,180,90,140,CLOSED,90,160,5,15,-,30,5,5,30,60,40,15,5,15,CLOSED,10,5,CLOSED,-,40,30,20,40,25,50
20250505,11:45,200,120,120,70,140,60,120,CLOSED,120,140,25,20,-,50,5,10,25,60,30,15,5,30,CLOSED,15,5,CLOSED,-,40,30,20,40,30,50
20250505,12:15,200,120,100,60,140,60,100,CLOSED,70,120,15,25,5,40,5,15,25,60,40,20,25,30,CLOSED,15,15,CLOSED,-,30,25,20,40,25,50
20250505,12:45,160,100,120,70,120,70,120,CLOSED,80,120,-,-,5,30,5,-,20,50,30,20,-,30,CLOSED,20,20,CLOSED,-,30,25,15,30,25,40
20250505,13:15,160,120,120,80,120,80,120,CLOSED,90,120,-,-,10,40,5,-,25,40,40,25,-,30,CLOSED,20,10,CLOSED,-,40,25,20,40,25,50
20250505,13:45,160,120,100,70,140,70,120,CLOSED,70,140,10,15,5,40,10,5,25,60,40,25,5,30,CLOSED,15,10,CLOSED,-,30,25,20,40,30,30
20250505,14:15,180,120,90,70,140,70,120,CLOSED,80,100,10,10,10,40,5,15,20,70,30,20,25,45,CLOSED,20,15,CLOSED,-,30,30,20,40,25,40
20250505,14:45,160,120,100,70,140,50,140,CLOSED,80,140,-,-,10,40,5,-,25,60,30,25,-,30,CLOSED,15,10,CLOSED,-,40,25,20,30,25,40
20250505,15:15,160,120,120,70,140,70,140,CLOSED,90,140,-,-,10,40,10,-,25,60,50,30,-,30,CLOSED,15,15,CLOSED,-,40,25,20,40,25,40
20250505,15:45,160,120,120,60,160,60,120,CLOSED,90,120,-,-,5,40,5,-,20,50,40,25,-,45,CLOSED,15,15,CLOSED,-,40,25,10,30,20,40
20250505,16:15,200,120,120,80,160,80,120,CLOSED,80,120,30,40,10,50,-,20,20,50,30,25,30,30,CLOSED,15,15,CLOSED,-,-,40,20,40,25,50
20250505,16:45,200,120,120,70,160,70,140,CLOSED,70,120,25,35,10,40,10,25,25,50,40,25,30,30,CLOSED,15,15,CLOSED,-,10,25,25,40,25,40
20250505,17:15,180,140,120,70,140,60,140,CLOSED,80,90,-,-,5,40,-,-,25,50,40,20,-,30,CLOSED,15,15,CLOSED,-,40,20,15,40,20,30
20250505,17:45,180,120,100,80,140,50,120,CLOSED,80,100,-,-,5,30,-,-,25,50,30,25,-,30,CLOSED,5,15,CLOSED,-,40,30,20,25,25,40
20250505,18:15,160,100,90,60,140,60,100,CLOSED,70,120,-,-,-,20,-,-,25,40,40,30,-,30,CLOSED,5,15,CLOSED,-,40,25,15,25,15,30
20250505,18:45,140,90,80,50,120,60,100,CLOSED,70,120,-,-,-,20,-,-,20,40,30,25,-,15,CLOSED,5,5,CLOSED,-,30,20,15,25,15,30
20250505,19:15,120,80,70,60,120,30,100,CLOSED,50,80,-,-,-,15,-,-,15,20,20,20,-,15,CLOSED,5,5,CLOSED,-,25,15,5,15,15,15
20250505,19:45,-,80,70,40,-,40,80,CLOSED,40,70,-,-,-,15,-,-,5,30,20,20,-,15,CLOSED,5,5,CLOSED,-,20,10,5,15,5,5
20250505,20:15,-,60,60,50,-,60,-,CLOSED,50,-,-,-,-,15,-,-,15,50,20,20,-,15,CLOSED,5,5,CLOSED,-,25,15,5,15,10,10
20250505,20:45,-,-,30,-,-,-,-,CLOSED,-,-,5,35,-,25,-,-,5,30,25,20,15,-,CLOSED,5,5,CLOSED,-,25,15,5,15,10,15
20250505,21:15,-,-,-,-,-,-,-,CLOSED,-,-,-,-,-,-,-,-,-,-,-,-,-,-,CLOSED,-,-,CLOSED,-,-,-,-,-,-,-
20250505,21:45,-,-,-,-,-,-,-,CLOSED,-,-,-,-,-,-,-,-,-,-,-,-,-,-,CLOSED,-,-,CLOSED,-,-,-,-,-,-,-
20250506,07:15,-,-,-,-,-,-,-,CLOSED,-,-,-,-,-,-,-,-,-,-,-,-,-,-,CLOSED,-,-,CLOSED,-,-,-,-,-,-,-
20250506,07:45,-,-,-,-,-,-,-,CLOSED,-,-,-,-,-,-,-,-,-,-,-,-,-,-,CLOSED,-,-,CLOSED,-,-,-,-,-,-,-
20250506,08:15,-,-,-,-,-,-,-,CLOSED,-,-,-,-,-,-,-,-,-,-,-,-,-,-,CLOSED,-,-,CLOSED,-,-,-,-,-,-,-
20250506,08:45,-,-,-,-,-,-,-,CLOSED,-,-,-,-,-,-,-,-,-,-,-,-,-,-,CLOSED,-,-,CLOSED,-,-,-,-,-,-,-
20250506,09:15,90,40,30,10,90,30,80,CLOSED,5,-,5,5,-,20,-,-,5,15,5,5,5,-,CLOSED,5,-,CLOSED,-,5,5,5,5,5,5
20250506,09:45,140,60,70,25,140,50,80,CLOSED,5,50,15,5,-,15,-,-,5,15,5,5,5,-,CLOSED,5,-,CLOSED,-,5,5,5,5,5,5
20250506,10:15,160,60,70,40,120,40,60,CLOSED,25,50,-,5,-,15,-,-,10,15,5,5,-,15,CLOSED,5,5,CLOSED,-,5,5,5,5,5,10
20250506,10:45,160,100,60,30,120,50,70,CLOSED,40,70,5,5,-,20,-,-,15,30,5,10,5,15,CLOSED,5,5,CLOSED,-,5,5,5,15,15,25
20250506,11:15,120,80,60,30,100,40,80,CLOSED,40,70,5,5,-,20,5,5,10,30,5,5,5,15,CLOSED,5,5,CLOSED,-,5,5,15,15,15,20
20250506,11:45,180,60,60,25,50,30,60,CLOSED,30,50,5,5,-,20,5,5,25,30,5,10,5,15,CLOSED,5,5,CLOSED,-,5,5,10,20,20,30
20250506,12:15,180,60,50,30,120,30,50,CLOSED,40,50,5,5,5,20,5,5,20,30,5,15,5,15,CLOSED,5,5,CLOSED,-,5,5,10,15,15,20
20250506,12:45,120,50,70,40,100,30,70,CLOSED,25,50,-,5,5,15,5,-,10,30,5,15,-,15,CLOSED,5,5,CLOSED,-,5,5,5,20,15,15
20250506,13:15,100,50,-,30,120,50,60,CLOSED,30,50,-,-,5,15,5,-,25,30,5,15,-,15,CLOSED,5,5,CLOSED,-,5,5,5,15,15,15
20250506,13:45,140,70,-,50,120,40,-,CLOSED,20,70,5,5,5,20,5,5,15,40,5,15,5,15,CLOSED,5,5,CLOSED,-,5,5,10,15,15,20
20250506,14:15,120,50,70,30,90,25,60,CLOSED,40,60,15,5,5,15,5,5,15,40,5,15,10,15,CLOSED,5,5,CLOSED,-,5,5,10,20,15,15
20250506,14:45,120,60,70,30,90,40,80,CLOSED,30,70,-,5,5,15,5,5,25,50,5,10,-,15,CLOSED,5,5,CLOSED,-,5,5,10,25,20,15
20250506,15:15,120,50,40,30,120,30,90,CLOSED,15,70,-,-,5,20,5,-,15,40,5,15,-,15,CLOSED,5,5,CLOSED,-,5,5,10,20,25,20
20250506,15:45,120,40,60,30,120,40,120,CLOSED,20,60,5,5,5,15,5,5,15,30,5,15,5,15,CLOSED,5,5,CLOSED,-,5,5,15,20,20,10
20250506,16:15,120,40,50,25,100,30,80,CLOSED,20,40,5,5,5,15,5,5,15,30,5,15,10,15,CLOSED,5,5,CLOSED,-,5,5,15,20,20,5
20250506,16:45,100,30,50,30,100,30,90,CLOSED,25,60,5,5,5,15,5,5,10,30,5,15,20,15,CLOSED,5,5,CLOSED,-,15,5,10,20,15,5
20250506,17:15,140,40,50,45,100,20,70,CLOSED,40,50,5,5,5,15,-,5,15,15,10,10,10,15,CLOSED,5,5,CLOSED,-,20,5,5,15,10,5
20250506,17:45,140,40,50,40,90,20,80,CLOSED,40,40,5,5,5,15,-,-,15,30,15,15,10,15,CLOSED,5,5,CLOSED,-,20,10,5,15,10,5
20250506,18:15,100,30,40,50,80,30,70,CLOSED,30,50,-,-,-,20,-,-,20,20,20,15,-,15,CLOSED,5,5,CLOSED,-,20,5,5,5,5,5
20250506,18:45,100,40,40,20,80,15,60,CLOSED,50,40,-,-,-,20,-,-,15,15,20,15,-,15,CLOSED,5,5,CLOSED,-,10,5,5,5,5,5
20250506,19:15,120,25,25,30,80,15,40,CLOSED,30,30,-,-,-,15,-,-,5,15,20,15,-,15,CLOSED,5,5,CLOSED,-,5,5,5,5,5,5
20250506,19:45,70,20,15,30,60,15,40,CLOSED,20,20,-,-,-,20,-,-,5,15,5,10,-,15,CLOSED,5,5,CLOSED,-,5,5,5,5,5,5
20250506,20:15,60,15,20,25,50,25,50,CLOSED,20,25,-,-,-,20,-,-,5,15,5,15,-,15,CLOSED,5,5,CLOSED,-,5,5,5,5,5,5
20250506,20:45,-,10,5,-,-,15,30,CLOSED,20,20,5,5,-,15,-,-,5,15,5,15,5,-,CLOSED,5,5,CLOSED,-,5,5,5,5,5,5
20250506,21:15,-,-,-,-,-,-,-,CLOSED,-,-,-,-,-,-,-,-,-,-,-,-,-,-,CLOSED,-,-,CLOSED,-,-,-,-,-,-,-
20250506,21:45,-,-,-,-,-,-,-,CLOSED,-,-,-,-,-,-,-,-,-,-,-,-,-,-,CLOSED,-,-,CLOSED,-,-,-,-,-,-,-
20250507,07:15,-,-,-,-,-,-,-,CLOSED,-,-,-,-,-,-,-,-,-,-,-,-,-,-,CLOSED,-,-,CLOSED,-,-,-,-,-,-,-
20250507,07:45,-,-,-,-,-,-,-,CLOSED,-,-,-,-,-,-,-,-,-,-,-,-,-,-,CLOSED,-,-,CLOSED,-,-,-,-,-,-,-
20250507,08:15,-,-,-,-,-,-,-,CLOSED,-,-,-,-,-,-,-,-,-,-,-,-,-,-,CLOSED,-,-,CLOSED,-,-,-,-,-,-,-
20250507,08:45,-,-,-,-,-,-,-,CLOSED,-,-,-,-,-,-,-,-,-,-,-,-,-,-,CLOSED,-,-,CLOSED,-,-,-,-,-,-,-
20250507,09:15,140,60,20,40,100,20,50,CLOSED,5,30,15,5,-,20,-,-,5,15,5,5,5,-,CLOSED,-,-,CLOSED,-,5,5,5,5,5,5
20250507,09:45,200,140,90,60,100,50,80,CLOSED,50,60,-,-,-,20,-,-,5,15,5,10,5,-,CLOSED,5,-,CLOSED,-,5,10,5,5,5,5
20250507,10:15,-,120,80,70,140,60,100,CLOSED,60,70,-,-,-,40,-,-,25,20,25,10,5,15,CLOSED,5,5,CLOSED,-,15,15,5,15,10,40
20250507,10:45,-,100,60,70,120,80,100,CLOSED,50,120,-,-,-,20,-,-,15,50,40,15,-,15,CLOSED,5,5,CLOSED,-,30,20,20,20,20,40
20250507,11:15,-,120,90,70,100,60,90,CLOSED,70,120,-,-,-,20,5,-,25,50,30,15,-,15,CLOSED,5,5,CLOSED,-,40,25,20,30,20,30
20250507,11:45,180,120,80,70,120,70,60,CLOSED,70,80,5,-,-,40,15,5,25,30,25,20,5,15,CLOSED,10,5,CLOSED,-,15,20,15,30,25,40
20250507,12:15,180,120,80,60,100,70,70,CLOSED,70,80,15,-,5,30,10,10,20,50,25,15,20,30,CLOSED,10,5,CLOSED,-,40,15,10,25,15,30
20250507,12:45,240,120,90,60,120,50,90,CLOSED,70,90,-,5,5,25,10,-,15,40,30,15,-,15,CLOSED,10,5,CLOSED,-,30,20,20,30,15,20
20250507,13:15,220,100,70,60,120,60,80,CLOSED,50,90,-,-,5,30,10,-,25,40,30,20,-,15,CLOSED,10,10,CLOSED,-,30,20,20,30,25,30
20250507,13:45,200,100,80,60,100,70,80,CLOSED,70,80,15,10,5,15,10,5,25,50,-,20,5,30,CLOSED,5,10,CLOSED,-,25,20,15,30,15,40
20250507,14:15,180,100,80,60,100,60,90,CLOSED,70,80,20,25,5,20,10,5,20,50,-,20,25,15,CLOSED,10,5,CLOSED,-,30,20,20,25,20,40
20250507,14:45,200,80,70,70,120,50,100,CLOSED,70,80,-,-,5,30,10,-,25,50,-,25,-,30,CLOSED,10,10,CLOSED,-,25,20,20,30,25,20
20250507,15:15,200,120,90,60,120,60,90,CLOSED,70,80,-,-,20,30,10,-,20,50,-,30,-,30,CLOSED,10,5,CLOSED,-,30,20,20,30,20,30
20250507,15:45,160,120,80,70,120,50,90,CLOSED,70,80,-,-,15,20,10,-,20,30,30,25,-,15,CLOSED,5,10,CLOSED,-,-,20,10,30,20,30
20250507,16:15,160,90,90,60,100,60,100,CLOSED,70,90,15,20,5,30,10,5,20,50,30,20,25,15,CLOSED,5,10,CLOSED,-,-,25,20,30,25,30
20250507,16:45,160,120,70,60,100,40,100,CLOSED,80,90,15,35,10,30,10,10,25,50,30,25,20,15,CLOSED,5,5,CLOSED,-,40,20,15,30,20,20
20250507,17:15,160,100,70,50,100,40,100,CLOSED,60,70,20,25,5,15,-,10,20,30,30,15,-,15,CLOSED,5,5,CLOSED,-,25,15,5,20,5,20
20250507,17:45,160,100,70,50,100,50,90,CLOSED,50,80,-,-,5,20,-,-,25,40,25,30,-,30,CLOSED,5,5,CLOSED,-,15,5,10,25,20,20
20250507,18:15,180,100,60,50,100,50,70,CLOSED,60,80,-,-,-,20,-,-,25,30,20,25,-,15,CLOSED,5,5,CLOSED,-,20,10,10,20,15,25
20250507,18:45,180,80,50,50,90,25,60,CLOSED,50,50,-,-,-,15,-,-,15,40,-,25,-,15,CLOSED,5,5,CLOSED,-,20,15,10,20,10,25
20250507,19:15,-,80,50,40,90,30,70,CLOSED,40,50,-,-,-,20,-,-,15,15,-,15,-,15,CLOSED,5,5,CLOSED,-,10,10,5,15,10,5
20250507,19:45,-,70,25,50,-,30,50,CLOSED,40,40,-,-,-,20,-,-,5,15,5,15,-,15,CLOSED,5,5,CLOSED,-,5,10,5,5,5,5
20250507,20:15,-,60,30,40,-,40,70,CLOSED,40,50,-,-,-,15,-,-,15,15,15,20,-,15,CLOSED,5,5,CLOSED,-,10,10,5,5,5,5
20250507,20:45,-,-,30,-,-,30,-,CLOSED,-,40,5,25,-,15,-,-,5,15,20,10,5,-,CLOSED,5,5,CLOSED,-,15,5,5,5,5,5
20250507,21:15,-,-,-,-,-,-,-,CLOSED,-,-,-,-,-,-,-,-,-,-,-,-,-,-,CLOSED,-,-,CLOSED,-,-,-,-,-,-,-
20250507,21:45,-,-,-,-,-,-,-,CLOSED,-,-,-,-,-,-,-,-,-,-,-,-,-,-,CLOSED,-,-,CLOSED,-,-,-,-,-,-,-
20250508,07:15,CLOSED,-,-,-,-,-,-,CLOSED,-,-,-,-,-,-,-,-,-,-,-,-,-,-,CLOSED,-,-,CLOSED,-,-,-,-,-,-,-
20250508,07:45,CLOSED,-,-,-,-,-,-,CLOSED,-,-,-,-,-,-,-,-,-,-,-,-,-,-,CLOSED,-,-,CLOSED,-,-,-,-,-,-,-
20250508,08:15,CLOSED,-,-,-,-,-,-,CLOSED,-,-,-,-,-,-,-,-,-,-,-,-,-,-,CLOSED,-,-,CLOSED,-,-,-,-,-,-,-
20250508,08:45,CLOSED,-,-,-,-,-,-,CLOSED,-,-,-,-,-,-,-,-,-,-,-,-,-,-,CLOSED,-,-,CLOSED,-,-,-,-,-,-,-
20250508,09:15,CLOSED,25,5,20,50,10,20,CLOSED,5,5,5,5,-,20,-,-,5,-,5,5,5,-,CLOSED,5,-,CLOSED,-,5,5,5,5,5,5
20250508,09:45,CLOSED,120,50,60,120,40,60,CLOSED,5,50,15,5,-,20,-,-,5,15,5,5,5,-,CLOSED,5,-,CLOSED,-,5,5,5,5,5,5
20250508,10:15,CLOSED,100,70,70,140,50,70,CLOSED,60,80,-,-,-,20,-,-,20,15,5,5,-,5,CLOSED,5,5,CLOSED,-,5,5,5,5,5,25
20250508,10:45,CLOSED,100,-,70,120,40,60,CLOSED,60,70,-,-,-,25,-,-,20,20,20,10,-,15,CLOSED,5,5,CLOSED,-,10,10,5,10,5,50
20250508,11:15,CLOSED,90,-,70,90,40,50,CLOSED,60,80,5,5,-,25,5,5,10,40,20,15,5,15,CLOSED,5,5,CLOSED,-,15,10,5,15,10,40
20250508,11:45,CLOSED,80,-,50,100,50,40,CLOSED,60,70,5,5,-,15,5,5,20,30,20,10,5,15,CLOSED,5,5,CLOSED,-,15,10,5,15,10,25
20250508,12:15,CLOSED,80,-,50,100,50,50,CLOSED,40,70,5,5,5,20,5,5,15,30,20,15,5,15,CLOSED,5,5,CLOSED,-,15,10,5,15,10,30
20250508,12:45,CLOSED,70,60,40,100,40,50,CLOSED,50,80,-,5,5,20,5,-,10,40,20,5,-,15,CLOSED,5,5,CLOSED,-,25,10,5,20,10,25
20250508,13:15,CLOSED,80,70,40,90,40,60,CLOSED,60,60,-,-,5,20,5,-,20,20,15,20,-,15,CLOSED,5,5,CLOSED,-,15,10,10,25,10,25
20250508,13:45,CLOSED,70,80,40,100,40,40,CLOSED,60,50,5,5,5,15,5,5,20,30,15,20,5,15,CLOSED,5,5,CLOSED,-,15,5,5,20,15,25
20250508,14:15,CLOSED,70,70,50,90,30,40,CLOSED,60,70,5,5,5,15,5,5,15,30,20,10,5,15,CLOSED,5,5,CLOSED,-,20,10,5,15,10,25
20250508,14:45,CLOSED,70,60,50,100,50,50,CLOSED,50,60,5,5,5,15,5,5,20,30,20,15,-,15,CLOSED,5,5,CLOSED,-,20,10,5,20,20,20
20250508,15:15,CLOSED,70,60,40,120,50,60,CLOSED,50,70,-,-,5,15,5,-,15,40,20,20,-,15,CLOSED,5,5,CLOSED,-,20,15,5,20,10,25
20250508,15:45,CLOSED,70,60,50,80,40,50,CLOSED,50,60,-,-,5,20,5,-,15,20,15,20,-,15,CLOSED,5,5,CLOSED,-,15,10,10,20,10,25
20250508,16:15,CLOSED,70,60,40,90,40,50,CLOSED,60,40,5,10,10,15,5,5,15,30,15,15,10,15,CLOSED,5,5,CLOSED,-,15,10,5,15,10,10
20250508,16:45,CLOSED,60,50,40,120,40,50,CLOSED,50,50,5,15,10,20,5,5,20,20,15,15,20,15,CLOSED,5,5,CLOSED,-,15,5,5,15,10,10
20250508,17:15,CLOSED,40,50,40,80,30,40,CLOSED,40,80,5,15,5,20,-,5,15,30,15,15,15,15,CLOSED,5,5,CLOSED,-,15,5,5,15,10,10
20250508,17:45,CLOSED,40,40,40,80,40,50,CLOSED,40,60,-,-,5,15,-,-,20,20,15,20,-,15,CLOSED,5,5,CLOSED,-,15,5,5,10,5,10
20250508,18:15,CLOSED,40,40,50,60,30,60,CLOSED,50,50,-,-,-,15,-,-,15,20,15,20,-,15,CLOSED,5,5,CLOSED,-,10,10,5,15,5,10
20250508,18:45,CLOSED,40,30,40,70,30,50,CLOSED,40,30,-,-,-,15,-,-,15,15,10,25,-,15,CLOSED,5,5,CLOSED,-,10,5,5,10,10,5
20250508,19:15,CLOSED,30,30,30,70,25,30,CLOSED,25,40,-,-,-,20,-,-,5,15,5,20,-,15,CLOSED,5,5,CLOSED,-,10,5,5,5,5,5
20250508,19:45,CLOSED,25,20,30,40,20,30,CLOSED,25,30,-,-,-,15,-,-,5,15,5,10,-,15,CLOSED,5,5,CLOSED,-,5,5,5,5,5,5
20250508,20:15,CLOSED,20,15,30,60,40,50,CLOSED,25,30,-,-,-,20,-,-,10,15,5,15,-,15,CLOSED,5,5,CLOSED,-,5,5,5,5,5,5
20250508,20:45,CLOSED,20,10,-,-,20,25,CLOSED,10,20,5,20,-,15,-,-,5,15,5,10,5,-,CLOSED,5,5,CLOSED,-,5,5,5,5,5,5
20250508,21:15,CLOSED,-,-,-,-,-,-,CLOSED,-,-,-,-,-,-,-,-,-,-,-,-,-,-,CLOSED,-,-,CLOSED,-,-,-,-,-,-,-
20250508,21:45,CLOSED,-,-,-,-,-,-,CLOSED,-,-,-,-,-,-,-,-,-,-,-,-,-,-,CLOSED,-,-,CLOSED,-,-,-,-,-,-,-
20250509,07:15,CLOSED,-,-,-,-,-,-,CLOSED,-,-,-,-,-,-,-,-,-,-,-,-,-,-,CLOSED,-,-,CLOSED,-,-,-,-,-,-,-
20250509,07:45,CLOSED,-,-,-,-,-,-,CLOSED,-,-,-,-,-,-,-,-,-,-,-,-,-,-,CLOSED,-,-,CLOSED,-,-,-,-,-,-,-
20250509,08:15,CLOSED,-,-,-,-,-,-,CLOSED,-,-,-,-,-,-,-,-,-,-,-,-,-,-,CLOSED,-,-,CLOSED,-,-,-,-,-,-,-
20250509,08:45,CLOSED,-,-,-,-,-,-,CLOSED,-,-,-,-,-,-,-,-,-,-,-,-,-,-,CLOSED,-,-,CLOSED,-,-,-,-,-,-,-
20250509,09:15,CLOSED,15,20,40,60,10,25,CLOSED,5,10,5,5,-,20,-,-,5,15,5,5,5,-,CLOSED,5,-,CLOSED,-,5,5,5,5,5,5
20250509,09:45,CLOSED,120,50,50,100,40,80,CLOSED,5,60,15,5,-,20,-,-,5,15,5,5,5,-,CLOSED,5,-,CLOSED,-,5,5,5,5,5,5
20250509,10:15,CLOSED,100,70,50,120,70,70,CLOSED,70,80,-,5,-,20,-,-,10,15,10,5,-,15,CLOSED,5,5,CLOSED,-,5,5,5,5,5,30
20250509,10:45,CLOSED,100,70,50,140,50,70,CLOSED,60,90,-,-,-,30,-,-,25,20,25,10,-,15,CLOSED,5,5,CLOSED,-,20,15,5,10,5,30
20250509,11:15,CLOSED,100,70,40,120,40,60,CLOSED,60,80,5,-,-,15,5,5,15,30,20,10,5,15,CLOSED,5,5,CLOSED,-,15,10,5,20,10,40
20250509,11:45,CLOSED,70,70,50,100,50,60,CLOSED,40,50,5,5,-,30,5,5,25,40,20,5,5,15,CLOSED,5,5,CLOSED,-,15,10,5,20,15,30
20250509,12:15,CLOSED,70,50,40,90,30,50,CLOSED,50,80,5,5,5,20,5,5,10,30,20,10,5,15,CLOSED,5,5,CLOSED,-,15,10,5,20,15,30
20250509,12:45,CLOSED,80,40,40,100,30,40,CLOSED,50,70,-,10,5,15,5,-,10,20,15,10,-,15,CLOSED,5,5,CLOSED,-,20,15,5,20,10,25
20250509,13:15,CLOSED,90,50,50,100,50,60,CLOSED,50,80,-,-,5,20,5,-,20,20,15,15,-,15,CLOSED,5,5,CLOSED,-,30,10,5,15,10,20
20250509,13:45,CLOSED,80,50,50,100,50,70,CLOSED,50,60,5,-,5,20,5,-,10,30,15,15,-,15,CLOSED,5,5,CLOSED,-,30,10,5,20,10,25
20250509,14:15,CLOSED,80,50,50,100,30,50,CLOSED,50,70,5,5,5,20,5,5,20,30,20,20,5,15,CLOSED,5,5,CLOSED,-,30,15,10,20,15,20
20250509,14:45,CLOSED,80,30,40,90,50,60,CLOSED,50,60,5,10,5,15,5,5,25,30,20,15,-,15,CLOSED,5,5,CLOSED,-,20,10,10,25,15,25
20250509,15:15,CLOSED,70,40,50,90,30,60,CLOSED,50,50,-,-,5,15,5,-,10,30,20,20,-,15,CLOSED,5,5,CLOSED,-,15,10,5,20,10,25
20250509,15:45,CLOSED,70,40,40,120,40,60,CLOSED,50,60,-,-,5,20,5,-,20,20,20,20,-,15,CLOSED,5,5,CLOSED,-,20,10,5,20,10,20
20250509,16:15,CLOSED,70,40,50,120,40,70,CLOSED,60,70,5,10,5,15,5,5,15,20,15,15,5,15,CLOSED,5,5,CLOSED,-,25,10,5,10,10,25
20250509,16:45,CLOSED,80,30,40,100,30,60,CLOSED,60,50,5,15,5,40,5,5,25,30,20,15,20,15,CLOSED,5,5,CLOSED,-,20,10,5,15,10,15
20250509,17:15,CLOSED,50,40,40,100,40,60,CLOSED,50,60,5,10,5,20,-,5,10,30,15,20,15,15,CLOSED,5,5,CLOSED,-,15,15,5,15,15,5
20250509,17:45,CLOSED,60,30,40,100,40,60,CLOSED,60,60,-,-,5,15,-,-,20,20,10,20,-,15,CLOSED,5,5,CLOSED,-,15,10,5,15,15,10
20250509,18:15,CLOSED,40,30,50,60,40,60,CLOSED,60,50,-,-,-,15,-,-,15,30,15,20,-,15,CLOSED,5,5,CLOSED,-,15,10,5,15,10,15
20250509,18:45,CLOSED,40,20,30,80,20,50,CLOSED,40,50,-,-,-,20,-,-,15,15,5,20,-,15,CLOSED,5,5,CLOSED,-,15,5,5,15,10,10
20250509,19:15,CLOSED,25,20,30,80,30,50,CLOSED,25,40,-,-,-,20,-,-,10,15,5,15,-,15,CLOSED,5,5,CLOSED,-,5,5,5,10,10,5
20250509,19:45,CLOSED,20,15,25,70,30,40,CLOSED,15,30,-,-,-,15,-,-,10,15,5,10,-,15,CLOSED,5,5,CLOSED,-,5,5,5,10,5,5
20250509,20:15,CLOSED,20,10,30,60,20,40,CLOSED,15,40,-,-,-,15,-,-,10,15,5,10,-,15,CLOSED,5,5,CLOSED,-,5,5,5,5,5,5
20250509,20:45,CLOSED,10,10,20,30,25,40,CLOSED,20,20,5,5,-,20,-,-,10,15,5,10,5,-,CLOSED,5,5,CLOSED,-,5,5,5,5,5,5
20250509,21:15,CLOSED,-,-,-,-,-,-,CLOSED,-,-,-,-,-,-,-,-,-,-,-,-,-,-,CLOSED,-,-,CLOSED,-,-,-,-,-,-,-
20250509,21:45,CLOSED,-,-,-,-,-,-,CLOSED,-,-,-,-,-,-,-,-,-,-,-,-,-,-,CLOSED,-,-,CLOSED,-,-,-,-,-,-,-
20250510,07:15,CLOSED,-,-,-,-,-,-,CLOSED,-,-,-,-,-,-,-,-,-,-,-,-,-,-,CLOSED,-,-,CLOSED,-,-,-,-,-,-,-
20250510,07:45,CLOSED,-,-,-,-,-,-,CLOSED,-,-,-,-,-,-,-,-,-,-,-,-,-,-,CLOSED,-,-,CLOSED,-,-,-,-,-,-,-
20250510,08:15,CLOSED,-,-,-,-,-,-,CLOSED,-,-,-,-,-,-,-,-,-,-,-,-,-,-,CLOSED,-,-,CLOSED,-,-,-,-,-,-,-
20250510,08:45,CLOSED,-,-,-,-,-,-,CLOSED,-,-,-,-,-,-,-,-,-,-,-,-,-,-,CLOSED,-,-,CLOSED,-,-,-,-,-,-,-
20250510,09:15,CLOSED,25,10,5,60,15,25,CLOSED,5,5,5,5,-,15,-,-,5,15,-,5,5,-,CLOSED,5,-,CLOSED,-,5,5,5,5,5,5
20250510,09:45,CLOSED,80,50,5,120,15,90,CLOSED,5,40,10,5,-,20,-,-,5,15,5,5,5,-,CLOSED,5,-,CLOSED,-,5,5,5,5,5,5
20250510,10:15,CLOSED,70,70,30,120,60,70,CLOSED,5,50,-,5,-,20,-,-,5,15,5,5,-,15,CLOSED,5,5,CLOSED,-,5,5,5,5,5,15
20250510,10:45,CLOSED,90,80,40,100,50,80,CLOSED,30,50,-,-,-,20,-,-,15,20,5,5,-,15,CLOSED,5,5,CLOSED,-,5,5,5,10,5,30
20250510,11:15,CLOSED,90,60,50,100,40,80,CLOSED,40,50,5,5,-,20,5,5,15,20,10,5,5,15,CLOSED,5,5,CLOSED,-,10,10,10,15,5,30
20250510,11:45,CLOSED,70,60,40,80,40,60,CLOSED,40,40,10,5,-,25,5,5,20,30,15,5,5,15,CLOSED,5,5,CLOSED,-,10,10,10,15,15,25
20250510,12:15,CLOSED,70,80,40,80,30,50,CLOSED,40,40,5,5,5,15,5,5,5,30,15,15,5,15,CLOSED,5,5,CLOSED,-,10,10,5,15,10,20
20250510,12:45,CLOSED,80,50,70,90,25,50,CLOSED,40,40,-,-,5,20,5,-,5,20,15,15,-,15,CLOSED,5,5,CLOSED,-,10,10,5,10,10,15
20250510,13:15,CLOSED,90,60,40,100,40,50,CLOSED,30,40,-,-,5,20,5,-,20,20,15,15,-,15,CLOSED,5,5,CLOSED,-,15,15,5,10,10,20
20250510,13:45,CLOSED,80,50,40,100,40,60,CLOSED,40,40,5,5,5,20,5,5,20,30,20,20,5,15,CLOSED,5,5,CLOSED,-,20,10,5,10,10,20
20250510,14:15,CLOSED,90,60,50,100,40,60,CLOSED,50,50,5,5,5,25,5,5,15,30,15,15,5,15,CLOSED,5,5,CLOSED,-,20,10,5,10,10,15
20250510,14:45,CLOSED,90,60,50,90,40,70,CLOSED,50,40,5,10,5,25,5,5,25,30,15,10,10,15,CLOSED,5,5,CLOSED,-,15,15,10,20,20,10
20250510,15:15,CLOSED,100,60,50,100,40,80,CLOSED,50,40,-,-,5,20,5,-,15,40,25,25,-,15,CLOSED,5,5,CLOSED,-,15,10,10,20,15,15
20250510,15:45,CLOSED,100,60,60,100,40,70,CLOSED,40,40,-,-,5,15,5,-,20,30,25,20,-,15,CLOSED,5,5,CLOSED,-,10,10,10,15,15,25
20250510,16:15,CLOSED,100,60,50,100,40,60,CLOSED,40,50,10,5,5,30,5,5,20,30,20,15,5,15,CLOSED,5,5,CLOSED,-,20,20,10,20,10,10
20250510,16:45,CLOSED,90,50,40,120,30,80,CLOSED,40,50,5,20,5,40,5,5,15,40,15,20,15,15,CLOSED,5,5,CLOSED,-,20,15,10,20,15,10
20250510,17:15,CLOSED,80,40,50,120,30,80,CLOSED,40,40,15,15,5,20,-,5,15,30,15,15,20,15,CLOSED,5,5,CLOSED,-,15,15,5,20,15,10
20250510,17:45,CLOSED,60,50,50,100,40,70,CLOSED,40,50,-,15,5,25,-,-,20,30,20,20,-,15,CLOSED,5,5,CLOSED,-,20,15,5,15,5,10
20250510,18:15,CLOSED,60,40,40,100,40,70,CLOSED,50,50,-,-,-,15,-,-,20,40,20,15,-,15,CLOSED,5,5,CLOSED,-,15,10,5,20,10,10
20250510,18:45,CLOSED,50,30,50,90,30,70,CLOSED,35,30,-,-,-,15,-,-,20,20,10,20,-,15,CLOSED,5,5,CLOSED,-,15,10,5,15,15,10
20250510,19:15,CLOSED,50,30,50,100,30,70,CLOSED,30,50,-,-,-,20,-,-,15,20,5,20,-,15,CLOSED,5,5,CLOSED,-,10,5,5,15,5,5
20250510,19:45,CLOSED,40,30,50,-,40,70,CLOSED,40,40,-,-,-,20,-,-,20,15,5,15,-,15,CLOSED,5,5,CLOSED,-,10,10,5,15,5,5
20250510,20:15,CLOSED,40,30,40,-,40,60,CLOSED,25,40,5,-,-,15,-,-,10,20,10,25,5,15,CLOSED,5,5,CLOSED,-,10,10,5,15,5,5
20250510,20:45,CLOSED,25,15,30,-,25,-,CLOSED,30,25,5,-,-,15,-,-,5,15,5,15,10,-,CLOSED,5,5,CLOSED,-,10,5,5,5,5,5
20250510,21:15,CLOSED,-,-,-,-,-,-,CLOSED,-,-,-,-,-,-,-,-,-,-,-,-,-,-,CLOSED,-,-,CLOSED,-,-,-,-,-,-,-
20250510,21:45,CLOSED,-,-,-,-,-,-,CLOSED,-,-,-,-,-,-,-,-,-,-,-,-,-,-,CLOSED,-,-,CLOSED,-,-,-,-,-,-,-
20250511,07:15,CLOSED,-,-,-,-,-,-,CLOSED,-,-,-,-,-,-,-,-,-,-,-,-,-,-,CLOSED,-,-,CLOSED,-,-,-,-,-,-,-
20250511,07:45,CLOSED,-,-,-,-,-,-,CLOSED,-,-,-,-,-,-,-,-,-,-,-,-,-,-,CLOSED,-,-,CLOSED,-,-,-,-,-,-,-
20250511,08:15,CLOSED,-,-,-,-,-,-,CLOSED,-,-,-,-,-,-,-,-,-,-,-,-,-,-,CLOSED,-,-,CLOSED,-,-,-,-,-,-,-
20250511,08:45,CLOSED,-,-,-,-,-,-,CLOSED,-,-,-,-,-,-,-,-,-,-,-,-,-,-,CLOSED,-,-,CLOSED,-,-,-,-,-,-,-
20250511,09:15,CLOSED,20,10,10,60,10,20,CLOSED,5,15,5,5,-,20,-,-,5,15,5,5,5,-,CLOSED,5,-,CLOSED,-,5,5,5,5,5,5
20250511,09:45,CLOSED,120,60,50,120,50,120,CLOSED,15,50,-,10,-,20,-,-,5,15,5,5,5,-,CLOSED,5,-,CLOSED,-,5,5,5,5,5,5
20250511,10:15,CLOSED,120,90,80,160,50,120,CLOSED,60,60,-,-,-,20,-,-,15,15,15,5,5,15,CLOSED,5,5,CLOSED,-,10,5,5,5,5,30
20250511,10:45,CLOSED,120,100,60,140,40,80,CLOSED,50,80,-,-,-,20,-,-,15,30,25,10,-,15,CLOSED,5,5,CLOSED,-,20,15,10,10,5,20
20250511,11:15,CLOSED,120,90,60,90,30,50,CLOSED,40,60,5,5,-,20,5,5,15,40,25,15,5,15,CLOSED,5,5,CLOSED,-,25,10,5,20,15,25
20250511,11:45,CLOSED,70,70,50,70,40,70,CLOSED,40,50,5,5,-,15,5,5,25,40,25,15,5,15,CLOSED,5,5,CLOSED,-,15,10,5,20,15,20
20250511,12:15,CLOSED,70,80,40,100,30,60,CLOSED,40,40,5,5,5,15,5,5,10,40,20,15,5,15,CLOSED,5,5,CLOSED,-,15,10,5,20,10,20
20250511,12:45,CLOSED,80,80,60,90,20,60,CLOSED,40,50,-,10,5,30,5,-,15,30,15,15,-,15,CLOSED,5,5,CLOSED,-,15,10,5,15,10,10
20250511,13:15,CLOSED,80,80,50,90,40,70,CLOSED,50,50,-,-,5,15,5,-,20,30,30,20,-,15,CLOSED,5,5,CLOSED,-,15,10,10,15,15,15
20250511,13:45,CLOSED,90,70,50,120,30,70,CLOSED,40,50,5,10,5,20,5,5,20,30,20,20,5,15,CLOSED,5,5,CLOSED,-,15,15,5,15,10,15
20250511,14:15,CLOSED,80,70,50,100,40,80,CLOSED,50,50,5,5,5,20,5,5,20,50,-,20,5,15,CLOSED,5,5,CLOSED,-,25,15,10,20,15,15
20250511,14:45,CLOSED,90,70,60,100,40,80,CLOSED,50,50,-,20,5,30,5,-,25,20,-,15,-,15,CLOSED,5,5,CLOSED,-,25,15,15,20,15,15
20250511,15:15,CLOSED,90,70,60,100,25,80,CLOSED,50,50,-,-,15,20,5,-,20,30,20,15,-,15,CLOSED,5,5,CLOSED,-,20,20,10,20,20,20
20250511,15:45,CLOSED,80,60,60,120,30,90,CLOSED,40,40,-,-,15,20,10,-,25,30,20,20,-,15,CLOSED,5,5,CLOSED,-,20,15,5,20,15,15
20250511,16:15,CLOSED,90,60,50,100,30,90,CLOSED,30,50,15,20,5,25,5,5,10,40,25,20,5,15,CLOSED,5,5,CLOSED,-,25,15,5,20,15,10
20250511,16:45,CLOSED,80,60,50,90,30,80,CLOSED,50,40,20,20,10,15,5,5,25,50,25,20,20,15,CLOSED,5,5,CLOSED,-,15,15,5,20,15,10
20250511,17:15,CLOSED,80,50,50,120,30,70,CLOSED,70,50,10,25,5,20,-,5,10,40,25,15,15,15,CLOSED,5,5,CLOSED,-,20,10,5,10,5,10
20250511,17:45,CLOSED,90,50,40,100,25,70,CLOSED,60,40,-,-,10,20,-,-,15,20,25,15,-,15,CLOSED,5,5,CLOSED,-,15,10,5,15,5,5
20250511,18:15,CLOSED,70,40,50,100,30,70,CLOSED,40,50,-,-,-,20,-,-,20,30,15,20,-,15,CLOSED,5,5,CLOSED,-,20,10,5,15,5,5
20250511,18:45,CLOSED,60,40,50,100,15,50,CLOSED,50,40,-,-,-,15,-,-,15,20,15,20,-,15,CLOSED,5,5,CLOSED,-,15,10,5,15,10,5
20250511,19:15,CLOSED,40,30,40,80,20,50,CLOSED,25,40,-,-,-,20,-,-,5,15,10,20,-,15,CLOSED,5,5,CLOSED,-,10,10,5,5,5,5
20250511,19:45,CLOSED,40,25,30,70,15,50,CLOSED,20,10,-,-,-,20,-,-,5,15,5,10,-,15,CLOSED,5,5,CLOSED,-,5,5,5,5,5,5
20250511,20:15,CLOSED,30,20,30,-,25,60,CLOSED,25,40,-,-,-,20,-,-,10,15,5,10,-,15,CLOSED,5,5,CLOSED,-,5,5,5,5,5,5
20250511,20:45,CLOSED,-,15,-,-,20,40,CLOSED,30,25,-,-,-,15,-,-,5,15,5,15,-,-,CLOSED,5,5,CLOSED,-,5,5,5,5,5,5
20250511,21:15,CLOSED,-,-,-,-,-,-,CLOSED,-,-,-,-,-,-,-,-,-,-,-,-,-,-,CLOSED,-,-,CLOSED,-,-,-,-,-,-,-
20250511,21:45,CLOSED,-,-,-,-,-,-,CLOSED,-,-,-,-,-,-,-,-,-,-,-,-,-,-,CLOSED,-,-,CLOSED,-,-,-,-,-,-,-
20250512,07:15,CLOSED,-,-,-,-,-,-,CLOSED,-,-,-,-,-,-,-,-,-,-,-,-,-,-,CLOSED,-,-,CLOSED,-,-,-,-,-,-,-
20250512,07:45,CLOSED,-,-,-,-,-,-,CLOSED,-,-,-,-,-,-,-,-,-,-,-,-,-,-,CLOSED,-,-,CLOSED,-,-,-,-,-,-,-
20250512,08:15,CLOSED,-,-,-,-,-,-,CLOSED,-,-,-,-,-,-,-,-,-,-,-,-,-,-,CLOSED,-,-,CLOSED,-,-,-,-,-,-,-
20250512,08:45,CLOSED,-,-,-,-,-,-,CLOSED,-,-,-,-,-,-,-,-,-,-,-,-,-,-,CLOSED,-,-,CLOSED,-,-,-,-,-,-,-
20250512,09:15,CLOSED,25,10,25,70,10,20,CLOSED,5,10,5,5,-,20,-,-,5,15,5,5,5,-,CLOSED,5,-,CLOSED,-,5,5,5,5,5,5
20250512,09:45,CLOSED,100,40,50,90,30,80,CLOSED,5,50,15,5,-,20,-,-,5,15,5,5,5,-,CLOSED,5,-,CLOSED,-,5,5,5,5,5,5
20250512,10:15,CLOSED,120,60,50,140,50,80,CLOSED,60,60,-,5,-,20,-,-,10,15,5,5,-,15,CLOSED,5,5,CLOSED,-,10,10,5,5,5,25
20250512,10:45,CLOSED,120,70,60,100,30,50,CLOSED,50,60,-,-,-,15,-,-,20,20,15,10,-,15,CLOSED,5,5,CLOSED,-,20,10,5,10,5,40
20250512,11:15,CLOSED,80,50,50,90,30,40,CLOSED,50,60,5,5,-,15,5,5,10,30,15,10,5,15,CLOSED,5,5,CLOSED,-,15,15,5,10,5,25
20250512,11:45,CLOSED,70,50,40,80,40,50,CLOSED,40,60,5,5,-,20,5,5,25,30,15,10,5,15,CLOSED,5,5,CLOSED,-,5,10,5,10,5,25
20250512,12:15,CLOSED,60,50,50,80,30,50,CLOSED,40,60,5,5,5,15,5,5,10,20,15,10,5,15,CLOSED,5,5,CLOSED,-,10,10,5,10,10,40
20250512,12:45,CLOSED,70,40,50,80,30,60,CLOSED,40,60,-,5,5,20,5,-,10,20,15,10,-,15,CLOSED,5,5,CLOSED,-,25,10,5,15,10,30
20250512,13:15,CLOSED,80,40,40,90,30,50,CLOSED,40,60,-,-,5,15,5,-,25,30,15,15,-,15,CLOSED,5,5,CLOSED,-,15,10,5,15,10,20
20250512,13:45,CLOSED,80,40,50,80,30,50,CLOSED,50,60,5,5,5,20,5,5,15,30,20,20,5,15,CLOSED,5,5,CLOSED,-,25,5,5,20,5,25
20250512,14:15,CLOSED,80,50,50,90,30,50,CLOSED,50,50,5,5,5,20,5,5,10,30,15,10,5,15,CLOSED,5,5,CLOSED,-,15,10,10,15,10,15
20250512,14:45,CLOSED,90,50,50,100,30,50,CLOSED,40,50,5,10,5,20,5,5,25,30,15,10,5,15,CLOSED,5,5,CLOSED,-,15,10,10,15,15,15
20250512,15:15,CLOSED,80,50,50,100,30,60,CLOSED,60,50,-,-,5,15,5,-,15,30,20,20,-,15,CLOSED,5,5,CLOSED,-,25,10,5,20,15,25
20250512,15:45,CLOSED,80,50,50,90,30,40,CLOSED,50,50,-,-,5,15,5,-,20,30,15,25,-,15,CLOSED,5,5,CLOSED,-,15,5,5,15,5,20
20250512,16:15,CLOSED,70,40,50,70,25,70,CLOSED,50,60,5,5,5,15,10,5,5,20,15,15,5,15,CLOSED,5,5,CLOSED,-,15,10,5,20,10,5
20250512,16:45,CLOSED,70,40,50,90,25,70,CLOSED,50,60,5,15,5,15,10,5,20,20,15,20,15,15,CLOSED,5,5,CLOSED,-,15,5,5,15,10,5
20250512,17:15,CLOSED,60,30,40,80,25,60,CLOSED,50,50,5,20,5,20,-,5,15,20,10,20,15,15,CLOSED,5,5,CLOSED,-,15,5,5,10,10,10
20250512,17:45,CLOSED,60,40,50,80,30,50,CLOSED,30,40,-,15,5,20,-,-,15,20,10,10,-,15,CLOSED,5,5,CLOSED,-,10,10,5,15,10,5
20250512,18:15,CLOSED,60,30,40,70,30,70,CLOSED,50,50,-,-,-,20,-,-,20,20,10,20,-,15,CLOSED,5,5,CLOSED,-,10,5,5,15,5,5
20250512,18:45,CLOSED,40,30,40,70,20,50,CLOSED,40,40,-,-,-,20,-,-,15,15,5,20,-,15,CLOSED,5,5,CLOSED,-,15,5,5,15,5,5
20250512,19:15,CLOSED,30,20,40,60,20,30,CLOSED,30,30,-,-,-,20,-,-,5,15,5,15,-,15,CLOSED,5,5,CLOSED,-,10,5,5,5,5,5
20250512,19:45,CLOSED,30,-,50,50,20,30,CLOSED,20,30,-,-,-,20,-,-,5,15,5,10,-,15,CLOSED,5,5,CLOSED,-,5,5,5,5,5,5
20250512,20:15,CLOSED,15,-,30,60,15,60,CLOSED,25,40,-,-,-,20,-,-,5,15,5,10,-,15,CLOSED,5,5,CLOSED,-,5,5,5,5,5,5
20250512,20:45,CLOSED,10,10,20,-,30,30,CLOSED,20,25,5,15,-,20,-,-,5,15,5,5,5,-,CLOSED,5,5,CLOSED,-,5,5,5,5,5,5
20250512,21:15,CLOSED,-,-,-,-,-,-,CLOSED,-,-,-,-,-,-,-,-,-,-,-,-,-,-,CLOSED,-,-,CLOSED,-,-,-,-,-,-,-
20250512,21:45,CLOSED,-,-,-,-,-,-,CLOSED,-,-,-,-,-,-,-,-,-,-,-,-,-,-,CLOSED,-,-,CLOSED,-,-,-,-,-,-,-
20250513,07:15,CLOSED,-,-,-,-,-,-,CLOSED,-,-,-,-,-,-,-,-,-,-,-,-,-,-,CLOSED,-,-,CLOSED,-,-,-,-,-,-,-
20250513,07:45,CLOSED,-,-,-,-,-,-,CLOSED,-,-,-,-,-,-,-,-,-,-,-,-,-,-,CLOSED,-,-,CLOSED,-,-,-,-,-,-,-
20250513,08:15,CLOSED,-,-,-,-,-,-,CLOSED,-,-,-,-,-,-,-,-,-,-,-,-,-,-,CLOSED,-,-,CLOSED,-,-,-,-,-,-,-
20250513,08:45,CLOSED,-,-,-,-,-,-,CLOSED,-,-,-,-,-,-,-,-,-,-,-,-,-,-,CLOSED,-,-,CLOSED,-,-,-,-,-,-,-
20250513,09:15,CLOSED,30,10,20,50,15,20,CLOSED,-,10,5,5,-,20,-,-,5,15,5,5,5,-,CLOSED,5,-,CLOSED,-,5,5,5,5,5,5
20250513,09:45,CLOSED,120,50,50,120,50,90,CLOSED,10,60,-,5,-,20,-,-,5,15,5,5,5,-,CLOSED,5,-,CLOSED,-,5,5,5,5,5,5
20250513,10:15,CLOSED,90,80,50,140,70,70,CLOSED,60,70,-,-,-,25,-,-,20,15,5,5,-,15,CLOSED,5,5,CLOSED,-,5,10,5,5,5,40
20250513,10:45,CLOSED,120,70,60,100,70,60,CLOSED,50,60,-,-,-,20,-,-,20,40,20,10,-,15,CLOSED,5,5,CLOSED,-,15,15,5,20,15,40
20250513,11:15,CLOSED,120,-,60,120,60,50,CLOSED,50,70,5,5,-,20,5,5,10,30,25,10,5,15,CLOSED,5,5,CLOSED,-,25,15,10,20,15,30
20250513,11:45,CLOSED,100,-,60,100,50,60,CLOSED,50,80,5,5,-,25,5,5,25,40,15,10,5,15,CLOSED,5,5,CLOSED,-,15,15,15,20,15,40
20250513,12:15,CLOSED,100,30,50,80,70,60,CLOSED,50,70,5,5,5,15,5,5,15,40,25,15,5,15,CLOSED,5,5,CLOSED,-,20,10,10,25,10,25
20250513,12:45,CLOSED,90,120,50,100,70,40,CLOSED,60,60,-,5,5,15,5,-,10,40,25,10,-,15,CLOSED,5,5,CLOSED,-,25,15,10,20,15,30
20250513,13:15,CLOSED,90,80,50,100,60,60,CLOSED,60,80,-,-,5,20,5,-,25,30,20,20,-,15,CLOSED,5,5,CLOSED,-,15,5,10,25,15,30
20250513,13:45,CLOSED,90,70,50,90,60,70,CLOSED,50,90,5,5,5,20,5,5,25,40,20,20,5,15,CLOSED,5,5,CLOSED,-,25,10,5,20,10,30
20250513,14:15,CLOSED,90,70,50,100,80,50,CLOSED,50,70,10,5,5,20,5,5,15,40,20,15,5,15,CLOSED,5,5,CLOSED,-,25,10,15,20,15,30
20250513,14:45,CLOSED,80,90,50,100,70,70,CLOSED,70,80,15,5,5,30,5,5,25,40,20,20,-,15,CLOSED,5,5,CLOSED,-,20,15,15,20,20,25
20250513,15:15,CLOSED,120,90,50,90,70,80,CLOSED,60,70,-,-,10,15,5,-,20,30,20,25,-,15,CLOSED,5,5,CLOSED,-,20,10,15,25,15,30
20250513,15:45,CLOSED,90,100,40,100,70,60,CLOSED,60,70,-,-,10,15,5,-,20,30,25,20,-,15,CLOSED,5,5,CLOSED,-,20,15,10,20,15,15
20250513,16:15,CLOSED,90,100,50,100,80,70,CLOSED,60,80,5,10,10,20,5,5,15,30,-,15,15,15,CLOSED,5,5,CLOSED,-,20,15,5,20,15,25
20250513,16:45,CLOSED,100,70,50,120,70,70,CLOSED,60,70,5,25,10,20,5,10,25,40,-,20,20,15,CLOSED,5,5,CLOSED,-,25,10,10,10,15,25
20250513,17:15,CLOSED,90,80,50,120,70,70,CLOSED,60,70,10,30,10,20,-,5,10,40,-,15,15,15,CLOSED,5,5,CLOSED,-,15,10,5,20,15,10
20250513,17:45,CLOSED,80,50,50,100,80,60,CLOSED,60,50,-,-,10,15,-,-,25,20,15,15,-,15,CLOSED,5,5,CLOSED,-,15,15,5,15,10,15
20250513,18:15,CLOSED,90,50,40,100,80,60,CLOSED,60,60,-,-,-,15,-,-,20,30,20,25,-,15,CLOSED,5,5,CLOSED,-,20,5,5,15,5,25
20250513,18:45,CLOSED,90,50,40,80,80,50,CLOSED,40,60,-,-,-,15,-,-,10,20,25,20,-,15,CLOSED,5,5,CLOSED,-,15,10,5,10,5,15
20250513,19:15,CLOSED,70,40,40,70,80,40,CLOSED,30,40,-,-,-,15,-,-,10,15,10,20,-,15,CLOSED,5,5,CLOSED,-,5,5,5,10,5,5
20250513,19:45,CLOSED,60,40,40,80,50,30,CLOSED,20,40,-,-,-,15,-,-,5,15,5,10,-,15,CLOSED,5,5,CLOSED,-,5,5,5,5,5,5
20250513,20:15,CLOSED,40,15,30,-,60,50,CLOSED,30,50,-,-,-,15,-,-,5,15,5,15,-,15,CLOSED,5,5,CLOSED,-,5,5,5,5,5,5
20250513,20:45,CLOSED,40,20,-,-,-,40,CLOSED,-,-,5,-,-,20,-,-,5,15,5,10,5,-,CLOSED,5,5,CLOSED,-,5,5,5,5,5,5
20250513,21:15,CLOSED,-,-,-,-,-,-,CLOSED,-,-,-,-,-,-,-,-,-,-,-,-,-,-,CLOSED,-,-,CLOSED,-,-,-,-,-,-,-
20250513,21:45,CLOSED,-,-,-,-,-,-,CLOSED,-,-,-,-,-,-,-,-,-,-,-,-,-,-,CLOSED,-,-,CLOSED,-,-,-,-,-,-,-
20250514,07:15,CLOSED,-,-,-,-,-,-,CLOSED,-,-,-,-,-,-,-,-,-,-,-,-,-,-,CLOSED,-,-,CLOSED,-,-,-,-,-,-,-
20250514,07:45,CLOSED,-,-,-,-,-,-,CLOSED,-,-,-,-,-,-,-,-,-,-,-,-,-,-,CLOSED,-,-,CLOSED,-,-,-,-,-,-,-
20250514,08:15,CLOSED,-,-,-,-,-,-,CLOSED,-,-,-,-,-,-,-,-,-,-,-,-,-,-,CLOSED,-,-,CLOSED,-,-,-,-,-,-,-
20250514,08:45,CLOSED,-,-,-,-,-,-,CLOSED,-,-,-,-,-,-,-,-,-,-,-,-,-,-,CLOSED,-,-,CLOSED,-,-,-,-,-,-,-
20250514,09:15,CLOSED,50,10,20,50,15,10,CLOSED,5,5,5,5,-,20,-,-,5,15,5,5,5,-,CLOSED,5,-,CLOSED,-,5,5,5,5,5,5
20250514,09:45,CLOSED,-,80,60,100,60,80,CLOSED,15,60,15,5,-,20,-,-,5,15,5,5,5,-,CLOSED,5,-,CLOSED,-,5,5,5,5,5,5
20250514,10:15,CLOSED,100,90,50,160,80,100,CLOSED,70,90,-,-,-,30,-,-,15,20,5,5,-,15,CLOSED,5,5,CLOSED,-,5,10,5,5,5,30
20250514,10:45,CLOSED,140,80,60,140,90,90,CLOSED,80,100,-,-,-,20,-,-,25,50,25,10,-,15,CLOSED,5,5,CLOSED,-,25,10,10,15,15,40
20250514,11:15,CLOSED,120,70,60,120,80,60,CLOSED,60,90,5,5,-,20,5,5,20,50,30,10,5,15,CLOSED,5,5,CLOSED,-,25,15,15,25,15,50
20250514,11:45,CLOSED,100,70,60,100,80,40,CLOSED,70,90,5,5,-,30,5,5,25,30,25,15,5,15,CLOSED,5,5,CLOSED,-,25,15,15,20,20,60
20250514,12:15,CLOSED,70,70,50,100,80,60,CLOSED,40,90,5,5,5,15,5,5,15,30,20,20,5,15,CLOSED,5,5,CLOSED,-,15,15,15,20,15,50
20250514,12:45,CLOSED,100,90,50,90,80,50,CLOSED,70,80,-,-,5,15,5,-,15,30,20,10,-,15,CLOSED,5,5,CLOSED,-,15,10,5,25,10,30
20250514,13:15,CLOSED,100,70,40,100,80,70,CLOSED,60,90,-,-,5,20,5,-,20,50,20,25,-,15,CLOSED,5,5,CLOSED,-,25,10,10,20,15,25
20250514,13:45,CLOSED,100,80,50,120,90,90,CLOSED,70,90,15,5,5,20,5,5,25,30,25,20,5,15,CLOSED,5,5,CLOSED,-,25,10,10,25,10,40
20250514,14:15,CLOSED,100,80,50,120,80,80,CLOSED,60,90,5,10,5,20,5,5,25,40,20,15,5,15,CLOSED,5,5,CLOSED,-,25,15,15,20,15,25
20250514,14:45,CLOSED,100,70,50,90,80,80,CLOSED,70,100,-,15,5,15,5,5,20,30,25,15,-,15,CLOSED,5,5,CLOSED,-,25,15,15,25,20,25
20250514,15:15,CLOSED,120,60,50,100,100,80,CLOSED,60,100,-,-,10,15,5,-,20,40,30,25,-,15,CLOSED,5,5,CLOSED,-,25,15,15,25,20,30
20250514,15:45,CLOSED,100,70,50,100,120,80,CLOSED,70,100,-,-,10,20,5,-,15,40,-,20,-,15,CLOSED,5,5,CLOSED,-,25,10,10,25,20,30
20250514,16:15,CLOSED,120,60,50,100,100,80,CLOSED,70,100,10,25,10,20,5,10,15,40,-,20,20,30,CLOSED,5,5,CLOSED,-,25,10,15,25,20,30
20250514,16:45,CLOSED,100,70,50,100,100,80,CLOSED,70,80,15,40,10,20,5,10,25,40,-,20,25,15,CLOSED,5,5,CLOSED,-,25,10,10,25,15,30
20250514,17:15,CLOSED,100,60,50,120,90,70,CLOSED,60,100,25,25,5,15,-,5,15,20,20,20,15,15,CLOSED,5,5,CLOSED,-,25,20,10,20,10,30
20250514,17:45,CLOSED,80,60,50,100,90,70,CLOSED,70,90,-,-,5,15,-,-,20,30,-,15,-,15,CLOSED,5,5,CLOSED,-,20,15,10,15,10,30
20250514,18:15,CLOSED,80,50,50,100,120,70,CLOSED,60,90,-,-,-,15,-,-,25,40,-,20,-,15,CLOSED,5,5,CLOSED,-,25,10,10,15,15,20
20250514,18:45,CLOSED,80,30,50,90,90,50,CLOSED,60,80,-,-,-,20,-,-,15,30,-,20,-,15,CLOSED,5,5,CLOSED,-,15,15,5,15,15,25
20250514,19:15,CLOSED,70,40,40,60,90,50,CLOSED,50,70,-,-,-,20,-,-,10,20,-,15,-,15,CLOSED,5,5,CLOSED,-,15,5,5,10,5,10
20250514,19:45,CLOSED,60,25,30,70,70,30,CLOSED,30,40,-,-,-,20,-,-,5,15,5,15,-,15,CLOSED,5,5,CLOSED,-,5,5,5,5,5,5
20250514,20:15,CLOSED,30,15,40,-,-,50,CLOSED,30,50,-,-,-,20,-,-,5,15,5,10,-,15,CLOSED,5,5,CLOSED,-,5,5,5,5,5,5
20250514,20:45,CLOSED,-,10,-,-,-,40,CLOSED,-,-,5,20,-,15,-,-,5,15,15,15,5,-,CLOSED,5,5,CLOSED,-,5,5,5,5,5,5
20250514,21:15,CLOSED,-,-,-,-,-,-,CLOSED,-,-,-,-,-,-,-,-,-,-,-,-,-,-,CLOSED,-,-,CLOSED,-,-,-,-,-,-,-
20250514,21:45,CLOSED,-,-,-,-,-,-,CLOSED,-,-,-,-,-,-,-,-,-,-,-,-,-,-,CLOSED,-,-,CLOSED,-,-,-,-,-,-,-
20250515,07:15,CLOSED,-,-,-,-,-,-,CLOSED,-,-,-,-,-,-,-,-,-,-,-,-,-,-,CLOSED,-,-,CLOSED,-,-,-,-,-,-,-
20250515,07:45,CLOSED,-,-,-,-,-,-,CLOSED,-,-,-,-,-,-,-,-,-,-,-,-,-,-,CLOSED,-,-,CLOSED,-,-,-,-,-,-,-
20250515,08:15,CLOSED,-,-,-,-,-,-,CLOSED,-,-,-,-,-,-,-,-,-,-,-,-,-,-,CLOSED,-,-,CLOSED,-,-,-,-,-,-,-
20250515,08:45,CLOSED,-,-,-,-,-,-,CLOSED,-,-,-,-,-,-,-,-,-,-,-,-,-,-,CLOSED,-,-,CLOSED,-,-,-,-,-,-,-
20250515,09:15,CLOSED,10,5,20,70,15,20,CLOSED,5,-,5,5,-,15,-,-,5,15,5,5,5,-,CLOSED,5,-,CLOSED,-,5,5,5,5,5,5
20250515,09:45,CLOSED,120,50,50,120,60,70,CLOSED,10,-,15,5,-,10,-,-,5,15,5,5,5,-,CLOSED,5,-,CLOSED,-,5,5,5,5,5,5
20250515,10:15,CLOSED,120,90,70,140,90,80,CLOSED,70,15,-,10,-,20,-,-,15,20,15,5,5,15,CLOSED,5,5,CLOSED,-,10,10,5,5,5,50
20250515,10:45,CLOSED,100,80,70,100,80,80,CLOSED,60,80,-,-,-,30,-,-,25,30,20,10,-,15,CLOSED,5,5,CLOSED,-,15,15,10,20,10,30
20250515,11:15,CLOSED,80,60,50,100,70,60,CLOSED,50,80,5,5,-,30,5,5,20,50,30,10,5,15,CLOSED,5,5,CLOSED,-,20,10,10,20,20,50
20250515,11:45,CLOSED,80,60,50,80,70,60,CLOSED,50,80,10,15,-,30,5,5,20,60,-,15,10,15,CLOSED,5,5,CLOSED,-,25,15,10,20,20,40
20250515,12:15,CLOSED,70,70,50,100,70,60,CLOSED,60,90,10,10,5,20,5,5,20,-,-,20,10,15,CLOSED,5,5,CLOSED,-,25,20,10,25,15,30
20250515,12:45,CLOSED,80,60,50,90,80,70,CLOSED,50,80,-,5,5,20,5,-,15,20,10,10,-,15,CLOSED,5,5,CLOSED,-,15,10,15,30,15,30
20250515,13:15,CLOSED,70,70,50,100,90,60,CLOSED,50,90,-,-,5,30,5,-,25,50,15,20,-,15,CLOSED,5,5,CLOSED,-,20,10,15,25,15,30
20250515,13:45,CLOSED,80,60,40,100,100,50,CLOSED,70,90,5,10,5,15,5,5,20,40,-,20,5,15,CLOSED,5,5,CLOSED,-,15,10,15,25,20,20
20250515,14:15,CLOSED,100,60,50,90,100,70,CLOSED,50,100,5,5,5,20,5,5,15,50,-,20,5,15,CLOSED,5,5,CLOSED,-,25,20,10,25,15,25
20250515,14:45,CLOSED,120,70,60,100,100,80,CLOSED,70,90,-,20,5,20,5,-,25,30,10,20,-,30,CLOSED,5,5,CLOSED,-,25,15,10,30,15,50
20250515,15:15,CLOSED,100,70,60,100,100,80,CLOSED,60,90,-,-,10,20,5,-,25,50,30,20,-,15,CLOSED,10,5,CLOSED,-,25,15,15,25,15,30
20250515,15:45,CLOSED,90,70,50,120,100,70,CLOSED,60,90,-,-,5,15,5,-,20,40,30,20,-,30,CLOSED,5,5,CLOSED,-,20,15,10,25,20,30
20250515,16:15,CLOSED,90,60,50,100,120,70,CLOSED,70,90,20,10,15,15,5,5,15,50,30,20,15,15,CLOSED,5,5,CLOSED,-,30,10,5,20,10,25
20250515,16:45,CLOSED,100,50,50,100,100,80,CLOSED,60,90,20,30,5,20,5,15,25,30,25,20,20,15,CLOSED,5,5,CLOSED,-,25,15,5,15,10,20
20250515,17:15,CLOSED,90,40,50,140,100,70,CLOSED,60,90,15,25,10,15,-,5,20,40,25,20,15,15,CLOSED,5,5,CLOSED,-,30,10,10,15,15,25
20250515,17:45,CLOSED,80,50,50,120,120,70,CLOSED,60,100,-,15,10,15,-,-,20,30,20,20,-,15,CLOSED,5,5,CLOSED,-,20,10,5,20,10,20
20250515,18:15,CLOSED,80,40,50,90,100,70,CLOSED,60,90,-,-,-,15,-,-,25,40,20,20,-,15,CLOSED,5,5,CLOSED,-,15,15,5,20,10,30
20250515,18:45,CLOSED,70,40,40,100,90,60,CLOSED,50,70,-,-,-,15,-,-,15,30,20,25,-,15,CLOSED,5,5,CLOSED,-,15,10,5,10,10,20
20250515,19:15,CLOSED,70,30,40,90,70,50,CLOSED,40,60,-,-,-,15,-,-,5,15,20,20,-,15,CLOSED,5,5,CLOSED,-,15,5,5,10,10,5
20250515,19:45,CLOSED,50,25,40,70,70,30,CLOSED,30,50,-,-,-,15,-,-,5,15,5,15,-,15,CLOSED,5,5,CLOSED,-,5,5,5,10,5,5
20250515,20:15,CLOSED,40,20,40,-,-,50,CLOSED,50,50,-,-,-,15,-,-,5,15,5,15,-,15,CLOSED,5,5,CLOSED,-,10,5,5,10,5,5
20250515,20:45,CLOSED,-,15,-,-,-,-,CLOSED,-,-,5,25,-,15,-,-,5,15,5,15,5,-,CLOSED,5,5,CLOSED,-,5,5,5,10,5,5
20250515,21:15,CLOSED,-,-,-,-,-,-,CLOSED,-,-,-,-,-,-,-,-,-,-,-,-,-,-,CLOSED,-,-,CLOSED,-,-,-,-,-,-,-
20250515,21:45,CLOSED,-,-,-,-,-,-,CLOSED,-,-,-,-,-,-,-,-,-,-,-,-,-,-,CLOSED,-,-,CLOSED,-,-,-,-,-,-,-
20250516,07:15,CLOSED,-,-,-,-,-,-,CLOSED,-,-,-,-,-,-,-,-,-,-,-,-,-,-,-,-,-,CLOSED,-,-,-,-,-,-,-
20250516,07:45,CLOSED,-,-,-,-,-,-,CLOSED,-,-,-,-,-,-,-,-,-,-,-,-,-,-,-,-,-,CLOSED,-,-,-,-,-,-,-
20250516,08:15,CLOSED,-,-,-,-,-,-,CLOSED,-,-,-,-,-,-,-,-,-,-,-,-,-,-,-,-,-,CLOSED,-,-,-,-,-,-,-
20250516,08:45,CLOSED,-,-,-,-,-,-,CLOSED,-,-,-,-,-,-,-,-,-,-,-,-,-,-,-,-,-,CLOSED,-,-,-,-,-,-,-
20250516,09:15,CLOSED,20,10,20,60,10,20,CLOSED,5,15,5,5,-,20,-,-,5,15,5,10,5,-,5,5,-,CLOSED,-,5,5,5,5,5,5
20250516,09:45,CLOSED,140,70,50,100,60,90,CLOSED,5,50,15,5,-,20,-,-,5,15,5,5,5,-,5,5,-,CLOSED,-,5,5,5,5,5,5
20250516,10:15,CLOSED,90,90,60,180,100,120,CLOSED,60,80,-,-,-,25,-,-,15,15,10,5,-,15,10,5,5,CLOSED,-,5,10,5,5,5,30
20250516,10:45,CLOSED,120,80,70,140,90,120,CLOSED,70,90,-,-,-,30,-,-,25,50,25,10,-,15,-,5,5,CLOSED,-,15,15,10,15,15,40
20250516,11:15,CLOSED,100,80,60,120,100,90,CLOSED,60,90,5,5,-,15,5,5,20,30,30,10,5,15,5,5,5,CLOSED,-,25,15,15,25,15,30
20250516,11:45,CLOSED,90,80,60,100,90,70,CLOSED,60,100,15,5,-,30,5,5,25,40,20,10,5,15,15,5,5,CLOSED,-,25,15,10,20,10,30
20250516,12:15,CLOSED,90,70,50,100,90,80,CLOSED,60,90,10,10,5,20,5,5,15,30,20,15,5,15,15,5,5,CLOSED,-,20,15,5,20,15,30
20250516,12:45,CLOSED,90,80,50,120,80,90,CLOSED,60,80,-,5,5,20,5,-,10,40,25,10,-,15,20,5,5,CLOSED,-,25,15,10,20,20,25
20250516,13:15,CLOSED,90,70,60,120,80,70,CLOSED,60,80,-,-,5,30,5,-,20,30,25,20,-,15,20,5,5,CLOSED,-,30,15,15,25,15,30
20250516,13:45,CLOSED,100,70,50,100,70,60,CLOSED,70,70,5,5,5,15,5,5,20,50,30,20,5,15,25,5,5,CLOSED,-,20,15,15,20,15,40
20250516,14:15,CLOSED,100,70,50,100,70,90,CLOSED,60,90,5,5,5,20,5,5,15,40,25,20,5,15,20,5,5,CLOSED,-,25,15,15,20,20,30
20250516,14:45,CLOSED,100,60,-,120,70,90,CLOSED,60,90,-,20,5,30,5,5,20,40,20,20,10,15,20,5,5,CLOSED,-,25,10,15,20,15,30
20250516,15:15,CLOSED,100,60,-,120,90,100,CLOSED,50,80,-,-,5,30,5,-,20,40,20,25,-,15,20,5,5,CLOSED,-,30,15,15,20,20,30
20250516,15:45,CLOSED,100,60,60,120,90,90,CLOSED,60,80,-,-,5,20,5,-,20,40,20,20,-,15,20,5,5,CLOSED,-,25,15,15,25,15,20
20250516,16:15,CLOSED,90,60,60,120,90,90,CLOSED,60,70,5,10,5,30,5,5,20,40,20,20,15,15,20,5,5,CLOSED,-,20,20,10,20,15,20
20250516,16:45,CLOSED,90,60,50,120,100,80,CLOSED,50,60,15,25,5,30,5,5,20,30,20,20,25,15,10,5,5,CLOSED,-,15,10,5,20,10,10
20250516,17:15,CLOSED,90,50,60,90,90,60,CLOSED,50,60,10,25,5,15,-,5,15,30,15,15,20,15,15,5,5,CLOSED,-,20,15,5,15,15,15
20250516,17:45,CLOSED,80,40,50,120,80,80,CLOSED,50,70,-,-,5,20,-,-,20,30,10,20,-,15,15,5,5,CLOSED,-,20,10,-,15,10,20
20250516,18:15,CLOSED,80,40,50,90,70,80,CLOSED,40,50,-,-,-,20,-,-,20,30,20,20,-,15,10,5,5,CLOSED,-,15,10,5,15,10,25
20250516,18:45,CLOSED,80,40,40,80,60,70,CLOSED,40,50,-,-,-,20,-,-,15,15,10,25,-,15,15,5,5,CLOSED,-,15,10,5,10,5,10
20250516,19:15,CLOSED,70,20,40,80,80,60,CLOSED,30,40,-,-,-,20,-,-,15,15,5,25,-,15,15,5,5,CLOSED,-,10,5,5,15,5,5
20250516,19:45,CLOSED,50,20,40,80,50,30,CLOSED,25,40,-,-,-,15,-,-,5,15,5,10,-,15,5,5,5,CLOSED,-,5,5,5,5,5,5
20250516,20:15,CLOSED,50,15,40,-,60,60,CLOSED,40,50,-,-,-,15,-,-,5,15,5,15,-,15,5,5,5,CLOSED,-,5,5,5,5,5,5
20250516,20:45,CLOSED,-,15,-,-,-,-,CLOSED,-,25,-,-,-,15,-,-,5,15,5,15,-,-,10,5,5,CLOSED,-,10,5,5,5,5,5
20250516,21:15,CLOSED,-,-,-,-,-,-,CLOSED,-,-,-,-,-,-,-,-,-,-,-,-,-,-,-,-,-,CLOSED,-,-,-,-,-,-,-
20250516,21:45,CLOSED,-,-,-,-,-,-,CLOSED,-,-,-,-,-,-,-,-,-,-,-,-,-,-,-,-,-,CLOSED,-,-,-,-,-,-,-
20250517,07:15,CLOSED,-,-,-,-,-,-,CLOSED,-,-,-,-,-,-,-,-,-,-,-,-,-,-,-,-,-,CLOSED,-,-,-,-,-,-,-
20250517,07:45,CLOSED,-,-,-,-,-,-,CLOSED,-,-,-,-,-,-,-,-,-,-,-,-,-,-,-,-,-,CLOSED,-,-,-,-,-,-,-
20250517,08:15,CLOSED,-,-,-,-,-,-,CLOSED,-,-,-,-,-,-,-,-,-,-,-,-,-,-,-,-,-,CLOSED,-,-,-,-,-,-,-
20250517,08:45,CLOSED,-,-,-,-,-,-,CLOSED,-,-,-,-,-,-,-,-,-,-,-,-,-,-,-,-,-,CLOSED,-,-,-,-,-,-,-
20250517,09:15,CLOSED,15,10,10,70,10,30,CLOSED,5,5,5,5,-,5,-,-,-,15,5,-,5,-,5,-,-,CLOSED,-,5,5,5,5,5,5
20250517,09:45,CLOSED,50,50,15,140,50,90,CLOSED,5,40,15,5,-,20,-,-,-,15,5,-,5,-,5,5,-,CLOSED,-,5,5,5,-,5,5
20250517,10:15,CLOSED,90,80,40,100,50,80,CLOSED,5,60,-,5,-,15,-,-,-,15,5,-,-,15,5,5,5,CLOSED,-,5,5,5,5,5,10
20250517,10:45,CLOSED,90,70,30,100,60,60,CLOSED,25,60,-,-,-,30,-,-,-,20,5,-,-,-,5,5,5,CLOSED,-,5,5,5,10,5,30
20250517,11:15,CLOSED,90,60,25,100,70,50,CLOSED,40,50,5,-,-,15,-,5,-,40,5,-,5,5,5,5,5,CLOSED,-,5,5,10,20,15,40
20250517,11:45,CLOSED,80,60,40,80,60,80,CLOSED,40,60,-,-,-,40,-,-,-,30,5,-,-,5,5,5,5,CLOSED,-,5,5,5,20,15,25
20250517,12:15,CLOSED,80,60,30,100,60,70,CLOSED,25,60,5,-,10,25,-,5,-,30,5,-,5,5,5,5,5,CLOSED,-,5,5,15,20,15,20
20250517,12:45,CLOSED,60,60,25,100,50,60,CLOSED,10,-,-,-,10,15,-,-,-,30,5,-,-,25,5,5,5,CLOSED,-,5,5,20,30,15,25
20250517,13:15,CLOSED,60,70,20,100,50,60,CLOSED,5,-,-,-,10,25,-,-,-,30,5,-,-,30,5,5,5,CLOSED,-,5,5,20,30,25,30
20250517,13:45,CLOSED,60,70,10,90,40,60,CLOSED,5,-,-,-,10,30,-,-,-,40,5,-,-,30,5,5,5,CLOSED,-,5,5,20,40,25,25
20250517,14:15,CLOSED,50,60,20,90,40,70,CLOSED,5,-,-,-,5,20,-,-,-,20,5,-,-,15,5,5,5,CLOSED,-,5,5,25,40,25,25
20250517,14:45,CLOSED,50,50,25,80,60,80,CLOSED,10,70,-,-,5,20,-,-,-,20,5,-,-,15,5,5,5,CLOSED,-,5,5,15,30,30,5
20250517,15:15,CLOSED,60,40,30,100,50,80,CLOSED,40,70,-,-,5,15,-,-,-,30,-,-,-,15,5,5,5,CLOSED,-,20,5,15,30,20,20
20250517,15:45,CLOSED,60,60,40,120,50,80,CLOSED,40,70,-,-,5,15,-,-,-,40,-,-,-,15,10,5,5,CLOSED,-,20,10,15,15,10,15
20250517,16:15,CLOSED,70,50,50,120,50,70,CLOSED,40,60,-,-,5,20,-,-,-,30,10,-,-,15,10,5,5,CLOSED,-,25,15,15,25,10,20
20250517,16:45,CLOSED,80,40,50,120,60,80,CLOSED,40,60,-,-,5,30,-,-,-,40,15,-,-,15,10,5,5,CLOSED,-,25,10,5,20,15,15
20250517,17:15,CLOSED,60,40,50,90,50,80,CLOSED,50,60,-,-,5,20,-,-,-,30,20,-,-,15,20,5,5,CLOSED,-,25,10,5,15,10,10
20250517,17:45,CLOSED,60,50,40,100,40,70,CLOSED,50,60,-,-,5,20,-,-,-,30,25,-,-,15,15,5,5,CLOSED,-,25,10,5,15,5,5
20250517,18:15,CLOSED,60,40,60,100,60,70,CLOSED,40,60,-,-,-,20,-,-,-,20,20,-,-,15,10,5,5,CLOSED,-,10,10,5,10,10,5
20250517,18:45,CLOSED,60,30,40,100,50,70,CLOSED,40,50,-,-,-,15,-,-,-,30,20,-,-,15,10,5,5,CLOSED,-,10,10,5,10,10,5
20250517,19:15,CLOSED,50,30,40,100,40,70,CLOSED,40,60,-,-,-,15,-,-,-,20,25,-,-,15,10,5,5,CLOSED,-,10,10,5,10,5,5
20250517,19:45,CLOSED,30,25,40,80,50,60,CLOSED,40,50,-,-,-,15,-,-,-,15,25,-,-,15,5,5,5,CLOSED,-,10,5,5,10,5,5
20250517,20:15,CLOSED,40,25,30,-,50,60,CLOSED,20,40,-,-,-,15,-,-,-,20,10,-,-,15,5,5,5,CLOSED,-,5,5,5,5,5,5
20250517,20:45,CLOSED,20,15,-,-,-,-,CLOSED,20,-,-,-,-,15,-,-,-,15,5,-,-,-,5,5,5,CLOSED,-,5,5,5,5,5,5
20250517,21:15,CLOSED,-,-,-,-,-,-,CLOSED,-,-,-,-,-,-,-,-,-,-,-,-,-,-,-,-,-,CLOSED,-,-,-,-,-,-,-
20250517,21:45,CLOSED,-,-,-,-,-,-,CLOSED,-,-,-,-,-,-,-,-,-,-,-,-,-,-,-,-,-,CLOSED,-,-,-,-,-,-,-
20250518,07:15,CLOSED,-,-,-,-,-,-,CLOSED,-,-,-,-,-,-,-,-,-,-,-,-,-,-,-,-,-,CLOSED,-,-,-,-,-,-,-
20250518,07:45,CLOSED,-,-,-,-,-,-,CLOSED,-,-,-,-,-,-,-,-,-,-,-,-,-,-,-,-,-,CLOSED,-,-,-,-,-,-,-
20250518,08:15,CLOSED,-,-,-,-,-,-,CLOSED,-,-,-,-,-,-,-,-,-,-,-,-,-,-,-,-,-,CLOSED,-,-,-,-,-,-,-
20250518,08:45,CLOSED,-,-,-,-,-,-,CLOSED,-,-,-,-,-,-,-,-,-,-,-,-,-,-,-,-,-,CLOSED,-,-,-,-,-,-,-
20250518,09:15,CLOSED,20,10,15,70,15,30,CLOSED,5,15,5,5,-,20,-,-,-,15,-,-,5,-,5,5,-,CLOSED,-,5,5,5,5,5,5
20250518,09:45,CLOSED,100,50,50,140,60,100,CLOSED,15,50,-,5,-,15,-,-,5,15,5,5,5,-,5,5,-,CLOSED,-,5,5,5,-,5,5
20250518,10:15,CLOSED,120,100,70,140,90,90,CLOSED,50,80,-,-,-,40,-,-,10,15,5,5,-,15,10,5,5,CLOSED,-,5,10,5,10,5,20
20250518,10:45,CLOSED,120,80,70,140,70,70,CLOSED,60,80,-,-,-,20,-,-,25,40,20,10,-,15,15,5,5,CLOSED,-,15,15,5,10,10,40
20250518,11:15,CLOSED,90,80,70,90,60,70,CLOSED,60,80,5,5,-,15,5,5,20,30,15,5,5,15,20,5,5,CLOSED,-,15,15,5,10,15,30
20250518,11:45,CLOSED,90,60,50,90,70,50,CLOSED,50,50,5,5,-,30,5,5,15,30,20,5,5,15,15,5,5,CLOSED,-,15,15,5,20,10,30
20250518,12:15,CLOSED,90,80,40,100,50,70,CLOSED,50,60,5,5,5,15,5,5,15,30,20,15,5,15,15,5,5,CLOSED,-,15,15,5,15,10,20
20250518,12:45,CLOSED,80,70,60,90,40,50,CLOSED,50,50,-,10,5,20,5,-,10,50,20,15,-,30,15,5,5,CLOSED,-,25,5,5,15,15,15
20250518,13:15,CLOSED,80,70,60,100,70,80,CLOSED,40,50,-,-,5,15,5,-,20,30,25,20,-,15,15,5,5,CLOSED,-,15,15,10,20,10,15
20250518,13:45,CLOSED,90,70,50,100,70,80,CLOSED,50,50,5,10,5,20,5,5,20,40,20,20,10,15,15,5,5,CLOSED,-,20,15,5,15,5,15
20250518,14:15,CLOSED,100,70,50,100,60,90,CLOSED,60,60,5,5,5,30,5,5,15,40,20,10,10,15,20,5,5,CLOSED,-,20,15,10,15,15,15
20250518,14:45,CLOSED,120,70,50,100,50,100,CLOSED,60,50,5,-,10,40,5,5,20,40,15,20,10,15,20,5,5,CLOSED,-,25,15,10,30,15,10
20250518,15:15,CLOSED,120,60,70,100,60,90,CLOSED,60,60,-,-,5,20,5,-,15,30,20,25,-,15,15,5,5,CLOSED,-,25,15,10,20,15,20
20250518,15:45,CLOSED,90,60,60,120,90,90,CLOSED,30,50,-,-,5,20,5,-,15,40,20,20,-,15,20,5,5,CLOSED,-,15,15,15,20,15,20
20250518,16:15,CLOSED,90,60,60,100,70,90,CLOSED,60,60,10,20,10,30,5,5,20,30,25,15,5,15,20,5,5,CLOSED,-,25,15,5,15,15,10
20250518,16:45,CLOSED,100,60,50,100,60,90,CLOSED,60,50,15,25,10,20,5,5,20,30,15,25,15,15,15,5,5,CLOSED,-,15,10,5,15,15,10
20250518,17:15,CLOSED,90,60,50,100,60,90,CLOSED,50,50,10,15,10,20,-,5,15,30,15,15,15,15,20,5,5,CLOSED,-,20,15,5,15,10,5
20250518,17:45,CLOSED,90,50,70,120,40,80,CLOSED,40,50,-,15,5,15,-,-,20,30,15,10,-,15,10,5,5,CLOSED,-,15,10,5,15,20,10
20250518,18:15,CLOSED,80,40,50,100,80,80,CLOSED,50,40,-,-,-,20,-,-,20,40,15,20,-,15,10,5,5,CLOSED,-,15,10,5,15,20,5
20250518,18:45,CLOSED,50,40,40,90,60,50,CLOSED,40,50,-,-,-,15,-,-,15,15,10,25,-,15,15,5,5,CLOSED,-,25,10,5,10,10,5
20250518,19:15,CLOSED,60,25,40,80,40,50,CLOSED,30,30,-,-,-,20,-,-,10,15,5,20,-,15,10,5,5,CLOSED,-,20,5,5,10,5,5
20250518,19:45,CLOSED,50,20,35,70,50,40,CLOSED,30,20,-,-,-,15,-,-,5,15,5,10,-,15,5,5,5,CLOSED,-,5,5,5,5,5,5
20250518,20:15,CLOSED,50,20,40,-,60,50,CLOSED,20,-,-,-,-,15,-,-,10,15,5,15,-,15,5,5,5,CLOSED,-,5,5,5,5,5,5
20250518,20:45,CLOSED,30,15,-,-,-,-,CLOSED,-,-,-,-,-,15,-,-,5,15,5,15,-,-,5,5,5,CLOSED,-,5,5,5,5,5,5
20250518,21:15,CLOSED,-,-,-,-,-,-,CLOSED,-,-,-,-,-,-,-,-,-,-,-,-,-,-,-,-,-,CLOSED,-,-,-,-,-,-,-
20250518,21:45,CLOSED,-,-,-,-,-,-,CLOSED,-,-,-,-,-,-,-,-,-,-,-,-,-,-,-,-,-,CLOSED,-,-,-,-,-,-,-
20250519,07:15,CLOSED,-,-,-,-,-,-,CLOSED,-,-,-,-,-,-,-,-,-,-,-,-,-,-,-,-,-,CLOSED,-,-,-,-,-,-,-
20250519,07:45,CLOSED,-,-,-,-,-,-,CLOSED,-,-,-,-,-,-,-,-,-,-,-,-,-,-,-,-,-,CLOSED,-,-,-,-,-,-,-
20250519,08:15,CLOSED,-,-,-,-,-,-,CLOSED,-,-,-,-,-,-,-,-,-,-,-,-,-,-,-,-,-,CLOSED,-,-,-,-,-,-,-
20250519,08:45,CLOSED,-,-,-,-,-,-,CLOSED,-,-,-,-,-,-,-,-,-,-,-,-,-,-,-,-,-,CLOSED,-,-,-,-,-,-,-
20250519,09:15,CLOSED,-,-,60,70,15,30,CLOSED,5,10,5,5,-,15,-,-,5,15,5,5,5,-,5,5,-,CLOSED,-,5,5,5,5,5,5
20250519,09:45,CLOSED,-,-,80,160,60,120,CLOSED,15,70,5,5,-,20,-,-,5,15,5,5,5,-,5,5,-,CLOSED,-,5,5,5,5,5,5
20250519,10:15,CLOSED,-,-,90,160,100,90,CLOSED,70,80,-,-,-,30,-,-,20,20,15,5,-,15,10,5,5,CLOSED,-,15,10,5,10,5,40
20250519,10:45,CLOSED,-,-,90,140,90,90,CLOSED,60,90,-,-,-,40,-,-,25,60,-,15,-,15,15,5,5,CLOSED,-,30,20,20,25,25,50
20250519,11:15,CLOSED,-,-,80,120,70,70,CLOSED,60,100,5,10,-,30,5,5,35,40,-,25,5,15,20,5,5,CLOSED,-,30,25,20,30,20,50
20250519,11:45,CLOSED,-,50,50,100,80,80,CLOSED,60,80,5,10,-,30,5,5,25,40,15,10,5,15,20,5,5,CLOSED,-,30,20,15,20,20,30
20250519,12:15,CLOSED,-,100,50,90,50,70,CLOSED,50,70,5,15,5,15,5,5,15,30,30,10,5,15,15,5,5,CLOSED,-,15,10,5,15,15,30
20250519,12:45,CLOSED,-,120,60,100,70,60,CLOSED,50,70,5,5,5,15,5,5,10,40,25,10,-,15,15,5,5,CLOSED,-,25,15,10,15,20,40
20250519,13:15,CLOSED,-,80,60,120,100,80,CLOSED,50,70,-,-,5,15,5,-,25,40,25,20,-,15,20,5,5,CLOSED,-,25,15,15,15,20,30
20250519,13:45,CLOSED,180,80,50,100,100,80,CLOSED,50,70,5,10,5,20,5,5,20,30,30,15,5,15,15,5,5,CLOSED,-,15,10,15,20,10,25
20250519,14:15,CLOSED,180,90,60,120,70,80,CLOSED,50,80,5,5,5,20,5,5,20,40,25,10,5,15,20,5,5,CLOSED,-,25,15,5,20,15,25
20250519,14:45,CLOSED,-,90,70,120,70,80,CLOSED,60,70,5,15,5,20,5,5,15,40,25,15,15,15,20,5,5,CLOSED,-,25,15,5,20,15,25
20250519,15:15,CLOSED,-,90,60,90,80,80,CLOSED,60,70,-,-,5,20,5,-,20,50,30,20,-,15,20,5,5,CLOSED,-,25,15,15,20,20,30
20250519,15:45,CLOSED,60,90,60,120,80,80,CLOSED,60,70,-,-,5,15,5,-,15,40,30,20,-,15,20,5,5,CLOSED,-,30,20,10,20,15,30
20250519,16:15,CLOSED,180,70,50,140,80,80,CLOSED,60,70,5,10,5,15,5,5,20,40,25,15,5,15,20,5,5,CLOSED,-,25,15,10,20,15,20
20250519,16:45,CLOSED,180,70,50,100,70,80,CLOSED,60,60,10,25,10,20,-,5,10,40,20,20,15,15,15,5,5,CLOSED,-,15,10,5,15,10,25
20250519,17:15,CLOSED,160,60,50,100,60,60,CLOSED,40,60,10,15,5,15,-,5,15,30,20,20,20,15,10,5,5,CLOSED,-,25,10,5,20,10,15
20250519,17:45,CLOSED,140,70,50,100,80,60,CLOSED,60,60,-,10,5,20,-,-,20,20,20,20,-,15,15,5,5,CLOSED,-,15,10,5,10,10,15
20250519,18:15,CLOSED,120,70,50,100,80,70,CLOSED,50,60,-,-,-,15,-,-,25,30,20,20,-,15,15,5,5,CLOSED,-,20,10,5,15,10,15
20250519,18:45,CLOSED,100,-,40,80,50,50,CLOSED,40,40,-,-,-,15,-,-,15,20,15,25,-,15,10,5,5,CLOSED,-,15,10,5,15,15,15
20250519,19:15,CLOSED,100,-,40,80,50,40,CLOSED,40,40,-,-,-,15,-,-,5,20,15,20,-,15,10,5,5,CLOSED,-,15,5,5,15,10,5
20250519,19:45,CLOSED,80,-,40,70,50,30,CLOSED,30,25,-,-,-,15,-,-,5,15,5,15,-,15,5,5,5,CLOSED,-,5,5,5,5,10,5
20250519,20:15,CLOSED,60,-,40,-,50,50,CLOSED,20,40,-,-,-,15,-,-,10,15,5,10,-,15,5,5,5,CLOSED,-,5,5,5,5,10,5
20250519,20:45,CLOSED,-,-,-,-,-,-,CLOSED,-,25,5,15,-,15,-,-,5,15,5,15,5,-,5,5,5,CLOSED,-,10,5,5,5,5,5
20250519,21:15,CLOSED,-,-,-,-,-,-,CLOSED,-,-,-,-,-,-,-,-,-,-,-,-,-,-,-,-,-,CLOSED,-,-,-,-,-,-,-
20250519,21:45,CLOSED,-,-,-,-,-,-,CLOSED,-,-,-,-,-,-,-,-,-,-,-,-,-,-,-,-,-,CLOSED,-,-,-,-,-,-,-
20250520,07:15,CLOSED,-,-,-,-,-,-,CLOSED,-,-,-,-,-,-,-,-,-,-,-,-,-,-,-,-,-,CLOSED,-,-,-,-,-,-,-
20250520,07:45,CLOSED,-,-,-,-,-,-,CLOSED,-,-,-,-,-,-,-,-,-,-,-,-,-,-,-,-,-,CLOSED,-,-,-,-,-,-,-
20250520,08:15,CLOSED,-,-,-,-,-,-,CLOSED,-,-,-,-,-,-,-,-,-,-,-,-,-,-,-,-,-,CLOSED,-,-,-,-,-,-,-
20250520,08:45,CLOSED,-,-,-,-,-,-,CLOSED,-,-,-,-,-,-,-,-,-,-,-,-,-,-,-,-,-,CLOSED,-,-,-,-,-,-,-
20250520,09:15,CLOSED,25,-,40,70,15,20,CLOSED,5,10,5,5,-,15,-,-,-,15,5,-,5,-,5,5,-,CLOSED,-,5,5,5,5,5,5
20250520,09:45,CLOSED,140,-,70,120,80,80,CLOSED,20,70,5,5,-,15,-,-,10,15,5,5,15,-,5,5,-,CLOSED,-,5,5,5,5,5,5
20250520,10:15,CLOSED,120,-,70,140,80,80,CLOSED,60,80,-,15,-,40,-,-,20,20,5,5,-,5,5,5,5,CLOSED,-,10,10,5,5,5,40
20250520,10:45,CLOSED,100,-,70,120,80,70,CLOSED,70,70,-,-,-,30,-,-,20,30,25,10,-,15,10,5,5,CLOSED,-,10,10,5,15,10,40
20250520,11:15,CLOSED,80,-,60,100,70,60,CLOSED,60,80,5,10,-,20,5,5,25,40,30,10,5,15,10,5,5,CLOSED,-,15,10,10,15,20,50
20250520,11:45,CLOSED,70,70,30,90,70,60,CLOSED,50,80,5,5,-,20,5,5,20,30,25,10,5,15,10,5,5,CLOSED,-,15,10,5,20,15,30
20250520,12:15,CLOSED,80,70,50,90,70,60,CLOSED,60,70,5,5,5,15,5,5,20,40,20,10,5,15,10,5,5,CLOSED,-,20,10,5,15,10,30
20250520,12:45,CLOSED,70,60,50,100,80,60,CLOSED,50,70,-,5,5,20,5,-,15,40,20,15,-,15,15,5,5,CLOSED,-,10,5,10,20,10,30
20250520,13:15,CLOSED,80,50,40,80,70,70,CLOSED,50,80,-,-,5,15,5,-,25,30,20,20,-,15,15,5,5,CLOSED,-,20,5,10,15,15,20
20250520,13:45,CLOSED,70,70,50,90,60,80,CLOSED,50,80,5,10,10,20,5,5,25,40,20,20,5,15,10,5,5,CLOSED,-,10,10,5,15,15,20
20250520,14:15,CLOSED,80,70,50,80,70,40,CLOSED,70,80,5,10,5,20,5,5,15,30,20,15,5,15,15,5,5,CLOSED,-,10,10,5,20,15,30
20250520,14:45,CLOSED,90,70,50,100,90,60,CLOSED,60,80,-,15,5,30,5,-,25,30,20,15,5,15,10,5,5,CLOSED,-,15,5,5,20,15,20
20250520,15:15,CLOSED,100,60,-,100,70,70,CLOSED,70,70,-,-,10,15,5,-,15,30,25,20,-,15,15,5,5,CLOSED,-,30,10,10,15,15,20
20250520,15:45,CLOSED,90,60,-,80,120,60,CLOSED,60,80,-,-,5,20,5,-,25,30,20,20,-,15,15,5,5,CLOSED,-,15,5,10,15,15,30
20250520,16:15,CLOSED,80,60,60,100,120,70,CLOSED,60,60,5,5,10,20,5,5,20,40,20,20,15,15,10,5,5,CLOSED,-,15,10,10,20,15,20
20250520,16:45,CLOSED,90,70,50,120,120,80,CLOSED,70,70,10,20,10,20,5,5,20,30,20,20,15,15,10,5,5,CLOSED,-,15,10,10,20,15,15
20250520,17:15,CLOSED,90,50,50,100,70,80,CLOSED,60,60,15,20,10,20,-,5,20,20,15,15,15,15,10,5,5,CLOSED,-,15,10,5,15,20,15
20250520,17:45,CLOSED,70,60,40,90,70,60,CLOSED,50,70,-,-,10,20,-,-,15,20,15,20,-,15,15,5,5,CLOSED,-,15,5,5,15,10,15
20250520,18:15,CLOSED,60,50,40,100,80,50,CLOSED,50,70,-,-,-,15,-,-,20,40,15,20,-,15,15,5,5,CLOSED,-,15,5,5,10,10,15
20250520,18:45,CLOSED,60,40,50,70,100,50,CLOSED,40,50,-,-,-,15,-,-,15,20,15,20,-,15,10,5,5,CLOSED,-,15,10,5,10,10,5
20250520,19:15,CLOSED,60,40,40,70,100,40,CLOSED,30,50,-,-,-,15,-,-,5,15,10,20,-,15,5,5,5,CLOSED,-,5,5,5,10,5,5
20250520,19:45,CLOSED,40,30,30,80,50,25,CLOSED,20,40,-,-,-,20,-,-,5,15,5,15,-,15,5,5,5,CLOSED,-,5,5,5,5,5,5
20250520,20:15,CLOSED,30,25,30,-,70,50,CLOSED,20,40,-,-,-,15,-,-,10,15,5,10,-,15,5,5,5,CLOSED,-,5,5,5,5,5,5
20250520,20:45,CLOSED,-,20,-,-,-,30,CLOSED,-,-,5,25,-,15,-,-,5,15,5,10,5,-,5,5,5,CLOSED,-,5,5,5,5,5,5
20250520,21:15,CLOSED,-,-,-,-,-,-,CLOSED,-,-,-,-,-,-,-,-,-,-,-,-,-,-,-,-,-,CLOSED,-,-,-,-,-,-,-
20250520,21:45,CLOSED,-,-,-,-,-,-,CLOSED,-,-,-,-,-,-,-,-,-,-,-,-,-,-,-,-,-,CLOSED,-,-,-,-,-,-,-
20250521,07:15,CLOSED,-,-,-,-,-,-,CLOSED,-,-,-,-,-,-,-,-,-,-,-,-,-,-,-,-,-,CLOSED,-,-,-,-,-,-,-
20250521,07:45,CLOSED,-,-,-,-,-,-,CLOSED,-,-,-,-,-,-,-,-,-,-,-,-,-,-,-,-,-,CLOSED,-,-,-,-,-,-,-
20250521,08:15,CLOSED,-,-,-,-,-,-,CLOSED,-,-,-,-,-,-,-,-,-,-,-,-,-,-,-,-,-,CLOSED,-,-,-,-,-,-,-
20250521,08:45,CLOSED,-,-,-,-,-,-,CLOSED,-,-,-,-,-,-,-,-,-,-,-,-,-,-,-,-,-,CLOSED,-,-,-,-,-,-,-
20250521,09:15,CLOSED,30,5,20,50,5,15,CLOSED,5,10,5,5,-,20,-,-,5,15,5,5,5,-,5,5,-,CLOSED,-,5,5,5,5,5,5
20250521,09:45,CLOSED,100,50,40,140,50,70,CLOSED,20,50,25,5,-,20,-,-,5,15,5,5,5,-,5,5,-,CLOSED,-,5,5,5,5,5,5
20250521,10:15,CLOSED,100,70,50,140,90,90,CLOSED,50,80,-,-,-,20,-,-,20,15,10,5,-,5,5,5,5,CLOSED,-,10,5,5,5,5,40
20250521,10:45,CLOSED,100,70,60,120,80,80,CLOSED,60,80,-,-,-,20,-,-,15,30,20,10,-,5,5,5,5,CLOSED,-,15,10,5,10,10,40
20250521,11:15,CLOSED,80,60,50,80,70,50,CLOSED,50,80,5,10,-,15,5,5,15,30,25,10,5,15,10,5,5,CLOSED,-,15,15,10,20,15,40
20250521,11:45,CLOSED,70,60,40,80,60,60,CLOSED,50,70,5,10,-,25,5,5,20,40,25,15,5,15,10,5,5,CLOSED,-,15,10,5,20,20,30
20250521,12:15,CLOSED,80,60,50,90,60,60,CLOSED,50,80,5,5,5,15,5,5,15,30,20,15,5,15,10,5,5,CLOSED,-,20,15,5,20,5,30
20250521,12:45,CLOSED,80,50,50,100,60,60,CLOSED,60,80,-,5,5,20,5,-,15,40,20,15,-,15,10,5,5,CLOSED,-,20,10,5,15,10,30
20250521,13:15,CLOSED,80,50,40,90,60,50,CLOSED,50,-,-,-,5,20,5,-,25,30,20,15,-,15,10,5,5,CLOSED,-,20,10,5,20,15,30
20250521,13:45,CLOSED,90,70,50,100,70,60,CLOSED,70,-,10,5,5,15,5,5,20,50,20,15,5,15,10,5,5,CLOSED,-,10,5,5,20,15,30
20250521,14:15,CLOSED,90,60,50,90,80,60,CLOSED,70,-,10,5,10,15,5,5,25,30,25,20,15,15,15,5,5,CLOSED,-,20,10,10,25,20,20
20250521,14:45,CLOSED,90,70,50,120,80,80,CLOSED,70,-,-,-,10,20,5,-,25,50,25,20,-,15,15,5,5,CLOSED,-,25,10,10,20,20,40
20250521,15:15,CLOSED,80,60,50,120,80,70,CLOSED,80,-,-,-,5,25,5,-,20,40,25,25,-,15,15,5,5,CLOSED,-,25,15,15,25,20,30
20250521,15:45,CLOSED,80,60,50,100,90,70,CLOSED,80,70,-,-,10,25,5,-,15,30,25,20,-,15,20,5,5,CLOSED,-,15,5,10,25,20,20
20250521,16:15,CLOSED,90,70,40,80,100,70,CLOSED,60,100,10,15,5,30,5,5,20,30,25,25,15,15,10,5,5,CLOSED,-,15,10,5,20,15,20
20250521,16:45,CLOSED,80,60,50,120,90,70,CLOSED,60,90,15,25,10,20,5,5,20,30,20,20,20,15,15,5,5,CLOSED,-,15,10,5,15,5,25
20250521,17:15,CLOSED,80,40,50,120,80,70,CLOSED,60,80,20,30,10,20,-,5,15,30,20,15,15,15,15,5,5,CLOSED,-,15,10,5,15,10,25
20250521,17:45,CLOSED,90,50,50,90,90,70,CLOSED,60,70,-,-,10,20,-,-,20,40,10,15,-,15,10,5,5,CLOSED,-,15,5,5,20,10,15
20250521,18:15,CLOSED,70,40,50,100,90,70,CLOSED,60,100,-,-,-,20,-,-,20,30,15,20,-,15,10,5,5,CLOSED,-,15,15,5,15,10,15
20250521,18:45,CLOSED,70,40,40,90,90,60,CLOSED,60,80,-,-,-,15,-,-,20,20,15,20,-,15,10,5,5,CLOSED,-,15,10,5,15,10,15
20250521,19:15,CLOSED,60,20,40,80,80,40,CLOSED,40,70,-,-,-,15,-,-,5,15,5,20,-,15,5,5,5,CLOSED,-,5,5,5,10,5,5
20250521,19:45,CLOSED,50,20,30,80,70,30,CLOSED,40,50,-,-,-,15,-,-,5,15,5,10,-,15,5,5,5,CLOSED,-,5,5,5,5,5,5
20250521,20:15,CLOSED,30,15,30,-,-,50,CLOSED,25,40,-,-,-,15,-,-,5,15,5,10,-,15,5,5,5,CLOSED,-,5,5,5,5,5,5
20250521,20:45,CLOSED,25,10,-,-,-,-,CLOSED,-,-,5,25,-,20,-,-,5,15,5,10,5,-,5,5,5,CLOSED,-,5,5,5,5,5,5
20250521,21:15,CLOSED,-,-,-,-,-,-,CLOSED,-,-,-,-,-,-,-,-,-,-,-,-,-,-,-,-,-,CLOSED,-,-,-,-,-,-,-
20250521,21:45,CLOSED,-,-,-,-,-,-,CLOSED,-,-,-,-,-,-,-,-,-,-,-,-,-,-,-,-,-,CLOSED,-,-,-,-,-,-,-
20250522,07:15,CLOSED,-,-,-,-,-,-,CLOSED,-,-,-,-,-,-,-,-,-,-,-,-,-,-,-,-,-,CLOSED,-,-,-,-,-,-,-
20250522,07:45,CLOSED,-,-,-,-,-,-,CLOSED,-,-,-,-,-,-,-,-,-,-,-,-,-,-,-,-,-,CLOSED,-,-,-,-,-,-,-
20250522,08:15,CLOSED,-,-,-,-,-,-,CLOSED,-,-,-,-,-,-,-,-,-,-,-,-,-,-,-,-,-,CLOSED,-,-,-,-,-,-,-
20250522,08:45,CLOSED,-,-,-,-,-,-,CLOSED,-,-,-,-,-,-,-,-,-,-,-,-,-,-,-,-,-,CLOSED,-,-,-,-,-,-,-
20250522,09:15,CLOSED,20,5,10,60,10,15,CLOSED,5,10,5,5,-,15,-,-,-,15,5,-,5,-,5,5,-,CLOSED,-,5,5,5,5,5,5
20250522,09:45,CLOSED,100,50,50,120,50,70,CLOSED,15,50,15,5,-,20,-,-,-,15,5,-,5,-,5,5,-,CLOSED,-,5,5,5,5,5,5
20250522,10:15,CLOSED,100,60,60,120,80,60,CLOSED,60,60,-,-,-,20,-,-,-,15,5,-,-,15,5,5,5,CLOSED,-,5,5,5,5,5,30
20250522,10:45,CLOSED,90,50,50,120,70,60,CLOSED,50,60,-,-,-,20,-,-,-,20,15,-,-,15,10,5,5,CLOSED,-,15,10,5,5,5,40
20250522,11:15,CLOSED,80,60,50,100,60,50,CLOSED,50,60,5,10,-,15,5,5,-,30,15,-,5,15,10,5,5,CLOSED,-,10,15,10,10,5,30
20250522,11:45,CLOSED,90,60,40,90,70,50,CLOSED,50,60,5,10,-,15,5,5,-,40,10,-,5,15,10,5,5,CLOSED,-,15,5,5,10,10,50
20250522,12:15,CLOSED,80,50,40,90,60,40,CLOSED,60,70,5,5,5,15,5,5,-,30,15,-,5,15,10,5,5,CLOSED,-,10,5,5,15,5,40
20250522,12:45,CLOSED,80,50,40,80,50,50,CLOSED,30,70,-,5,5,20,5,-,5,30,15,5,-,15,10,5,5,CLOSED,-,15,5,5,15,10,15
20250522,13:15,CLOSED,70,50,50,100,60,60,CLOSED,60,70,-,5,5,20,5,-,25,30,15,20,-,15,15,5,5,CLOSED,-,15,5,10,20,10,15
20250522,13:45,CLOSED,70,50,50,80,50,50,CLOSED,60,70,5,10,5,20,5,5,25,30,20,15,5,15,10,5,5,CLOSED,-,20,5,10,15,10,25
20250522,14:15,CLOSED,80,50,40,90,60,50,CLOSED,40,60,5,15,5,20,5,5,20,30,20,15,5,15,10,5,5,CLOSED,-,15,5,5,20,15,20
20250522,14:45,CLOSED,70,50,50,100,60,50,CLOSED,50,70,5,20,5,15,5,5,20,40,20,15,15,15,15,5,5,CLOSED,-,20,10,10,20,15,30
20250522,15:15,CLOSED,70,50,40,80,80,70,CLOSED,50,80,-,-,5,15,5,-,20,40,20,15,-,15,10,5,5,CLOSED,-,15,10,10,20,15,25
20250522,15:45,CLOSED,80,50,50,80,80,70,CLOSED,60,80,-,-,5,20,5,-,20,15,20,20,-,15,15,5,5,CLOSED,-,20,15,5,20,10,15
20250522,16:15,CLOSED,80,40,50,100,70,60,CLOSED,50,60,15,15,5,20,5,5,15,40,20,20,5,15,15,5,5,CLOSED,-,20,10,5,15,10,25
20250522,16:45,CLOSED,80,40,40,80,60,60,CLOSED,50,70,10,15,5,20,5,5,25,40,20,20,15,15,15,5,5,CLOSED,-,-,15,5,15,10,15
20250522,17:15,CLOSED,70,40,40,90,60,50,CLOSED,60,70,10,15,5,15,-,5,15,30,15,15,20,15,10,5,5,CLOSED,-,15,10,5,20,15,15
20250522,17:45,CLOSED,60,40,40,90,80,60,CLOSED,40,50,-,20,5,15,-,-,20,30,10,20,-,15,10,5,5,CLOSED,-,15,5,5,15,10,15
20250522,18:15,CLOSED,50,30,50,90,70,60,CLOSED,50,70,-,-,-,15,-,-,20,20,10,20,-,15,10,5,5,CLOSED,-,10,5,5,10,5,10
20250522,18:45,CLOSED,60,30,30,60,50,40,CLOSED,50,50,-,-,-,20,-,-,15,20,15,20,-,15,5,5,5,CLOSED,-,15,5,5,15,10,10
20250522,19:15,CLOSED,40,25,40,60,50,30,CLOSED,25,40,-,-,-,20,-,-,10,15,15,20,-,15,5,5,5,CLOSED,-,5,5,5,5,5,5
20250522,19:45,CLOSED,20,10,30,50,60,30,CLOSED,20,30,-,-,-,20,-,-,5,15,5,10,-,15,5,5,5,CLOSED,-,5,5,5,5,5,5
20250522,20:15,CLOSED,25,10,30,60,-,50,CLOSED,30,50,-,-,-,15,-,-,5,15,5,10,-,15,5,5,5,CLOSED,-,5,5,5,5,5,5
20250522,20:45,CLOSED,20,5,-,-,-,25,CLOSED,20,25,-,-,-,15,-,-,5,15,5,10,-,-,5,5,5,CLOSED,-,5,5,5,5,5,5
20250522,21:15,CLOSED,-,-,-,-,-,-,CLOSED,-,-,-,-,-,-,-,-,-,-,-,-,-,-,-,-,-,CLOSED,-,-,-,-,-,-,-
20250522,21:45,CLOSED,-,-,-,-,-,-,CLOSED,-,-,-,-,-,-,-,-,-,-,-,-,-,-,-,-,-,CLOSED,-,-,-,-,-,-,-
20250523,07:15,CLOSED,-,-,-,-,-,-,CLOSED,-,-,-,-,-,-,-,-,-,-,-,-,-,-,-,-,-,CLOSED,-,-,-,-,-,-,-
20250523,07:45,CLOSED,-,-,-,-,-,-,CLOSED,-,-,-,-,-,-,-,-,-,-,-,-,-,-,-,-,-,CLOSED,-,-,-,-,-,-,-
20250523,08:15,CLOSED,-,-,-,-,-,-,CLOSED,-,-,-,-,-,-,-,-,-,-,-,-,-,-,-,-,-,CLOSED,-,-,-,-,-,-,-
20250523,08:45,CLOSED,-,-,-,-,-,-,CLOSED,-,-,-,-,-,-,-,-,-,-,-,-,-,-,-,-,-,CLOSED,-,-,-,-,-,-,-
20250523,09:15,CLOSED,25,10,-,60,10,20,CLOSED,5,10,5,5,-,20,-,-,5,5,5,5,5,-,5,5,-,CLOSED,-,5,5,5,5,5,5
20250523,09:45,CLOSED,140,50,50,120,70,70,CLOSED,10,60,15,5,-,15,-,-,5,15,5,5,5,-,5,5,-,CLOSED,-,5,5,5,5,5,5
20250523,10:15,CLOSED,100,80,60,140,100,90,CLOSED,70,90,-,-,-,30,-,-,15,20,10,5,-,15,15,5,5,CLOSED,-,-,15,5,5,5,25
20250523,10:45,CLOSED,120,80,70,140,120,90,CLOSED,120,120,-,-,-,40,-,-,25,50,20,10,-,15,20,5,5,CLOSED,-,-,20,5,20,15,50
20250523,11:15,CLOSED,100,80,70,160,120,90,CLOSED,120,140,5,5,-,20,5,5,25,50,40,10,5,15,20,5,5,CLOSED,-,15,20,20,30,25,50
20250523,11:45,CLOSED,100,70,60,120,100,90,CLOSED,90,160,5,15,-,40,5,5,25,40,30,15,5,15,20,5,5,CLOSED,-,40,20,15,25,20,40
20250523,12:15,CLOSED,80,70,50,140,90,70,CLOSED,100,120,10,15,5,30,5,5,20,60,30,15,5,15,20,5,5,CLOSED,-,30,20,20,20,15,30
20250523,12:45,CLOSED,100,90,50,100,100,80,CLOSED,100,120,-,15,10,30,5,-,15,50,30,15,-,15,20,5,5,CLOSED,-,40,15,10,30,20,40
20250523,13:15,CLOSED,120,100,70,140,120,90,CLOSED,90,120,-,-,10,30,5,-,25,20,30,25,-,15,20,5,5,CLOSED,-,30,15,15,30,20,40
20250523,13:45,CLOSED,90,90,70,120,100,80,CLOSED,70,120,5,15,20,20,10,5,25,50,25,15,5,30,20,5,5,CLOSED,-,30,20,10,25,20,40
20250523,14:15,CLOSED,100,80,60,100,100,80,CLOSED,90,100,10,15,5,40,10,5,20,40,30,20,10,15,20,5,5,CLOSED,-,40,20,15,30,20,50
20250523,14:45,CLOSED,100,70,60,120,100,90,CLOSED,70,120,-,-,5,30,10,5,20,40,30,20,-,30,30,5,5,CLOSED,-,30,25,20,30,20,40
20250523,15:15,CLOSED,90,70,50,100,100,100,CLOSED,90,120,-,-,10,30,5,-,15,40,25,25,-,15,20,5,5,CLOSED,-,30,20,20,25,15,30
20250523,15:45,CLOSED,120,70,50,120,120,120,CLOSED,90,100,-,-,5,20,5,-,20,30,30,20,-,15,20,5,5,CLOSED,-,25,10,15,20,10,30
20250523,16:15,CLOSED,120,70,50,140,140,100,CLOSED,100,140,10,20,5,40,5,5,25,40,20,20,10,15,25,5,5,CLOSED,-,30,20,10,25,15,40
20250523,16:45,CLOSED,100,70,60,140,140,100,CLOSED,90,140,20,40,10,40,5,5,20,40,25,20,25,15,25,5,5,CLOSED,-,40,15,10,25,15,30
20250523,17:15,CLOSED,100,60,50,140,120,100,CLOSED,100,120,20,40,10,20,-,5,15,40,25,20,15,15,20,5,5,CLOSED,-,30,15,10,20,25,30
20250523,17:45,CLOSED,90,60,50,120,100,120,CLOSED,80,100,-,-,10,20,-,-,20,30,25,20,-,15,20,5,5,CLOSED,-,25,15,10,20,15,30
20250523,18:15,CLOSED,90,50,50,140,120,100,CLOSED,90,100,-,-,-,30,-,-,25,40,25,25,-,15,20,5,5,CLOSED,-,25,15,10,20,15,30
20250523,18:45,CLOSED,90,50,40,120,100,60,CLOSED,60,90,-,-,-,15,-,-,20,30,25,20,-,15,20,5,5,CLOSED,-,25,15,10,20,10,20
20250523,19:15,CLOSED,80,40,40,90,100,50,CLOSED,-,80,-,-,-,15,-,-,5,15,15,25,-,15,20,5,5,CLOSED,-,15,10,5,15,10,5
20250523,19:45,CLOSED,70,30,40,80,100,50,CLOSED,-,70,-,-,-,15,-,-,5,15,5,15,-,15,10,5,5,CLOSED,-,15,5,5,10,5,5
20250523,20:15,CLOSED,60,20,30,-,-,70,CLOSED,-,-,-,-,-,15,-,-,10,15,10,15,-,15,5,5,5,CLOSED,-,15,5,5,5,5,5
20250523,20:45,CLOSED,-,25,-,-,-,-,CLOSED,5,-,-,-,-,15,-,-,5,15,5,15,-,-,10,5,5,CLOSED,-,20,5,5,5,5,5
20250523,21:15,CLOSED,-,-,-,-,-,-,CLOSED,-,-,-,-,-,-,-,-,-,-,-,-,-,-,-,-,-,CLOSED,-,-,-,-,-,-,-
20250523,21:45,CLOSED,-,-,-,-,-,-,CLOSED,-,-,-,-,-,-,-,-,-,-,-,-,-,-,-,-,-,CLOSED,-,-,-,-,-,-,-
20250524,07:15,CLOSED,-,-,-,-,-,-,CLOSED,-,-,-,-,-,-,-,-,-,-,-,-,-,-,-,-,-,CLOSED,-,-,-,-,-,-,-
20250524,07:45,CLOSED,-,-,-,-,-,-,CLOSED,-,-,-,-,-,-,-,-,-,-,-,-,-,-,-,-,-,CLOSED,-,-,-,-,-,-,-
20250524,08:15,CLOSED,-,-,-,-,-,-,CLOSED,-,-,-,-,-,-,-,-,-,-,-,-,-,-,-,-,-,CLOSED,-,-,-,-,-,-,-
20250524,08:45,CLOSED,-,-,-,-,-,-,CLOSED,-,-,-,-,-,-,-,-,-,-,-,-,-,-,-,-,-,CLOSED,-,-,-,-,-,-,-
20250524,09:15,CLOSED,20,10,20,60,10,20,CLOSED,5,10,5,5,-,20,-,-,5,15,5,5,5,-,5,5,-,CLOSED,-,5,5,5,5,5,5
20250524,09:45,CLOSED,100,40,40,160,70,120,CLOSED,20,60,20,5,-,20,-,-,5,15,5,5,5,-,5,5,-,CLOSED,-,5,5,5,5,5,5
20250524,10:15,CLOSED,100,80,70,160,80,-,CLOSED,60,70,-,10,-,30,-,-,10,15,10,5,-,-,5,5,5,CLOSED,-,5,5,5,5,5,20
20250524,10:45,CLOSED,120,100,70,140,100,-,CLOSED,60,100,-,-,-,30,-,-,25,30,25,10,-,-,10,5,5,CLOSED,-,25,15,5,15,10,50
20250524,11:15,CLOSED,120,120,70,140,100,30,CLOSED,60,90,15,5,-,20,5,5,25,50,30,10,5,-,20,5,5,CLOSED,-,15,20,10,10,10,40
20250524,11:45,CLOSED,100,90,60,120,80,120,CLOSED,50,70,5,10,-,40,5,5,20,40,40,15,5,15,20,5,5,CLOSED,-,25,15,10,20,10,25
20250524,12:15,CLOSED,80,70,60,120,80,80,CLOSED,60,70,5,10,5,30,5,5,15,40,20,10,5,15,15,5,5,CLOSED,-,15,20,10,15,10,20
20250524,12:45,CLOSED,100,70,50,120,70,70,CLOSED,50,80,-,10,5,20,5,-,10,40,25,15,-,15,15,5,5,CLOSED,-,15,15,10,20,10,20
20250524,13:15,CLOSED,100,80,60,120,60,70,CLOSED,60,90,-,-,5,25,5,-,20,30,20,15,-,15,20,5,5,CLOSED,-,25,15,10,20,15,15
20250524,13:45,CLOSED,100,80,60,120,80,70,CLOSED,60,80,5,5,5,20,5,5,20,50,30,15,5,15,15,5,5,CLOSED,-,25,15,10,15,10,15
20250524,14:15,CLOSED,100,70,70,120,70,100,CLOSED,70,80,5,15,5,30,5,5,15,40,25,15,5,30,25,5,5,CLOSED,-,15,20,5,20,20,20
20250524,14:45,CLOSED,90,80,70,120,90,140,CLOSED,70,80,5,-,5,30,5,5,20,40,20,15,-,15,25,5,5,CLOSED,-,25,15,15,25,15,15
20250524,15:15,CLOSED,100,70,60,120,90,140,CLOSED,60,90,-,-,5,30,5,-,20,30,25,20,-,30,20,5,5,CLOSED,-,25,20,10,20,15,25
20250524,15:45,CLOSED,100,70,50,160,90,120,CLOSED,70,90,-,-,5,15,5,-,20,40,25,20,-,30,15,5,5,CLOSED,-,25,15,10,20,15,25
20250524,16:15,CLOSED,120,90,60,140,90,100,CLOSED,60,100,15,30,10,40,5,5,25,40,25,30,10,15,15,5,5,CLOSED,-,25,10,10,20,15,25
20250524,16:45,CLOSED,120,90,60,140,80,120,CLOSED,90,100,20,25,10,40,5,5,25,40,20,20,20,30,20,5,5,CLOSED,-,25,20,10,20,10,20
20250524,17:15,CLOSED,100,80,60,140,90,140,CLOSED,60,80,15,25,10,30,-,5,20,40,25,20,20,30,15,5,5,CLOSED,-,20,15,5,20,15,20
20250524,17:45,CLOSED,80,70,60,140,100,100,CLOSED,40,70,-,-,15,30,-,-,20,30,15,20,-,15,15,5,5,CLOSED,-,15,10,15,20,15,15
20250524,18:15,CLOSED,80,90,40,140,100,100,CLOSED,50,80,-,-,-,20,-,-,25,40,5,25,-,15,5,5,5,CLOSED,-,5,5,10,25,15,25
20250524,18:45,CLOSED,70,60,40,100,90,100,CLOSED,30,70,-,-,-,20,-,-,20,30,5,20,-,15,5,5,5,CLOSED,-,5,5,15,20,20,20
20250524,19:15,CLOSED,60,50,40,90,90,80,CLOSED,40,60,-,-,-,15,-,-,5,20,5,20,-,15,5,5,5,CLOSED,-,5,5,10,15,15,5
20250524,19:45,CLOSED,50,50,30,-,80,70,CLOSED,25,50,-,-,-,20,-,-,5,15,5,15,-,15,5,5,5,CLOSED,-,5,5,5,10,5,5
20250524,20:15,CLOSED,40,30,25,-,-,80,CLOSED,20,50,-,-,-,20,-,-,5,15,5,15,-,15,5,5,5,CLOSED,-,5,5,5,10,5,5
20250524,20:45,CLOSED,15,20,5,-,-,-,CLOSED,15,-,-,5,-,20,-,-,5,15,5,15,5,-,5,5,5,CLOSED,-,5,5,5,5,5,5
20250524,21:15,CLOSED,-,-,-,-,-,-,CLOSED,-,-,-,-,-,-,-,-,-,-,-,-,-,-,-,-,-,CLOSED,-,-,-,-,-,-,-
20250524,21:45,CLOSED,-,-,-,-,-,-,CLOSED,-,-,-,-,-,-,-,-,-,-,-,-,-,-,-,-,-,CLOSED,-,-,-,-,-,-,-
20250525,07:15,CLOSED,-,-,-,-,-,-,CLOSED,-,-,-,-,-,-,-,-,-,-,-,-,-,-,-,-,-,CLOSED,-,-,-,-,-,-,-
20250525,07:45,CLOSED,-,-,-,-,-,-,CLOSED,-,-,-,-,-,-,-,-,-,-,-,-,-,-,-,-,-,CLOSED,-,-,-,-,-,-,-
20250525,08:15,CLOSED,-,-,-,-,-,-,CLOSED,-,-,-,-,-,-,-,-,-,-,-,-,-,-,-,-,-,CLOSED,-,-,-,-,-,-,-
20250525,08:45,CLOSED,-,-,-,-,-,-,CLOSED,-,-,-,-,-,-,-,-,-,-,-,-,-,-,-,-,-,CLOSED,-,-,-,-,-,-,-
20250525,09:15,CLOSED,10,30,15,50,5,25,CLOSED,5,5,5,5,-,20,-,-,5,15,5,5,5,-,5,5,-,CLOSED,-,5,5,5,5,5,5
20250525,09:45,CLOSED,100,70,40,100,50,120,CLOSED,15,60,-,5,-,20,-,-,5,15,5,5,5,-,5,5,-,CLOSED,-,5,5,5,5,5,5
20250525,10:15,CLOSED,120,100,70,120,70,90,CLOSED,50,70,-,-,-,40,-,-,10,20,15,5,-,15,5,5,5,CLOSED,-,10,10,5,5,5,20
20250525,10:45,CLOSED,120,70,70,100,70,70,CLOSED,50,70,-,-,-,20,-,-,20,30,15,10,-,15,20,5,5,CLOSED,-,15,15,5,10,10,40
20250525,11:15,CLOSED,100,60,50,80,60,70,CLOSED,50,60,5,5,-,20,5,5,15,30,20,10,5,15,15,5,5,CLOSED,-,20,15,5,10,10,20
20250525,11:45,CLOSED,90,50,50,120,50,50,CLOSED,40,60,5,5,-,25,5,5,20,30,15,10,5,15,10,5,5,CLOSED,-,15,5,5,15,10,20
20250525,12:15,CLOSED,90,70,50,100,50,60,CLOSED,40,50,5,5,5,15,5,5,10,30,20,15,5,15,10,5,5,CLOSED,-,15,10,5,15,10,20
20250525,12:45,CLOSED,80,60,50,90,40,70,CLOSED,40,60,-,5,5,15,5,-,10,30,20,10,-,15,10,5,5,CLOSED,-,15,15,10,15,15,20
20250525,13:15,CLOSED,90,60,50,90,50,60,CLOSED,50,50,-,-,5,15,5,-,20,30,20,20,-,15,20,5,5,CLOSED,-,20,15,5,15,10,15
20250525,13:45,CLOSED,70,60,50,90,50,70,CLOSED,50,60,5,10,5,20,5,5,20,40,20,15,5,15,15,5,5,CLOSED,-,15,15,5,15,10,15
20250525,14:15,CLOSED,90,80,60,90,50,60,CLOSED,40,50,5,10,5,20,5,5,20,30,20,15,10,15,15,5,5,CLOSED,-,15,10,5,20,10,5
20250525,14:45,CLOSED,90,70,50,90,60,80,CLOSED,50,50,-,15,5,20,5,5,20,40,20,20,-,15,15,5,5,CLOSED,-,15,10,5,15,10,15
20250525,15:15,CLOSED,90,50,50,100,50,90,CLOSED,50,70,-,-,5,20,5,-,20,30,20,20,-,15,15,5,5,CLOSED,-,15,15,5,15,15,20
20250525,15:45,CLOSED,90,70,50,100,60,90,CLOSED,40,80,-,-,5,25,5,-,20,40,20,20,-,15,20,5,5,CLOSED,-,20,10,5,15,10,10
20250525,16:15,CLOSED,80,-,60,100,60,80,CLOSED,50,60,10,10,5,30,5,5,20,30,25,20,5,15,15,5,5,CLOSED,-,20,15,10,15,15,15
20250525,16:45,CLOSED,90,-,60,120,60,70,CLOSED,60,60,15,20,5,20,5,5,20,40,20,20,25,15,20,5,5,CLOSED,-,20,15,5,15,10,15
20250525,17:15,CLOSED,90,50,50,140,60,70,CLOSED,80,50,15,20,5,20,-,5,20,30,25,20,20,15,20,5,5,CLOSED,-,25,15,10,10,10,15
20250525,17:45,CLOSED,70,60,40,100,60,80,CLOSED,60,60,-,-,5,20,-,-,20,40,25,15,-,15,15,5,5,CLOSED,-,25,15,5,10,15,10
20250525,18:15,CLOSED,50,60,40,100,60,90,CLOSED,50,50,-,-,-,20,-,-,20,30,15,20,-,15,15,5,5,CLOSED,-,15,15,5,15,10,10
20250525,18:45,CLOSED,70,70,40,100,70,70,CLOSED,70,40,-,-,-,15,-,-,15,30,15,20,-,15,15,5,5,CLOSED,-,15,10,5,15,5,10
20250525,19:15,CLOSED,50,50,40,90,60,60,CLOSED,80,40,-,-,-,15,-,-,10,20,15,20,-,15,10,5,5,CLOSED,-,15,5,5,10,10,5
20250525,19:45,CLOSED,30,30,40,80,40,50,CLOSED,50,30,-,-,-,15,-,-,5,15,5,15,-,15,5,5,5,CLOSED,-,5,5,5,5,5,5
20250525,20:15,CLOSED,30,25,30,-,60,-,CLOSED,30,50,-,-,-,20,-,-,5,15,5,15,-,15,5,5,5,CLOSED,-,5,5,5,5,5,5
20250525,20:45,CLOSED,20,15,-,-,-,-,CLOSED,-,30,5,20,-,15,-,-,5,15,5,15,5,-,5,5,5,CLOSED,-,10,5,5,5,5,5
20250525,21:15,CLOSED,-,-,-,-,-,-,CLOSED,-,-,-,-,-,-,-,-,-,-,-,-,-,-,-,-,-,CLOSED,-,-,-,-,-,-,-
20250525,21:45,CLOSED,-,-,-,-,-,-,CLOSED,-,-,-,-,-,-,-,-,-,-,-,-,-,-,-,-,-,CLOSED,-,-,-,-,-,-,-
20250526,07:15,CLOSED,-,-,-,-,-,-,CLOSED,-,-,-,-,-,-,-,-,-,-,-,-,-,-,-,-,-,CLOSED,-,-,-,-,-,-,-
20250526,07:45,CLOSED,-,-,-,-,-,-,CLOSED,-,-,-,-,-,-,-,-,-,-,-,-,-,-,-,-,-,CLOSED,-,-,-,-,-,-,-
20250526,08:15,CLOSED,-,-,-,-,-,-,CLOSED,-,-,-,-,-,-,-,-,-,-,-,-,-,-,-,-,-,CLOSED,-,-,-,-,-,-,-
20250526,08:45,CLOSED,-,-,-,-,-,-,CLOSED,-,-,-,-,-,-,-,-,-,-,-,-,-,-,-,-,-,CLOSED,-,-,-,-,-,-,-
20250526,09:15,CLOSED,20,10,30,70,10,20,CLOSED,-,10,5,5,-,10,-,-,5,15,5,5,5,-,5,5,-,CLOSED,-,5,5,5,5,5,5
20250526,09:45,CLOSED,140,60,50,120,70,100,CLOSED,20,70,20,5,-,20,-,-,5,15,5,5,5,-,5,5,-,CLOSED,-,5,5,5,5,5,10
20250526,10:15,CLOSED,140,120,90,180,100,100,CLOSED,60,90,-,-,-,40,-,-,25,20,20,5,-,15,15,5,5,CLOSED,-,15,15,5,5,5,40
20250526,10:45,CLOSED,140,120,90,120,100,100,CLOSED,70,120,-,-,-,50,-,-,25,60,40,15,-,15,20,5,5,CLOSED,-,40,30,15,20,20,50
20250526,11:15,CLOSED,140,100,70,140,100,90,CLOSED,80,120,10,10,-,30,5,5,15,60,40,15,5,15,30,5,5,CLOSED,-,40,25,25,30,25,40
20250526,11:45,CLOSED,100,120,70,160,90,100,CLOSED,80,100,15,15,-,40,5,5,25,50,40,15,5,30,25,10,10,CLOSED,-,40,25,20,40,20,50
20250526,12:15,CLOSED,100,100,80,-,120,100,CLOSED,70,120,10,25,5,30,5,5,25,60,30,15,5,30,25,10,10,CLOSED,-,40,25,20,30,20,50
20250526,12:45,CLOSED,120,100,80,-,120,120,CLOSED,70,120,-,-,10,30,5,-,15,50,40,20,-,30,30,10,15,CLOSED,-,30,20,20,30,20,40
20250526,13:15,CLOSED,120,100,70,-,120,120,CLOSED,90,120,-,-,15,40,5,-,25,60,40,20,-,15,30,10,15,CLOSED,-,40,30,20,30,25,60
20250526,13:45,CLOSED,120,100,70,160,100,120,CLOSED,90,90,5,10,15,20,5,5,25,60,50,20,5,15,30,10,5,CLOSED,-,40,30,25,40,30,60
20250526,14:15,CLOSED,120,100,80,140,120,100,CLOSED,90,100,5,20,15,30,5,10,20,70,30,20,20,30,30,10,10,CLOSED,-,40,25,20,30,30,40
20250526,14:45,CLOSED,120,100,80,140,120,100,CLOSED,80,120,-,-,20,50,5,-,25,70,40,25,-,30,30,20,10,CLOSED,-,40,25,20,40,25,40
20250526,15:15,CLOSED,120,90,70,160,120,100,CLOSED,80,120,-,-,10,40,15,-,20,60,40,25,-,30,30,15,10,CLOSED,-,40,25,20,30,30,50
20250526,15:45,CLOSED,100,120,70,180,140,140,CLOSED,90,120,-,-,15,40,15,-,15,60,40,25,-,30,25,15,10,CLOSED,-,40,25,20,30,20,40
20250526,16:15,CLOSED,140,100,70,180,140,140,CLOSED,80,140,15,30,15,30,5,10,15,50,40,25,15,30,30,10,10,CLOSED,-,40,25,15,30,20,50
20250526,16:45,CLOSED,120,100,70,180,160,140,CLOSED,90,140,15,30,5,40,5,20,25,60,30,25,25,15,25,10,10,CLOSED,-,40,25,15,30,20,40
20250526,17:15,CLOSED,120,100,70,160,160,100,CLOSED,90,120,15,35,5,40,-,15,20,50,30,20,20,30,40,5,10,CLOSED,-,40,25,15,25,20,40
20250526,17:45,CLOSED,120,80,60,160,140,120,CLOSED,70,100,-,25,15,40,-,-,20,50,30,25,-,15,20,5,5,CLOSED,-,30,20,20,25,25,40
20250526,18:15,CLOSED,90,80,60,140,140,100,CLOSED,80,100,-,-,-,15,-,-,25,50,30,25,-,15,25,5,5,CLOSED,-,35,15,10,20,20,40
20250526,18:45,CLOSED,80,70,50,-,120,90,CLOSED,70,120,-,-,-,20,-,-,15,50,30,25,-,15,20,5,5,CLOSED,-,30,20,10,15,15,40
20250526,19:15,CLOSED,80,50,50,-,120,100,CLOSED,50,100,-,-,-,20,-,-,10,30,20,20,-,15,15,5,5,CLOSED,-,25,15,5,20,15,10
20250526,19:45,CLOSED,70,50,40,-,70,80,CLOSED,40,60,-,-,-,15,-,-,10,20,10,20,-,15,10,5,5,CLOSED,-,10,15,5,5,5,5
20250526,20:15,CLOSED,60,40,30,-,-,70,CLOSED,40,40,-,-,-,20,-,-,10,20,10,15,-,15,5,5,5,CLOSED,-,15,5,5,5,5,5
20250526,20:45,CLOSED,-,30,-,-,-,-,CLOSED,-,-,-,-,-,15,-,-,10,20,15,15,-,-,5,5,5,CLOSED,-,15,10,5,5,5,5
20250526,21:15,CLOSED,-,-,-,-,-,-,CLOSED,-,-,-,-,-,-,-,-,-,-,-,-,-,-,-,-,-,CLOSED,-,-,-,-,-,-,-
20250526,21:45,CLOSED,-,-,-,-,-,-,CLOSED,-,-,-,-,-,-,-,-,-,-,-,-,-,-,-,-,-,CLOSED,-,-,-,-,-,-,-
20250527,07:15,CLOSED,-,-,-,-,-,-,CLOSED,-,-,-,-,-,-,-,-,-,-,-,-,-,-,-,-,-,CLOSED,-,-,-,-,CLOSED,-,-
20250527,07:45,CLOSED,-,-,-,-,-,-,CLOSED,-,-,-,-,-,-,-,-,-,-,-,-,-,-,-,-,-,CLOSED,-,-,-,-,CLOSED,-,-
20250527,08:15,CLOSED,-,-,-,-,-,-,CLOSED,-,-,-,-,-,-,-,-,-,-,-,-,-,-,-,-,-,CLOSED,-,-,-,-,CLOSED,-,-
20250527,08:45,CLOSED,-,-,-,-,-,-,CLOSED,-,-,-,-,-,-,-,-,-,-,-,-,-,-,-,-,-,CLOSED,-,-,-,-,CLOSED,-,-
20250527,09:15,CLOSED,20,5,10,70,10,15,CLOSED,5,5,5,5,-,20,-,-,5,15,5,5,5,-,5,5,-,CLOSED,-,5,5,5,CLOSED,5,5
20250527,09:45,CLOSED,100,60,50,100,60,70,CLOSED,30,50,-,10,-,20,-,-,5,15,5,5,5,-,5,5,-,CLOSED,-,5,5,-,CLOSED,5,15
20250527,10:15,CLOSED,100,70,60,120,70,70,CLOSED,60,80,-,-,-,15,-,-,10,15,5,5,5,5,5,5,5,CLOSED,-,5,10,5,CLOSED,5,30
20250527,10:45,CLOSED,120,60,50,100,70,60,CLOSED,60,80,-,-,-,25,-,-,15,40,15,10,5,5,15,5,5,CLOSED,-,10,10,5,CLOSED,10,30
20250527,11:15,CLOSED,100,60,50,120,70,40,CLOSED,60,70,5,5,-,15,5,5,10,30,10,10,5,5,10,5,5,CLOSED,-,15,15,5,CLOSED,15,40
20250527,11:45,CLOSED,80,50,40,100,80,50,CLOSED,50,80,5,5,-,15,5,5,25,40,10,10,5,5,15,5,5,CLOSED,-,15,5,5,CLOSED,10,40
20250527,12:15,CLOSED,80,50,40,90,50,60,CLOSED,50,60,5,5,5,15,5,5,15,50,10,10,5,5,10,5,5,CLOSED,-,10,5,5,CLOSED,10,30
20250527,12:45,CLOSED,90,50,50,90,50,50,CLOSED,50,60,5,5,5,15,5,-,10,30,10,10,-,15,15,5,5,CLOSED,-,10,5,5,CLOSED,10,30
20250527,13:15,CLOSED,80,50,40,90,70,50,CLOSED,40,80,-,-,5,20,5,-,25,30,20,15,-,15,10,5,5,CLOSED,-,15,5,10,CLOSED,10,30
20250527,13:45,CLOSED,60,50,50,90,70,60,CLOSED,60,60,5,5,5,20,5,5,15,30,20,15,5,15,10,5,5,CLOSED,-,25,5,10,CLOSED,15,30
20250527,14:15,CLOSED,80,50,50,90,70,70,CLOSED,60,70,5,5,5,20,5,5,15,30,15,10,5,15,15,5,5,CLOSED,-,20,10,5,CLOSED,15,25
20250527,14:45,CLOSED,90,50,50,90,70,70,CLOSED,60,80,5,10,5,20,5,5,20,30,10,10,-,15,15,5,5,CLOSED,-,15,10,10,CLOSED,15,20
20250527,15:15,CLOSED,80,50,50,100,60,60,CLOSED,60,70,-,15,5,15,5,-,15,30,20,20,-,15,15,5,5,CLOSED,-,25,10,10,CLOSED,15,25
20250527,15:45,CLOSED,80,40,50,80,70,60,CLOSED,60,70,-,15,5,15,5,-,10,40,20,20,-,15,15,5,5,CLOSED,-,25,5,10,CLOSED,15,20
20250527,16:15,CLOSED,70,50,50,80,70,60,CLOSED,50,70,5,10,5,15,5,5,20,30,10,15,10,15,15,5,5,CLOSED,-,15,10,5,CLOSED,20,15
20250527,16:45,CLOSED,80,40,40,90,80,50,CLOSED,60,70,5,25,5,15,5,5,20,30,10,20,20,15,10,5,5,CLOSED,-,15,10,10,CLOSED,15,15
20250527,17:15,CLOSED,70,30,40,100,70,50,CLOSED,60,70,5,10,5,20,-,5,15,30,5,15,20,15,10,5,5,CLOSED,-,20,5,5,CLOSED,10,15
20250527,17:45,CLOSED,60,40,40,100,70,50,CLOSED,50,70,-,15,5,20,-,-,15,30,5,20,-,15,10,5,5,CLOSED,-,15,5,5,CLOSED,10,15
20250527,18:15,CLOSED,60,25,40,80,80,60,CLOSED,40,60,-,-,-,20,-,-,20,30,10,15,-,15,10,5,5,CLOSED,-,10,5,5,CLOSED,10,15
20250527,18:45,CLOSED,40,30,40,70,70,50,CLOSED,60,40,-,-,-,15,-,-,20,30,5,15,-,15,10,5,5,CLOSED,-,10,5,5,CLOSED,10,10
20250527,19:15,CLOSED,40,20,30,60,70,30,CLOSED,40,50,-,-,-,15,-,-,5,15,5,15,-,15,5,5,5,CLOSED,-,5,5,5,CLOSED,5,5
20250527,19:45,CLOSED,25,10,30,70,50,30,CLOSED,25,30,-,-,-,10,-,-,5,15,5,10,-,15,5,5,5,CLOSED,-,5,5,5,CLOSED,5,5
20250527,20:15,CLOSED,25,10,30,50,50,50,CLOSED,20,40,-,-,-,15,-,-,5,15,5,15,-,15,5,5,5,CLOSED,-,5,5,5,CLOSED,5,5
20250527,20:45,CLOSED,15,10,-,30,-,20,CLOSED,20,20,5,20,-,15,-,-,5,15,5,10,5,-,5,5,5,CLOSED,-,5,5,5,CLOSED,5,5
20250527,21:15,CLOSED,-,-,-,-,-,-,CLOSED,-,-,-,-,-,-,-,-,-,-,-,-,-,-,-,-,-,CLOSED,-,-,-,-,CLOSED,-,-
20250527,21:45,CLOSED,-,-,-,-,-,-,CLOSED,-,-,-,-,-,-,-,-,-,-,-,-,-,-,-,-,-,CLOSED,-,-,-,-,CLOSED,-,-
20250528,07:15,CLOSED,-,-,-,-,-,-,CLOSED,-,-,-,-,-,-,-,-,-,-,-,-,-,-,-,-,-,CLOSED,-,-,-,-,-,-,-
20250528,07:45,CLOSED,-,-,-,-,-,-,CLOSED,-,-,-,-,-,-,-,-,-,-,-,-,-,-,-,-,-,CLOSED,-,-,-,-,-,-,-
20250528,08:15,CLOSED,-,-,-,-,-,-,CLOSED,-,-,-,-,-,-,-,-,-,-,-,-,-,-,-,-,-,CLOSED,-,-,-,-,-,-,-
20250528,08:45,CLOSED,-,-,-,-,-,-,CLOSED,-,-,-,-,-,-,-,-,-,-,-,-,-,-,-,-,-,CLOSED,-,-,-,-,-,-,-
20250528,09:15,CLOSED,-,15,25,60,10,15,CLOSED,5,20,5,5,-,20,-,-,5,15,5,5,5,-,5,5,-,CLOSED,-,5,5,5,5,5,5
20250528,09:45,CLOSED,-,70,50,120,80,80,CLOSED,20,70,15,5,-,20,-,-,5,15,5,5,5,-,5,5,-,CLOSED,-,5,5,5,5,5,10
20250528,10:15,CLOSED,90,70,60,120,70,70,CLOSED,60,70,-,-,-,15,-,-,15,30,10,5,-,15,5,5,5,CLOSED,-,5,10,5,5,5,40
20250528,10:45,CLOSED,100,60,50,120,70,60,CLOSED,60,70,-,-,-,20,-,-,20,30,15,15,-,15,5,5,5,CLOSED,-,15,5,5,10,10,40
20250528,11:15,CLOSED,90,50,50,-,70,50,CLOSED,60,70,10,5,-,20,5,5,10,40,20,10,5,15,10,5,5,CLOSED,-,10,10,5,10,10,30
20250528,11:45,CLOSED,80,60,50,-,60,50,CLOSED,50,70,5,10,-,20,5,5,20,30,20,5,5,15,10,5,5,CLOSED,-,15,5,5,10,5,30
20250528,12:15,CLOSED,80,50,50,-,60,40,CLOSED,50,80,5,15,5,15,5,5,20,30,20,15,5,15,5,5,5,CLOSED,-,15,5,5,15,10,30
20250528,12:45,CLOSED,100,60,50,80,50,40,CLOSED,50,90,-,5,5,15,5,5,15,50,-,15,-,15,5,5,5,CLOSED,-,20,5,5,15,15,30
20250528,13:15,CLOSED,100,60,50,100,60,70,CLOSED,50,80,-,-,10,15,5,5,20,30,-,20,-,15,20,5,5,CLOSED,-,15,5,5,20,10,40
20250528,13:45,CLOSED,90,50,40,70,80,70,CLOSED,50,80,10,5,15,15,10,5,15,20,10,15,5,15,10,5,5,CLOSED,-,15,10,5,20,5,30
20250528,14:15,CLOSED,90,40,50,100,80,50,CLOSED,60,70,10,5,5,20,10,5,20,30,20,10,5,15,10,5,5,CLOSED,-,20,5,5,20,15,15
20250528,14:45,CLOSED,90,50,50,100,70,60,CLOSED,60,70,10,10,5,15,10,-,20,50,-,20,-,15,15,5,5,CLOSED,-,15,5,10,20,15,20
20250528,15:15,CLOSED,90,50,50,80,70,80,CLOSED,60,80,-,-,10,20,10,-,20,40,-,20,-,15,15,5,5,CLOSED,-,20,15,5,20,10,30
20250528,15:45,CLOSED,100,50,40,100,70,60,CLOSED,60,70,-,-,5,20,10,-,20,20,15,20,-,15,10,5,5,CLOSED,-,15,10,10,15,20,15
20250528,16:15,CLOSED,90,60,50,90,70,50,CLOSED,60,70,5,5,5,20,10,5,10,30,-,25,5,15,15,-,5,CLOSED,-,15,10,5,20,10,10
20250528,16:45,CLOSED,80,40,70,90,70,50,CLOSED,50,70,5,20,5,20,10,10,25,40,-,20,25,15,10,-,5,CLOSED,-,15,10,5,20,15,20
20250528,17:15,CLOSED,80,40,40,100,70,50,CLOSED,50,70,15,20,5,10,-,5,10,30,-,20,15,15,10,5,5,CLOSED,-,15,10,5,15,10,15
20250528,17:45,CLOSED,70,40,50,90,70,60,CLOSED,50,60,-,-,5,15,-,-,20,20,-,15,-,15,10,5,5,CLOSED,-,15,5,5,15,5,10
20250528,18:15,CLOSED,70,40,40,80,70,60,CLOSED,50,60,-,-,-,15,-,-,20,20,15,20,-,15,10,-,5,CLOSED,-,15,5,5,15,5,10
20250528,18:45,CLOSED,60,30,50,80,80,40,CLOSED,50,60,-,-,-,15,-,-,10,15,20,15,-,15,10,-,5,CLOSED,-,10,5,5,10,10,5
20250528,19:15,CLOSED,50,20,40,60,70,40,CLOSED,30,50,-,-,-,15,-,-,5,15,20,20,-,15,5,-,5,CLOSED,-,10,5,5,10,10,5
20250528,19:45,CLOSED,40,10,30,70,70,30,CLOSED,30,40,-,-,-,15,-,-,5,15,10,10,-,15,5,5,5,CLOSED,-,5,5,5,5,10,5
20250528,20:15,CLOSED,25,10,30,-,60,40,CLOSED,20,50,-,-,-,15,-,-,5,15,5,10,-,15,5,5,5,CLOSED,-,5,5,5,5,10,5
20250528,20:45,CLOSED,20,10,-,-,-,30,CLOSED,20,-,5,20,-,20,-,-,5,15,10,5,5,-,5,5,5,CLOSED,-,5,5,5,5,10,5
20250528,21:15,CLOSED,-,-,-,-,-,-,CLOSED,-,-,-,-,-,-,-,-,-,-,-,-,-,-,-,-,-,CLOSED,-,-,-,-,-,-,-
20250528,21:45,CLOSED,-,-,-,-,-,-,CLOSED,-,-,-,-,-,-,-,-,-,-,-,-,-,-,-,-,-,CLOSED,-,-,-,-,-,-,-
20250529,07:15,-,-,-,-,-,-,-,CLOSED,-,-,-,-,-,-,-,-,-,-,-,-,-,-,-,-,-,CLOSED,-,-,-,-,CLOSED,-,CLOSED
20250529,07:45,-,-,-,-,-,-,-,CLOSED,-,-,-,-,-,-,-,-,-,-,-,-,-,-,-,-,-,CLOSED,-,-,-,-,CLOSED,-,CLOSED
20250529,08:15,-,-,-,-,-,-,-,CLOSED,-,-,-,-,-,-,-,-,-,-,-,-,-,-,-,-,-,CLOSED,-,-,-,-,CLOSED,-,CLOSED
20250529,08:45,-,-,-,-,-,-,-,CLOSED,-,-,-,-,-,-,-,-,-,-,-,-,-,-,-,-,-,CLOSED,-,-,-,-,CLOSED,-,CLOSED
20250529,09:15,70,10,5,5,60,20,20,CLOSED,5,5,5,5,-,20,-,-,5,15,5,5,5,-,5,5,-,CLOSED,-,5,5,5,CLOSED,5,CLOSED
20250529,09:45,200,100,30,50,120,50,80,CLOSED,5,60,-,5,-,20,-,-,5,15,5,5,5,-,5,5,-,CLOSED,-,5,5,5,CLOSED,5,CLOSED
20250529,10:15,180,140,90,60,140,80,-,CLOSED,70,70,-,-,-,40,-,-,20,30,-,5,5,15,10,5,5,CLOSED,-,15,10,5,CLOSED,5,CLOSED
20250529,10:45,200,140,90,70,140,100,70,CLOSED,60,120,-,-,-,40,-,-,30,30,5,5,-,15,20,5,5,CLOSED,-,30,20,15,CLOSED,15,CLOSED
20250529,11:15,220,120,90,60,120,100,70,CLOSED,70,100,15,10,-,20,5,5,25,30,25,15,5,15,25,5,5,CLOSED,-,25,20,20,CLOSED,20,CLOSED
20250529,11:45,220,90,-,60,90,90,90,CLOSED,70,100,5,15,-,30,5,5,25,40,30,10,5,15,25,5,5,CLOSED,-,25,10,15,CLOSED,20,CLOSED
20250529,12:15,200,100,-,70,120,80,80,CLOSED,70,120,10,15,5,15,5,5,15,60,-,25,5,15,25,5,5,CLOSED,-,25,15,5,CLOSED,20,CLOSED
20250529,12:45,200,120,70,60,120,140,80,CLOSED,70,120,-,-,5,15,5,-,20,50,-,25,-,15,15,5,5,CLOSED,-,30,15,15,CLOSED,20,CLOSED
20250529,13:15,140,120,80,60,120,120,90,CLOSED,60,100,-,-,5,30,5,-,25,50,20,25,-,15,20,5,5,CLOSED,-,30,20,15,CLOSED,20,CLOSED
20250529,13:45,160,120,90,50,120,90,80,CLOSED,70,90,10,5,5,20,5,5,20,40,30,15,5,30,20,5,5,CLOSED,-,40,20,20,CLOSED,20,CLOSED
20250529,14:15,200,120,120,60,100,100,80,CLOSED,80,120,10,20,5,20,5,10,15,50,30,20,20,15,25,5,5,CLOSED,-,25,15,20,CLOSED,20,CLOSED
20250529,14:45,240,140,120,70,120,120,120,CLOSED,80,120,-,-,5,40,5,10,25,70,40,20,20,15,20,10,5,CLOSED,-,30,15,15,CLOSED,15,CLOSED
20250529,15:15,180,120,100,60,120,120,180,CLOSED,80,90,-,-,5,30,5,-,25,50,40,30,-,15,20,10,5,CLOSED,-,30,20,20,CLOSED,15,CLOSED
20250529,15:45,160,140,120,60,140,120,160,CLOSED,80,140,-,-,5,20,5,-,25,50,30,20,-,30,25,10,5,CLOSED,-,30,20,15,CLOSED,20,CLOSED
20250529,16:15,160,120,90,70,140,120,120,CLOSED,80,120,10,25,5,30,5,15,25,60,40,25,20,30,25,5,5,CLOSED,-,30,15,15,CLOSED,20,CLOSED
20250529,16:45,180,120,90,70,120,100,90,CLOSED,80,100,25,30,15,30,5,15,15,50,30,25,25,30,25,5,5,CLOSED,-,15,20,15,CLOSED,15,CLOSED
20250529,17:15,180,120,-,60,120,120,90,CLOSED,80,90,15,35,5,15,-,5,15,50,25,20,20,15,15,5,5,CLOSED,-,25,20,10,CLOSED,15,CLOSED
20250529,17:45,160,100,-,70,140,120,90,CLOSED,70,100,-,-,5,20,-,-,20,40,25,25,-,15,20,5,5,CLOSED,-,25,20,15,CLOSED,15,CLOSED
20250529,18:15,140,90,-,60,100,120,90,CLOSED,70,120,-,-,-,20,-,-,25,30,30,25,-,15,25,5,5,CLOSED,-,30,15,5,CLOSED,15,CLOSED
20250529,18:45,120,100,-,50,120,100,90,CLOSED,70,100,-,-,-,15,-,-,20,30,30,25,-,15,20,5,5,CLOSED,-,25,15,5,CLOSED,15,CLOSED
20250529,19:15,-,80,70,40,120,90,70,CLOSED,50,100,-,-,-,15,-,-,10,20,25,20,-,15,15,5,5,CLOSED,-,10,10,5,CLOSED,10,CLOSED
20250529,19:45,-,70,70,40,90,80,60,CLOSED,50,70,-,-,-,15,-,-,5,15,5,15,-,15,10,5,5,CLOSED,-,10,5,5,CLOSED,5,CLOSED
20250529,20:15,-,60,-,50,-,-,-,CLOSED,40,60,-,-,-,15,-,-,5,15,10,15,-,15,10,5,5,CLOSED,-,10,5,5,CLOSED,5,CLOSED
20250529,20:45,-,-,-,-,-,-,-,CLOSED,-,-,-,-,-,15,-,-,5,15,10,20,5,-,10,5,5,CLOSED,-,15,5,5,CLOSED,5,CLOSED
20250529,21:15,-,-,-,-,-,-,-,CLOSED,-,-,-,-,-,-,-,-,-,-,-,-,-,-,-,-,-,CLOSED,-,-,-,-,CLOSED,-,CLOSED
20250529,21:45,-,-,-,-,-,-,-,CLOSED,-,-,-,-,-,-,-,-,-,-,-,-,-,-,-,-,-,CLOSED,-,-,-,-,CLOSED,-,CLOSED
20250530,07:15,-,-,-,-,-,-,-,CLOSED,-,-,-,-,-,-,-,-,-,-,-,-,-,-,-,-,-,CLOSED,-,-,-,-,-,-,CLOSED
20250530,07:45,-,-,-,-,-,-,-,CLOSED,-,-,-,-,-,-,-,-,-,-,-,-,-,-,-,-,-,CLOSED,-,-,-,-,-,-,CLOSED
20250530,08:15,-,-,-,-,-,-,-,CLOSED,-,-,-,-,-,-,-,-,-,-,-,-,-,-,-,-,-,CLOSED,-,-,-,-,-,-,CLOSED
20250530,08:45,-,-,-,-,-,-,-,CLOSED,-,-,-,-,-,-,-,-,-,-,-,-,-,-,-,-,-,CLOSED,-,-,-,-,-,-,CLOSED
20250530,09:15,40,10,5,5,40,10,-,CLOSED,5,15,5,5,-,15,-,-,5,-,5,5,5,-,5,-,-,CLOSED,-,5,5,5,5,5,CLOSED
20250530,09:45,-,70,40,30,80,30,15,CLOSED,5,30,25,5,-,15,-,-,5,15,5,5,10,-,5,-,-,CLOSED,-,5,5,5,5,5,CLOSED
20250530,10:15,-,90,70,40,120,50,100,CLOSED,30,-,-,5,-,20,-,-,5,15,5,5,10,5,5,5,5,CLOSED,-,5,5,5,5,5,CLOSED
20250530,10:45,120,100,50,40,120,80,70,CLOSED,50,-,-,-,-,20,-,-,20,20,15,5,-,15,5,5,5,CLOSED,-,10,5,5,15,10,CLOSED
20250530,11:15,140,100,60,40,140,90,70,CLOSED,30,-,5,5,-,30,5,5,25,40,10,10,5,15,5,5,5,CLOSED,-,5,5,5,20,20,CLOSED
20250530,11:45,140,90,50,30,100,80,60,CLOSED,25,30,15,5,-,25,5,5,30,40,5,10,5,15,5,5,5,CLOSED,-,5,5,15,30,20,CLOSED
20250530,12:15,140,70,50,30,70,70,60,CLOSED,30,70,10,5,5,15,5,5,10,20,5,10,5,15,5,5,5,CLOSED,-,5,5,15,25,15,CLOSED
20250530,12:45,120,60,40,40,90,50,50,CLOSED,50,100,-,5,5,15,5,-,10,30,10,10,-,15,10,5,5,CLOSED,-,10,5,10,20,15,CLOSED
20250530,13:15,180,70,50,40,80,70,70,CLOSED,40,90,-,5,5,20,5,-,20,30,10,20,-,15,10,5,5,CLOSED,-,15,5,5,20,10,CLOSED
20250530,13:45,160,80,50,40,90,70,60,CLOSED,50,60,5,5,5,15,5,5,10,40,5,15,5,15,10,5,5,CLOSED,-,15,5,5,20,10,CLOSED
20250530,14:15,-,70,50,40,90,70,50,CLOSED,40,70,5,5,5,25,5,5,15,40,5,15,5,15,15,5,5,CLOSED,-,20,10,5,20,20,CLOSED
20250530,14:45,-,70,40,50,90,50,70,CLOSED,40,80,5,5,5,15,5,5,15,40,15,10,5,15,15,5,5,CLOSED,-,25,10,10,20,20,CLOSED
20250530,15:15,-,80,50,40,90,60,60,CLOSED,60,70,-,5,5,20,5,-,20,40,15,20,-,15,15,5,5,CLOSED,-,20,10,10,20,20,CLOSED
20250530,15:45,-,80,50,40,90,50,70,CLOSED,50,70,-,-,5,20,5,-,15,20,10,20,-,15,15,5,5,CLOSED,-,20,5,5,10,20,CLOSED
20250530,16:15,-,70,40,50,120,60,60,CLOSED,40,70,5,5,5,20,5,5,5,40,10,15,5,15,15,5,5,CLOSED,-,15,10,5,15,10,CLOSED
20250530,16:45,-,60,50,50,120,60,70,CLOSED,60,60,5,10,5,15,5,5,20,30,10,20,15,15,15,5,5,CLOSED,-,15,10,5,20,10,CLOSED
20250530,17:15,-,70,60,40,120,60,70,CLOSED,40,60,5,5,5,20,-,5,15,20,5,15,5,15,10,5,5,CLOSED,-,10,5,5,20,10,CLOSED
20250530,17:45,-,50,40,40,120,60,80,CLOSED,40,70,5,5,5,15,-,-,20,30,5,15,5,15,5,5,5,CLOSED,-,10,5,5,15,20,CLOSED
20250530,18:15,-,50,40,40,100,60,80,CLOSED,50,60,-,-,-,15,-,-,25,40,5,20,-,15,5,5,5,CLOSED,-,5,5,5,15,10,CLOSED
20250530,18:45,-,40,30,40,100,50,60,CLOSED,30,50,-,-,-,15,-,-,15,20,5,20,-,15,10,5,5,CLOSED,-,5,5,5,15,10,CLOSED
20250530,19:15,-,40,25,40,70,50,50,CLOSED,30,50,-,-,-,15,-,-,10,30,5,20,-,15,10,5,5,CLOSED,-,10,5,5,15,10,CLOSED
20250530,19:45,-,20,15,30,50,50,30,CLOSED,20,30,-,-,-,15,-,-,5,15,-,15,-,15,5,5,5,CLOSED,-,5,5,5,5,5,CLOSED
20250530,20:15,-,25,15,30,70,60,60,CLOSED,5,40,-,-,-,15,-,-,5,15,-,10,-,15,5,5,5,CLOSED,-,5,5,5,5,5,CLOSED
20250530,20:45,30,20,15,-,30,-,-,CLOSED,20,20,5,10,-,15,-,-,5,15,5,10,5,-,5,5,5,CLOSED,-,5,5,5,5,5,CLOSED
20250530,21:15,-,-,-,-,-,-,-,CLOSED,-,-,-,-,-,-,-,-,-,-,-,-,-,-,-,-,-,CLOSED,-,-,-,-,-,-,CLOSED
20250530,21:45,-,-,-,-,-,-,-,CLOSED,-,-,-,-,-,-,-,-,-,-,-,-,-,-,-,-,-,CLOSED,-,-,-,-,-,-,CLOSED
20250531,07:15,-,-,-,-,-,-,-,CLOSED,-,-,-,-,-,-,-,-,-,-,-,-,-,-,-,-,-,CLOSED,-,-,-,-,-,-,CLOSED
20250531,07:45,-,-,-,-,-,-,-,CLOSED,-,-,-,-,-,-,-,-,-,-,-,-,-,-,-,-,-,CLOSED,-,-,-,-,-,-,CLOSED
20250531,08:15,-,-,-,-,-,-,-,CLOSED,-,-,-,-,-,-,-,-,-,-,-,-,-,-,-,-,-,CLOSED,-,-,-,-,-,-,CLOSED
20250531,08:45,-,-,-,-,-,-,-,CLOSED,-,-,-,-,-,-,-,-,-,-,-,-,-,-,-,-,-,CLOSED,-,-,-,-,-,-,CLOSED
20250531,09:15,40,5,10,5,60,15,25,CLOSED,5,5,5,5,-,5,-,-,5,15,5,5,5,-,5,5,-,CLOSED,-,5,5,5,5,5,CLOSED
20250531,09:45,120,60,40,20,120,30,70,CLOSED,5,40,15,5,-,15,-,-,5,15,5,5,5,-,5,5,-,CLOSED,-,5,5,5,5,5,CLOSED
20250531,10:15,180,60,50,40,90,60,60,CLOSED,5,50,-,5,-,30,-,-,10,15,5,5,-,15,5,5,5,CLOSED,-,5,5,5,5,5,CLOSED
20250531,10:45,180,80,60,40,100,60,80,CLOSED,40,60,-,5,-,20,-,-,15,15,5,5,-,15,5,5,5,CLOSED,-,5,5,5,10,5,CLOSED
20250531,11:15,160,90,90,40,120,70,80,CLOSED,30,70,25,5,-,40,5,5,30,30,5,5,5,15,5,5,5,CLOSED,-,5,5,10,25,15,CLOSED
20250531,11:45,160,90,70,30,120,80,80,CLOSED,10,70,10,5,-,20,5,5,30,50,5,15,5,15,5,5,5,CLOSED,-,5,5,15,25,15,CLOSED
20250531,12:15,140,80,60,30,80,60,70,CLOSED,30,60,5,5,5,20,5,5,20,30,5,10,5,15,5,5,5,CLOSED,-,5,5,20,30,25,CLOSED
20250531,12:45,120,60,80,40,90,40,60,CLOSED,40,60,5,5,5,15,5,-,15,20,5,10,-,15,5,5,5,CLOSED,-,5,5,20,30,25,CLOSED
20250531,13:15,120,80,60,40,120,50,60,CLOSED,50,60,5,5,5,30,5,5,25,15,5,25,5,15,5,5,5,CLOSED,-,10,5,10,25,20,CLOSED
20250531,13:45,140,90,80,25,90,60,90,CLOSED,10,70,5,5,5,20,5,5,25,20,5,20,15,15,5,10,5,CLOSED,-,5,5,20,30,20,CLOSED
20250531,14:15,160,90,80,30,120,60,90,CLOSED,15,70,15,5,5,30,5,5,20,20,5,15,15,30,5,10,5,CLOSED,-,5,5,20,30,30,CLOSED
20250531,14:45,160,70,80,40,120,60,70,CLOSED,50,70,-,5,5,50,5,-,25,20,5,20,-,15,5,10,5,CLOSED,-,-,10,20,50,25,CLOSED
20250531,15:15,160,90,70,50,100,70,80,CLOSED,50,70,-,5,10,40,5,-,20,20,15,25,-,15,15,5,5,CLOSED,-,5,15,10,25,20,CLOSED
20250531,15:45,160,80,70,50,120,70,100,CLOSED,50,60,-,-,10,20,5,-,20,15,15,15,-,15,15,5,5,CLOSED,-,25,15,5,20,15,CLOSED
20250531,16:15,140,90,70,40,120,70,80,CLOSED,40,80,-,-,10,40,5,-,25,15,20,20,-,15,15,5,5,CLOSED,-,20,15,5,15,20,CLOSED
20250531,16:45,120,90,60,50,120,70,80,CLOSED,60,70,-,-,10,40,5,-,20,30,20,25,-,15,20,5,5,CLOSED,-,30,10,5,20,15,CLOSED
20250531,17:15,100,90,70,50,120,60,100,CLOSED,50,60,-,-,10,20,-,-,20,15,20,20,-,15,15,5,5,CLOSED,-,25,15,10,20,20,CLOSED
20250531,17:45,120,80,50,50,120,110,100,CLOSED,50,70,-,-,5,40,-,-,20,15,10,20,-,30,10,5,5,CLOSED,-,20,15,10,15,10,CLOSED
20250531,18:15,120,70,50,40,120,60,80,CLOSED,40,50,-,-,-,20,-,-,20,15,15,20,-,15,15,5,5,CLOSED,-,25,15,5,20,10,CLOSED
20250531,18:45,100,70,40,40,100,60,80,CLOSED,40,50,-,-,-,15,-,-,20,15,15,20,-,15,15,5,5,CLOSED,-,25,10,5,10,10,CLOSED
20250531,19:15,100,60,40,40,90,60,60,CLOSED,40,50,5,5,-,15,-,-,10,15,5,20,5,15,5,5,5,CLOSED,-,10,5,5,10,10,CLOSED
20250531,19:45,-,40,40,40,90,60,70,CLOSED,30,40,5,30,-,15,-,-,10,15,5,15,5,15,10,5,5,CLOSED,-,5,5,5,10,10,CLOSED
20250531,20:15,-,40,30,40,-,-,70,CLOSED,30,50,-,-,-,15,-,-,5,15,5,15,-,15,10,5,5,CLOSED,-,5,5,5,5,5,CLOSED
20250531,20:45,-,25,-,-,-,-,-,CLOSED,25,-,-,-,-,15,-,-,5,15,5,15,-,-,5,5,5,CLOSED,-,5,5,5,5,5,CLOSED
20250531,21:15,-,-,-,-,-,-,-,CLOSED,-,-,-,-,-,-,-,-,-,-,-,-,-,-,-,-,-,CLOSED,-,-,-,-,-,-,CLOSED
20250531,21:45,-,-,-,-,-,-,-,CLOSED,-,-,-,-,-,-,-,-,-,-,-,-,-,-,-,-,-,CLOSED,-,-,-,-,-,-,CLOSED
20250601,07:15,-,-,-,-,-,-,-,CLOSED,-,-,-,-,-,-,-,-,-,-,-,-,-,-,-,-,-,CLOSED,-,-,-,-,-,-,CLOSED
20250601,07:45,-,-,-,-,-,-,-,CLOSED,-,-,-,-,-,-,-,-,-,-,-,-,-,-,-,-,-,CLOSED,-,-,-,-,-,-,CLOSED
20250601,08:15,-,-,-,-,-,-,-,CLOSED,-,-,-,-,-,-,-,-,-,-,-,-,-,-,-,-,-,CLOSED,-,-,-,-,-,-,CLOSED
20250601,08:45,-,-,-,-,-,-,-,CLOSED,-,-,-,-,-,-,-,-,-,-,-,-,-,-,-,-,-,CLOSED,-,-,-,-,-,-,CLOSED
20250601,09:15,70,50,20,30,120,30,40,CLOSED,5,40,5,5,-,20,-,-,5,15,5,5,5,-,5,5,-,CLOSED,-,5,5,5,5,5,CLOSED
20250601,09:45,180,120,60,-,120,70,100,CLOSED,40,70,-,5,-,20,-,-,5,15,5,5,5,-,5,5,-,CLOSED,-,5,5,5,5,5,CLOSED
20250601,10:15,220,120,120,70,160,90,90,CLOSED,60,90,-,-,-,30,-,-,25,15,20,5,-,15,20,5,5,CLOSED,-,25,20,5,10,5,CLOSED
20250601,10:45,200,120,80,70,140,90,90,CLOSED,60,90,-,-,-,30,-,-,30,80,40,20,-,15,30,-,5,CLOSED,-,25,20,20,20,20,CLOSED
20250601,11:15,240,120,70,60,120,80,70,CLOSED,60,90,15,15,-,30,5,5,20,80,40,15,5,15,25,5,5,CLOSED,-,25,25,20,30,20,CLOSED
20250601,11:45,200,90,70,50,100,70,70,CLOSED,60,90,5,20,-,30,5,5,25,80,30,20,5,15,25,5,5,CLOSED,-,30,15,15,25,20,CLOSED
20250601,12:15,180,80,70,50,100,80,90,CLOSED,60,80,10,15,5,15,5,5,15,80,-,20,10,15,20,10,5,CLOSED,-,25,20,10,25,20,CLOSED
20250601,12:45,160,80,90,60,100,70,90,CLOSED,50,80,-,20,5,30,5,-,15,20,-,15,-,15,25,10,5,CLOSED,-,30,20,10,25,15,CLOSED
20250601,13:15,160,100,80,60,120,70,80,CLOSED,60,90,-,-,5,20,5,-,30,30,-,25,-,30,15,10,5,CLOSED,-,30,20,15,25,25,CLOSED
20250601,13:45,160,90,80,60,100,70,90,CLOSED,70,80,15,10,10,40,5,5,20,30,30,15,5,30,25,10,5,CLOSED,-,15,20,20,20,20,CLOSED
20250601,14:15,160,90,90,60,120,70,120,CLOSED,60,80,15,15,10,20,10,10,15,30,30,20,15,15,25,10,5,CLOSED,-,25,15,20,20,20,CLOSED
20250601,14:45,160,80,70,60,120,80,100,CLOSED,60,100,-,-,10,40,10,-,25,30,30,25,-,30,25,10,5,CLOSED,-,30,15,20,30,20,CLOSED
20250601,15:15,120,100,60,60,120,80,120,CLOSED,70,100,-,-,15,30,10,-,20,40,40,25,-,15,25,10,5,CLOSED,-,30,25,15,30,15,CLOSED
20250601,15:45,140,100,80,50,120,90,120,CLOSED,60,80,-,-,15,30,5,-,20,40,40,25,-,15,20,5,5,CLOSED,-,25,20,15,25,15,CLOSED
20250601,16:15,120,80,70,60,120,100,100,CLOSED,60,90,20,25,10,40,15,5,20,30,-,30,20,30,25,10,5,CLOSED,-,40,20,15,25,15,CLOSED
20250601,16:45,140,100,80,60,100,90,100,CLOSED,70,-,25,35,10,30,15,20,25,30,-,20,20,15,25,10,5,CLOSED,-,30,20,15,25,20,CLOSED
20250601,17:15,140,90,80,60,140,90,100,CLOSED,70,-,15,25,5,20,-,15,20,15,15,20,20,15,25,10,5,CLOSED,-,25,20,15,20,20,CLOSED
20250601,17:45,120,80,70,50,120,100,100,CLOSED,60,-,-,20,5,30,-,-,25,15,15,25,-,30,10,5,5,CLOSED,-,15,10,15,25,20,CLOSED
20250601,18:15,120,90,-,50,120,100,120,CLOSED,50,-,-,-,-,30,-,-,20,15,25,25,-,15,15,5,5,CLOSED,-,25,20,10,25,20,CLOSED
20250601,18:45,100,80,-,40,120,100,120,CLOSED,30,50,-,-,-,15,-,-,20,15,25,30,-,15,5,5,5,CLOSED,-,10,5,20,30,20,CLOSED
20250601,19:15,100,70,50,40,80,80,100,CLOSED,50,80,-,-,-,15,-,-,10,15,10,20,-,15,10,5,5,CLOSED,-,10,5,5,20,15,CLOSED
20250601,19:45,-,50,40,40,80,70,80,CLOSED,30,60,-,-,-,15,-,-,5,15,10,15,-,15,5,5,5,CLOSED,-,5,5,5,5,5,CLOSED
20250601,20:15,-,40,30,30,-,-,60,CLOSED,20,50,-,-,-,20,-,-,5,15,5,15,-,15,5,5,5,CLOSED,-,5,5,5,5,5,CLOSED
20250601,20:45,-,40,-,-,-,-,30,CLOSED,30,-,5,5,-,20,-,-,5,15,5,10,5,-,10,5,5,CLOSED,-,5,5,5,5,5,CLOSED
20250601,21:15,-,-,-,-,-,-,-,CLOSED,-,-,-,-,-,-,-,-,-,-,-,-,-,-,-,-,-,CLOSED,-,-,-,-,-,-,CLOSED
20250601,21:45,-,-,-,-,-,-,-,CLOSED,-,-,-,-,-,-,-,-,-,-,-,-,-,-,-,-,-,CLOSED,-,-,-,-,-,-,CLOSED
20250602,07:15,-,-,-,-,-,-,-,CLOSED,-,-,-,-,-,-,-,-,-,-,-,-,-,-,-,-,-,CLOSED,-,-,-,-,-,-,CLOSED
20250602,07:45,-,-,-,-,-,-,-,CLOSED,-,-,-,-,-,-,-,-,-,-,-,-,-,-,-,-,-,CLOSED,-,-,-,-,-,-,CLOSED
20250602,08:15,-,-,-,-,-,-,-,CLOSED,-,-,-,-,-,-,-,-,-,-,-,-,-,-,-,-,-,CLOSED,-,-,-,-,-,-,CLOSED
20250602,08:45,-,-,-,-,-,-,-,CLOSED,-,-,-,-,-,-,-,-,-,-,-,-,-,-,-,-,-,CLOSED,-,-,-,-,-,-,CLOSED
20250602,09:15,60,20,5,15,70,10,-,CLOSED,5,20,5,5,-,20,-,-,5,15,5,5,5,-,5,5,-,CLOSED,-,5,5,5,5,5,CLOSED
20250602,09:45,180,140,70,50,140,50,30,CLOSED,5,60,20,5,-,20,-,-,5,15,5,5,5,-,5,5,-,CLOSED,-,5,5,5,5,5,CLOSED
20250602,10:15,200,100,90,70,140,90,120,CLOSED,60,90,-,-,-,20,-,-,20,15,15,5,-,15,20,5,5,CLOSED,-,15,10,10,5,5,CLOSED
20250602,10:45,180,120,120,70,140,120,140,CLOSED,70,140,-,-,-,40,-,-,30,30,40,5,-,15,25,5,5,CLOSED,-,30,20,20,20,20,CLOSED
20250602,11:15,180,120,120,70,160,120,120,CLOSED,70,160,15,15,-,50,-,5,30,100,50,20,5,15,25,5,5,CLOSED,-,50,25,25,30,40,CLOSED
20250602,11:45,180,120,90,60,140,120,120,CLOSED,90,120,20,30,-,50,-,15,35,80,50,20,5,30,30,15,5,CLOSED,-,40,40,25,50,25,CLOSED
20250602,12:15,180,120,100,60,140,140,120,CLOSED,80,160,20,25,10,50,-,10,30,40,40,25,10,30,30,15,15,CLOSED,-,40,25,30,40,30,CLOSED
20250602,12:45,180,120,120,70,140,120,120,CLOSED,90,160,-,-,10,30,-,-,15,50,40,25,-,30,30,20,15,CLOSED,-,40,30,30,40,25,CLOSED
20250602,13:15,180,140,120,70,140,100,120,CLOSED,90,140,-,-,10,30,5,-,30,50,40,25,-,30,30,20,20,CLOSED,-,40,30,25,40,30,CLOSED
20250602,13:45,160,120,100,60,180,100,140,CLOSED,90,120,15,10,5,30,10,5,25,50,40,25,10,45,40,15,20,CLOSED,-,40,25,25,40,30,CLOSED
20250602,14:15,140,100,100,70,160,120,140,CLOSED,90,100,15,25,15,40,5,15,25,50,50,25,25,30,40,15,20,CLOSED,-,40,30,20,40,30,CLOSED
20250602,14:45,140,120,100,70,160,140,120,CLOSED,100,140,-,-,15,40,5,-,25,30,50,25,-,45,30,15,20,CLOSED,-,40,40,25,40,25,CLOSED
20250602,15:15,140,140,100,70,160,140,100,CLOSED,80,140,-,-,15,40,15,-,30,60,40,30,-,30,40,15,20,CLOSED,-,40,40,30,40,30,CLOSED
20250602,15:45,240,140,100,70,140,140,120,CLOSED,90,140,-,-,15,50,5,-,25,50,40,30,-,30,30,15,15,CLOSED,-,40,20,25,40,30,CLOSED
20250602,16:15,180,140,120,70,140,140,140,CLOSED,100,120,25,30,15,40,5,20,25,40,40,25,30,30,30,15,15,CLOSED,-,50,40,25,40,40,CLOSED
20250602,16:45,180,140,120,70,160,140,140,CLOSED,100,100,15,30,15,40,10,25,30,40,40,30,30,30,40,15,15,CLOSED,-,40,30,20,30,25,CLOSED
20250602,17:15,160,140,120,70,140,140,140,CLOSED,80,120,25,35,10,40,5,20,20,30,40,25,25,30,30,10,10,CLOSED,-,40,25,20,30,20,CLOSED
20250602,17:45,160,120,90,60,120,120,140,CLOSED,80,120,-,-,10,40,5,-,25,20,40,25,-,30,20,5,10,CLOSED,-,40,25,15,30,20,CLOSED
20250602,18:15,140,90,90,70,120,140,120,CLOSED,70,120,-,-,-,20,25,-,25,20,30,25,-,15,30,5,10,CLOSED,-,40,25,20,30,25,CLOSED
20250602,18:45,-,100,-,40,140,120,100,CLOSED,70,80,-,-,-,30,20,-,20,20,30,25,-,15,25,5,10,CLOSED,-,30,20,15,25,20,CLOSED
20250602,19:15,-,90,-,60,100,120,90,CLOSED,80,-,-,-,-,20,-,-,15,15,30,20,-,15,20,5,5,CLOSED,-,30,15,10,15,10,CLOSED
20250602,19:45,-,70,-,50,100,-,80,CLOSED,70,-,-,-,-,15,-,-,5,15,25,20,-,15,15,5,5,CLOSED,-,25,10,10,15,10,CLOSED
20250602,20:15,-,50,30,40,-,-,-,CLOSED,-,-,-,-,-,15,-,-,10,15,20,15,-,15,25,5,5,CLOSED,-,30,15,10,10,5,CLOSED
20250602,20:45,-,-,-,-,-,-,-,CLOSED,-,-,5,25,-,15,-,-,5,20,20,20,5,-,15,5,5,CLOSED,-,-,15,5,15,10,CLOSED
20250602,21:15,-,-,-,-,-,-,-,CLOSED,-,-,-,-,-,-,-,-,-,-,-,-,-,-,-,-,-,CLOSED,-,-,-,-,-,-,CLOSED
20250602,21:45,-,-,-,-,-,-,-,CLOSED,-,-,-,-,-,-,-,-,-,-,-,-,-,-,-,-,-,CLOSED,-,-,-,-,-,-,CLOSED
20250603,07:15,-,-,-,-,-,-,-,CLOSED,-,-,-,-,-,-,-,-,-,-,-,-,-,-,-,-,-,CLOSED,-,-,-,-,-,-,CLOSED
20250603,07:45,-,-,-,-,-,-,-,CLOSED,-,-,-,-,-,-,-,-,-,-,-,-,-,-,-,-,-,CLOSED,-,-,-,-,-,-,CLOSED
20250603,08:15,-,-,-,-,-,-,-,CLOSED,-,-,-,-,-,-,-,-,-,-,-,-,-,-,-,-,-,CLOSED,-,-,-,-,-,-,CLOSED
20250603,08:45,-,-,-,-,-,-,-,CLOSED,-,-,-,-,-,-,-,-,-,-,-,-,-,-,-,-,-,CLOSED,-,-,-,-,-,-,CLOSED
20250603,09:15,30,10,10,15,40,10,10,CLOSED,5,5,5,5,-,5,-,-,5,15,5,5,5,-,5,5,-,CLOSED,-,5,5,5,5,5,CLOSED
20250603,09:45,120,50,25,15,60,30,50,CLOSED,5,40,10,5,-,15,-,-,5,15,5,5,5,-,5,5,-,CLOSED,-,5,5,5,5,5,CLOSED
20250603,10:15,120,70,50,-,120,60,60,CLOSED,10,40,-,5,-,20,-,-,10,15,5,5,-,5,5,5,5,CLOSED,-,5,5,5,5,5,CLOSED
20250603,10:45,140,100,-,40,90,60,60,CLOSED,30,80,5,5,-,15,-,-,20,20,5,5,5,5,5,5,5,CLOSED,-,5,5,5,10,5,CLOSED
20250603,11:15,140,100,40,25,80,50,60,CLOSED,10,70,5,5,-,15,-,5,15,15,5,5,5,5,5,5,5,CLOSED,-,5,5,5,10,10,CLOSED
20250603,11:45,140,90,50,30,70,40,40,CLOSED,10,60,5,5,-,15,-,5,25,30,5,10,5,15,5,5,5,CLOSED,-,5,5,5,10,15,CLOSED
20250603,12:15,100,80,40,30,70,40,60,CLOSED,15,50,5,5,5,15,-,5,10,15,5,10,5,15,5,5,5,CLOSED,-,5,5,5,10,10,CLOSED
20250603,12:45,90,60,40,25,60,40,60,CLOSED,5,50,5,5,5,15,-,5,15,15,5,10,5,15,5,5,5,CLOSED,-,5,5,5,15,5,CLOSED
20250603,13:15,100,50,50,25,70,60,50,CLOSED,10,70,5,5,5,15,5,5,20,15,5,15,5,15,5,5,5,CLOSED,-,5,5,5,20,10,CLOSED
20250603,13:45,90,70,40,40,70,60,40,CLOSED,30,60,5,5,5,15,5,5,10,15,10,15,5,15,5,5,5,CLOSED,-,5,5,5,20,10,CLOSED
20250603,14:15,100,60,60,30,70,60,60,CLOSED,5,70,5,5,5,20,5,5,10,15,5,15,5,15,5,5,5,CLOSED,-,5,5,5,20,20,CLOSED
20250603,14:45,120,50,50,40,50,60,60,CLOSED,20,50,5,5,5,15,5,-,20,30,5,10,-,15,5,5,5,CLOSED,-,5,5,5,20,20,CLOSED
20250603,15:15,120,60,-,30,70,60,60,CLOSED,15,50,5,5,5,20,5,5,20,20,5,25,5,15,5,5,5,CLOSED,-,5,5,10,20,15,CLOSED
20250603,15:45,100,50,-,-,70,50,50,CLOSED,15,50,5,5,5,20,5,5,10,20,5,15,15,15,5,5,5,CLOSED,-,10,5,5,20,15,CLOSED
20250603,16:15,120,40,15,-,100,50,60,CLOSED,10,50,5,5,5,20,5,5,10,20,5,15,15,15,5,5,5,CLOSED,-,10,5,5,20,15,CLOSED
20250603,16:45,100,30,50,20,100,60,70,CLOSED,5,60,5,5,5,20,5,5,20,20,5,15,10,15,5,5,5,CLOSED,-,10,5,10,20,15,CLOSED
20250603,17:15,80,30,30,40,70,60,60,CLOSED,15,50,5,5,5,15,5,5,10,20,5,15,10,15,5,5,5,CLOSED,-,10,5,5,15,15,CLOSED
20250603,17:45,90,30,30,30,50,50,50,CLOSED,10,40,-,5,5,20,5,-,15,20,5,15,10,15,5,5,5,CLOSED,-,5,5,5,10,5,CLOSED
20250603,18:15,90,20,30,20,60,60,50,CLOSED,10,30,-,-,-,15,5,-,15,15,5,20,-,15,5,5,5,CLOSED,-,5,5,5,10,5,CLOSED
20250603,18:45,80,25,30,25,50,50,30,CLOSED,5,40,-,-,-,15,5,-,5,15,5,15,-,15,5,5,5,CLOSED,-,5,5,5,15,5,CLOSED
20250603,19:15,70,10,25,25,50,40,40,CLOSED,5,25,-,-,-,20,-,-,5,15,5,15,-,15,5,5,5,CLOSED,-,5,5,5,5,5,CLOSED
20250603,19:45,50,10,15,20,40,40,30,CLOSED,5,30,-,-,-,20,-,-,5,15,5,15,-,15,5,5,5,CLOSED,-,5,5,5,5,5,CLOSED
20250603,20:15,40,10,10,20,40,40,50,CLOSED,5,20,-,-,-,15,-,-,5,15,5,15,-,15,5,5,5,CLOSED,-,5,5,5,5,5,CLOSED
20250603,20:45,25,10,5,15,20,20,25,CLOSED,5,15,5,5,-,20,-,-,5,15,5,5,5,-,5,5,5,CLOSED,-,5,5,5,5,5,CLOSED
20250603,21:15,-,-,-,-,-,-,-,CLOSED,-,-,-,-,-,-,-,-,-,-,-,-,-,-,-,-,-,CLOSED,-,-,-,-,-,-,CLOSED
20250603,21:45,-,-,-,-,-,-,-,CLOSED,-,-,-,-,-,-,-,-,-,-,-,-,-,-,-,-,-,CLOSED,-,-,-,-,-,-,CLOSED
20250604,07:15,-,-,-,-,-,-,-,CLOSED,-,-,-,-,-,-,-,-,-,-,-,-,-,-,-,-,-,CLOSED,-,-,-,-,-,-,CLOSED
20250604,07:45,-,-,-,-,-,-,-,CLOSED,-,-,-,-,-,-,-,-,-,-,-,-,-,-,-,-,-,CLOSED,-,-,-,-,-,-,CLOSED
20250604,08:15,-,-,-,-,-,-,-,CLOSED,-,-,-,-,-,-,-,-,-,-,-,-,-,-,-,-,-,CLOSED,-,-,-,-,-,-,CLOSED
20250604,08:45,-,-,-,-,-,-,-,CLOSED,-,-,-,-,-,-,-,-,-,-,-,-,-,-,-,-,-,CLOSED,-,-,-,-,-,-,CLOSED
20250604,09:15,40,10,5,20,50,15,10,CLOSED,5,5,5,5,-,5,-,-,5,15,5,5,5,-,5,5,-,CLOSED,-,5,5,5,5,5,CLOSED
20250604,09:45,140,90,-,40,120,40,70,CLOSED,15,50,20,5,-,20,-,-,5,15,5,5,5,-,5,5,-,CLOSED,-,5,5,5,5,5,CLOSED
20250604,10:15,200,120,-,70,120,80,70,CLOSED,70,80,-,-,-,15,-,-,15,15,5,5,-,15,10,5,5,CLOSED,-,10,5,5,5,5,CLOSED
20250604,10:45,200,120,40,70,100,80,90,CLOSED,70,100,-,-,-,30,-,-,25,15,25,10,-,15,15,5,5,CLOSED,-,25,10,15,15,15,CLOSED
20250604,11:15,160,100,90,60,100,80,80,CLOSED,40,100,10,5,-,20,-,5,20,30,30,10,5,15,20,5,5,CLOSED,-,15,15,15,20,15,CLOSED
20250604,11:45,120,80,80,50,100,80,70,CLOSED,60,90,10,10,-,15,-,5,25,30,30,15,5,15,20,5,5,CLOSED,-,15,10,10,25,15,CLOSED
20250604,12:15,120,80,70,50,100,80,50,CLOSED,60,90,10,10,5,20,-,5,20,30,30,15,5,15,10,5,5,CLOSED,-,25,10,10,20,20,CLOSED
20250604,12:45,120,80,60,50,80,90,60,CLOSED,60,80,-,5,5,15,-,-,20,30,20,15,-,15,15,5,5,CLOSED,-,20,15,10,20,15,CLOSED
20250604,13:15,140,80,60,50,80,80,60,CLOSED,60,80,-,-,5,15,5,-,25,20,20,20,-,15,15,5,5,CLOSED,-,15,10,10,20,20,CLOSED
20250604,13:45,160,80,-,50,120,70,70,CLOSED,60,80,10,5,5,15,5,5,25,20,25,20,5,15,15,5,5,CLOSED,-,30,10,10,20,15,CLOSED
20250604,14:15,160,100,-,70,100,70,80,CLOSED,70,80,15,5,5,15,5,5,15,20,25,15,10,15,25,10,5,CLOSED,-,25,15,20,25,20,CLOSED
20250604,14:45,160,100,80,-,100,90,70,CLOSED,70,100,-,15,10,15,5,5,25,20,25,20,-,15,20,5,5,CLOSED,-,20,15,20,30,20,CLOSED
20250604,15:15,160,90,-,40,140,90,90,CLOSED,60,90,-,-,5,15,5,-,20,20,40,30,-,15,20,5,5,CLOSED,-,30,15,15,20,20,CLOSED
20250604,15:45,140,100,-,70,120,90,70,CLOSED,70,80,-,-,5,20,5,-,20,30,-,30,-,15,20,5,5,CLOSED,-,30,20,15,20,20,CLOSED
20250604,16:15,140,100,120,50,100,80,80,CLOSED,90,80,10,10,5,25,5,10,15,20,-,25,15,15,20,5,5,CLOSED,-,30,15,15,25,20,CLOSED
20250604,16:45,140,100,100,50,100,80,80,CLOSED,60,80,15,25,5,30,5,15,25,-,15,15,25,30,10,5,5,CLOSED,-,25,10,10,20,20,CLOSED
20250604,17:15,120,90,70,50,120,70,70,CLOSED,70,70,20,25,5,15,5,20,20,20,25,15,25,15,15,5,5,CLOSED,-,25,15,10,25,15,CLOSED
20250604,17:45,100,70,70,50,100,90,90,CLOSED,50,70,-,-,5,15,5,-,15,15,25,20,-,15,20,5,5,CLOSED,-,25,10,10,10,10,CLOSED
20250604,18:15,100,70,70,50,80,80,80,CLOSED,60,70,-,-,-,15,5,-,20,30,25,20,-,15,15,5,5,CLOSED,-,15,10,5,15,10,CLOSED
20250604,18:45,100,80,70,50,80,80,60,CLOSED,50,70,-,-,-,20,5,-,20,15,20,20,-,15,10,5,5,CLOSED,-,25,10,5,15,10,CLOSED
20250604,19:15,80,60,40,40,80,70,40,CLOSED,50,60,-,-,-,20,-,-,10,15,10,20,-,15,10,5,5,CLOSED,-,15,10,5,15,5,CLOSED
20250604,19:45,80,60,50,30,70,60,30,CLOSED,15,50,-,-,-,15,-,-,5,15,5,15,-,15,5,5,5,CLOSED,-,5,5,5,5,5,CLOSED
20250604,20:15,-,30,30,30,-,-,50,CLOSED,30,40,-,-,-,20,-,-,5,15,5,15,-,15,5,5,5,CLOSED,-,5,5,5,5,5,CLOSED
20250604,20:45,-,30,-,-,-,-,40,CLOSED,40,30,5,25,-,15,-,-,5,15,5,15,5,-,5,5,5,CLOSED,-,5,5,5,5,5,CLOSED
20250604,21:15,-,-,-,-,-,-,-,CLOSED,-,-,-,-,-,-,-,-,-,-,-,-,-,-,-,-,-,CLOSED,-,-,-,-,-,-,CLOSED
20250604,21:45,-,-,-,-,-,-,-,CLOSED,-,-,-,-,-,-,-,-,-,-,-,-,-,-,-,-,-,CLOSED,-,-,-,-,-,-,CLOSED
20250605,07:15,-,-,-,-,-,-,-,CLOSED,-,-,-,-,-,-,-,-,-,-,-,-,-,-,-,-,-,CLOSED,-,-,-,-,-,-,CLOSED
20250605,07:45,-,-,-,-,-,-,-,CLOSED,-,-,-,-,-,-,-,-,-,-,-,-,-,-,-,-,-,CLOSED,-,-,-,-,-,-,CLOSED
20250605,08:15,-,-,-,-,-,-,-,CLOSED,-,-,-,-,-,-,-,-,-,-,-,-,-,-,-,-,-,CLOSED,-,-,-,-,-,-,CLOSED
20250605,08:45,-,-,-,-,-,-,-,CLOSED,-,-,-,-,-,-,-,-,-,-,-,-,-,-,-,-,-,CLOSED,-,-,-,-,-,-,CLOSED
20250605,09:15,40,5,5,5,40,10,20,CLOSED,5,5,5,5,-,10,-,-,5,15,5,5,5,-,5,5,-,CLOSED,-,5,5,5,5,5,CLOSED
20250605,09:45,160,90,40,40,90,50,60,CLOSED,10,50,-,5,-,15,-,-,5,15,5,5,5,-,5,5,-,CLOSED,-,5,5,5,5,5,CLOSED
20250605,10:15,160,100,80,60,120,60,80,CLOSED,60,80,-,-,-,20,-,-,20,15,5,5,-,15,5,5,5,CLOSED,-,5,5,5,5,5,CLOSED
20250605,10:45,160,100,70,60,140,90,70,CLOSED,60,90,-,-,-,30,-,-,30,20,30,10,-,15,15,5,5,CLOSED,-,20,10,5,10,10,CLOSED
20250605,11:15,160,90,60,50,120,90,60,CLOSED,60,100,5,5,-,30,-,5,25,30,30,10,5,15,15,5,5,CLOSED,-,20,10,10,15,15,CLOSED
20250605,11:45,120,90,70,40,90,70,70,CLOSED,70,90,10,10,-,20,-,5,25,40,30,15,5,15,15,5,5,CLOSED,-,20,10,15,20,15,CLOSED
20250605,12:15,120,70,70,50,90,100,60,CLOSED,70,100,5,10,5,15,-,5,20,20,30,20,10,15,15,5,5,CLOSED,-,20,10,10,20,15,CLOSED
20250605,12:45,120,80,80,60,100,140,60,CLOSED,40,120,10,5,5,20,-,5,20,40,25,15,-,15,10,5,5,CLOSED,-,20,10,20,25,25,CLOSED
20250605,13:15,120,80,60,40,100,140,70,CLOSED,60,100,-,-,5,20,5,-,20,30,30,25,-,15,10,5,5,CLOSED,-,20,15,20,25,20,CLOSED
20250605,13:45,140,90,60,50,100,100,70,CLOSED,70,120,5,10,5,20,5,5,25,40,30,25,10,15,10,5,5,CLOSED,-,20,15,10,20,10,CLOSED
20250605,14:15,140,90,80,50,100,80,60,CLOSED,60,100,10,5,5,15,5,5,15,30,25,20,15,15,10,5,5,CLOSED,-,30,15,10,20,15,CLOSED
20250605,14:45,140,100,70,40,100,120,80,CLOSED,70,100,-,15,5,20,5,-,25,40,30,25,-,15,25,5,5,CLOSED,-,25,15,15,25,20,CLOSED
20250605,15:15,140,90,60,50,120,120,80,CLOSED,70,120,-,-,5,20,5,-,25,40,30,25,-,15,20,5,5,CLOSED,-,25,15,20,25,25,CLOSED
20250605,15:45,140,100,-,50,140,120,80,CLOSED,70,100,-,-,5,20,5,-,20,50,30,25,-,15,20,5,5,CLOSED,-,25,15,20,25,25,CLOSED
20250605,16:15,120,120,-,50,140,140,90,CLOSED,70,120,10,20,5,15,5,5,20,60,30,20,20,15,15,10,5,CLOSED,-,25,15,20,25,15,CLOSED
20250605,16:45,120,120,70,50,140,140,80,CLOSED,60,100,25,25,5,20,5,10,20,60,25,25,30,15,15,5,5,CLOSED,-,15,15,20,25,15,CLOSED
20250605,17:15,120,90,50,50,120,120,70,CLOSED,60,100,20,25,5,20,5,10,20,30,25,20,30,15,15,5,5,CLOSED,-,25,15,10,10,15,CLOSED
20250605,17:45,120,100,50,50,90,100,70,CLOSED,60,90,-,-,5,15,5,-,15,20,20,20,-,15,15,5,5,CLOSED,-,15,10,10,25,10,CLOSED
20250605,18:15,120,90,40,50,100,100,70,CLOSED,60,60,-,-,-,15,5,-,20,30,20,25,-,15,15,5,5,CLOSED,-,25,5,5,20,10,CLOSED
20250605,18:45,100,80,50,40,120,80,50,CLOSED,60,80,-,-,-,15,5,-,10,15,20,20,-,15,15,5,5,CLOSED,-,15,10,5,10,10,CLOSED
20250605,19:15,90,60,50,40,80,80,50,CLOSED,60,50,-,-,-,15,-,-,10,15,15,20,-,15,10,5,5,CLOSED,-,15,10,5,15,5,CLOSED
20250605,19:45,80,50,20,40,60,70,30,CLOSED,30,40,-,-,-,15,-,-,5,15,5,15,-,15,5,5,5,CLOSED,-,5,5,5,5,5,CLOSED
20250605,20:15,60,30,15,30,-,60,40,CLOSED,30,30,-,-,-,15,-,-,5,15,5,15,-,15,5,5,5,CLOSED,-,5,5,5,5,5,CLOSED
20250605,20:45,-,-,-,-,-,-,-,CLOSED,40,-,-,-,-,15,-,-,5,15,5,20,-,-,5,5,5,CLOSED,-,5,5,5,5,5,CLOSED
20250605,21:15,-,-,-,-,-,-,-,CLOSED,-,-,-,-,-,-,-,-,-,-,-,-,-,-,-,-,-,CLOSED,-,-,-,-,-,-,CLOSED
20250605,21:45,-,-,-,-,-,-,-,CLOSED,-,-,-,-,-,-,-,-,-,-,-,-,-,-,-,-,-,CLOSED,-,-,-,-,-,-,CLOSED
20250606,07:15,-,-,-,-,-,-,-,CLOSED,-,-,-,-,-,-,-,-,-,-,-,-,-,-,-,-,-,CLOSED,-,-,-,-,-,-,CLOSED
20250606,07:45,-,-,-,-,-,-,-,CLOSED,-,-,-,-,-,-,-,-,-,-,-,-,-,-,-,-,-,CLOSED,-,-,-,-,-,-,CLOSED
20250606,08:15,-,-,-,-,-,-,-,CLOSED,-,-,-,-,-,-,-,-,-,-,-,-,-,-,-,-,-,CLOSED,-,-,-,-,-,-,CLOSED
20250606,08:45,-,-,-,-,-,-,-,CLOSED,-,-,-,-,-,-,-,-,-,-,-,-,-,-,-,-,-,CLOSED,-,-,-,-,-,-,CLOSED
20250606,09:15,40,10,5,5,50,15,25,CLOSED,5,5,5,5,-,10,-,-,5,15,5,5,5,-,5,5,-,CLOSED,-,5,5,5,5,5,CLOSED
20250606,09:45,180,90,40,50,120,50,100,CLOSED,5,50,-,5,-,15,-,-,5,15,5,5,5,-,5,5,-,CLOSED,-,5,5,5,5,5,CLOSED
20250606,10:15,200,90,70,60,140,70,120,CLOSED,50,70,-,-,-,15,-,-,10,15,10,5,-,15,5,5,5,CLOSED,-,10,5,5,5,5,CLOSED
20250606,10:45,200,100,80,60,120,100,100,CLOSED,60,100,-,-,-,40,-,-,30,15,25,10,-,15,20,5,5,CLOSED,-,15,15,5,10,10,CLOSED
20250606,11:15,180,120,90,60,120,120,90,CLOSED,60,140,15,15,-,15,-,5,25,40,40,10,5,15,20,5,5,CLOSED,-,30,20,15,20,20,CLOSED
20250606,11:45,140,100,80,60,100,100,80,CLOSED,50,120,10,20,-,40,-,5,25,40,40,20,5,15,20,5,5,CLOSED,-,25,15,20,30,20,CLOSED
20250606,12:15,140,100,100,50,120,100,80,CLOSED,70,100,15,10,5,15,-,5,25,40,40,15,15,15,20,5,5,CLOSED,-,30,20,15,30,20,CLOSED
20250606,12:45,160,100,90,60,120,100,100,CLOSED,60,80,-,15,5,30,-,-,20,15,25,20,-,30,20,10,5,CLOSED,-,30,20,20,25,20,CLOSED
20250606,13:15,180,90,80,60,120,100,120,CLOSED,50,120,-,-,5,30,5,-,30,30,30,25,-,30,25,10,10,CLOSED,-,30,20,20,40,20,CLOSED
20250606,13:45,160,90,100,60,120,100,90,CLOSED,60,80,15,10,5,25,5,5,20,30,40,25,5,15,15,5,5,CLOSED,-,25,15,20,30,20,CLOSED
20250606,14:15,160,90,80,60,120,70,90,CLOSED,70,100,10,20,5,40,5,5,20,60,30,20,25,30,20,5,5,CLOSED,-,25,15,20,30,25,CLOSED
20250606,14:45,140,100,80,50,100,70,90,CLOSED,60,90,-,-,5,40,5,-,25,50,30,25,-,30,25,5,5,CLOSED,-,25,20,20,30,25,CLOSED
20250606,15:15,140,90,80,50,120,80,120,CLOSED,50,80,-,-,5,40,5,-,25,30,30,30,-,15,25,15,10,CLOSED,-,30,20,20,25,25,CLOSED
20250606,15:45,160,100,80,50,120,80,120,CLOSED,60,80,-,-,5,30,5,-,20,20,40,25,-,15,20,5,10,CLOSED,-,30,20,15,30,15,CLOSED
20250606,16:15,140,120,70,50,120,100,90,CLOSED,60,80,20,20,5,30,5,10,20,30,25,20,25,30,30,5,5,CLOSED,-,30,15,15,25,20,CLOSED
20250606,16:45,140,120,90,60,120,90,90,CLOSED,60,80,25,35,5,40,5,5,25,20,25,20,25,15,20,5,5,CLOSED,-,30,20,15,25,15,CLOSED
20250606,17:15,140,100,80,60,120,100,100,CLOSED,50,80,25,25,5,20,5,20,20,15,25,20,25,15,15,5,5,CLOSED,-,25,20,10,25,10,CLOSED
20250606,17:45,120,120,60,60,140,100,100,CLOSED,60,80,-,-,5,15,5,-,20,15,25,25,-,15,20,5,5,CLOSED,-,25,15,15,20,15,CLOSED
20250606,18:15,120,90,60,60,120,90,80,CLOSED,50,70,-,-,-,30,5,-,25,15,25,25,-,15,15,5,5,CLOSED,-,20,15,15,25,15,CLOSED
20250606,18:45,140,80,50,50,100,100,90,CLOSED,50,50,-,-,-,15,5,-,15,15,20,20,-,15,15,5,5,CLOSED,-,15,15,15,20,20,CLOSED
20250606,19:15,120,80,40,50,90,120,80,CLOSED,50,50,-,-,-,15,-,-,10,15,20,20,-,15,20,5,5,CLOSED,-,15,10,5,10,10,CLOSED
20250606,19:45,-,70,50,50,-,-,80,CLOSED,25,60,-,-,-,15,-,-,30,15,5,20,-,15,5,5,5,CLOSED,-,15,10,5,10,5,CLOSED
20250606,20:15,-,60,40,-,-,-,60,CLOSED,40,50,5,15,-,20,-,-,5,15,15,15,5,15,15,5,5,CLOSED,-,20,10,5,15,10,CLOSED
20250606,20:45,-,-,25,-,-,-,30,CLOSED,-,-,5,-,-,20,-,-,5,15,10,15,15,-,15,5,5,CLOSED,-,10,10,5,10,15,CLOSED
20250606,21:15,-,-,-,-,-,-,-,CLOSED,-,-,-,-,-,-,-,-,-,-,-,-,-,-,-,-,-,CLOSED,-,-,-,-,-,-,CLOSED
20250606,21:45,-,-,-,-,-,-,-,CLOSED,-,-,-,-,-,-,-,-,-,-,-,-,-,-,-,-,-,CLOSED,-,-,-,-,-,-,CLOSED
20250607,07:15,-,-,-,-,-,-,-,CLOSED,-,-,-,-,-,-,-,-,-,-,-,-,-,-,-,-,-,CLOSED,-,-,-,-,-,-,CLOSED
20250607,07:45,-,-,-,-,-,-,-,CLOSED,-,-,-,-,-,-,-,-,-,-,-,-,-,-,-,-,-,CLOSED,-,-,-,-,-,-,CLOSED
20250607,08:15,-,-,-,-,-,-,-,CLOSED,-,-,-,-,-,-,-,-,-,-,-,-,-,-,-,-,-,CLOSED,-,-,-,-,-,-,CLOSED
20250607,08:45,-,-,-,-,-,-,-,CLOSED,-,-,-,-,-,-,-,-,-,-,-,-,-,-,-,-,-,CLOSED,-,-,-,-,-,-,CLOSED
20250607,09:15,80,40,20,30,90,20,80,CLOSED,5,40,15,5,-,20,-,-,5,15,5,5,5,-,5,5,-,CLOSED,-,5,5,5,5,5,CLOSED
20250607,09:45,200,100,100,70,120,70,120,CLOSED,60,80,-,5,-,15,-,-,10,15,5,5,5,-,5,-,-,CLOSED,-,5,5,5,5,5,CLOSED
20250607,10:15,180,120,100,70,160,120,140,CLOSED,60,140,-,-,-,40,-,-,20,15,25,5,-,15,30,5,5,CLOSED,-,25,15,5,10,5,CLOSED
20250607,10:45,180,120,100,60,160,160,120,CLOSED,70,120,-,-,-,30,-,-,30,40,50,10,-,15,20,5,5,CLOSED,-,25,20,15,30,10,CLOSED
20250607,11:15,200,140,100,70,160,140,120,CLOSED,100,160,25,10,-,40,-,5,40,40,50,20,5,15,20,10,5,CLOSED,-,30,20,20,30,25,CLOSED
20250607,11:45,200,100,100,70,140,100,90,CLOSED,80,140,20,20,-,40,-,15,30,50,40,20,5,30,20,15,5,CLOSED,-,30,20,20,40,30,CLOSED
20250607,12:15,200,100,100,70,140,140,100,CLOSED,80,140,15,15,5,20,-,15,15,70,30,20,10,30,20,20,10,CLOSED,-,30,20,20,30,20,CLOSED
20250607,12:45,180,90,100,60,140,160,120,CLOSED,70,120,-,15,5,25,-,-,20,40,30,25,-,30,30,20,10,CLOSED,-,30,20,25,30,25,CLOSED
20250607,13:15,160,90,100,60,140,120,120,CLOSED,80,120,-,-,15,30,5,-,30,40,25,25,-,30,25,15,5,CLOSED,-,40,25,20,25,20,CLOSED
20250607,13:45,160,100,100,60,160,100,120,CLOSED,80,160,15,20,15,30,5,5,20,30,40,25,15,45,25,15,10,CLOSED,-,30,25,15,40,20,CLOSED
20250607,14:15,180,120,120,70,160,120,120,CLOSED,80,160,15,25,15,40,5,25,25,30,30,25,25,30,25,20,10,CLOSED,-,40,20,15,25,25,CLOSED
20250607,14:45,160,120,100,70,140,120,100,CLOSED,80,120,-,-,10,50,5,-,25,30,40,25,-,30,25,20,10,CLOSED,-,30,25,20,40,25,CLOSED
20250607,15:15,160,100,100,70,160,100,140,CLOSED,70,100,-,-,15,40,15,-,30,60,30,30,-,30,30,15,10,CLOSED,-,40,25,25,30,25,CLOSED
20250607,15:45,160,100,120,70,140,120,140,CLOSED,70,140,-,-,15,50,10,-,25,30,40,25,-,45,30,15,10,CLOSED,-,30,20,15,25,25,CLOSED
20250607,16:15,160,120,120,70,160,140,120,CLOSED,90,120,20,30,15,40,5,10,25,50,30,25,30,30,25,20,10,CLOSED,-,30,15,20,30,30,CLOSED
20250607,16:45,160,120,120,70,160,160,120,CLOSED,80,140,25,40,20,40,20,20,25,30,40,25,30,30,30,15,10,CLOSED,-,30,30,20,25,25,CLOSED
20250607,17:15,180,120,100,70,160,140,140,CLOSED,70,120,35,40,15,40,5,-,20,20,25,25,30,45,30,20,15,CLOSED,-,40,25,10,30,15,CLOSED
20250607,17:45,160,120,100,70,140,120,140,CLOSED,70,120,-,-,15,50,5,-,30,30,25,30,-,30,30,15,10,CLOSED,-,30,20,15,30,25,CLOSED
20250607,18:15,140,120,100,80,140,140,120,CLOSED,70,100,-,-,-,40,10,-,25,20,40,25,-,30,25,15,10,CLOSED,-,30,20,20,30,25,CLOSED
20250607,18:45,120,90,80,60,140,120,120,CLOSED,60,100,-,-,-,20,10,-,15,15,30,30,-,15,25,10,10,CLOSED,-,30,25,15,20,20,CLOSED
20250607,19:15,-,80,80,50,120,90,80,CLOSED,50,70,-,-,-,15,-,-,20,15,20,25,-,15,25,5,5,CLOSED,-,15,20,5,20,10,CLOSED
20250607,19:45,-,70,80,50,-,90,80,CLOSED,30,60,-,-,-,20,-,-,10,15,20,20,-,15,25,5,5,CLOSED,-,15,15,5,10,5,CLOSED
20250607,20:15,-,-,50,40,-,-,80,CLOSED,50,-,-,-,-,20,-,-,15,15,15,20,-,15,20,5,5,CLOSED,-,15,10,5,10,5,CLOSED
20250607,20:45,-,-,-,-,-,-,-,CLOSED,-,-,5,-,-,20,-,-,10,15,25,20,5,-,-,10,5,CLOSED,-,-,20,5,20,15,CLOSED
20250607,21:15,-,-,-,-,-,-,-,CLOSED,-,-,-,-,-,-,-,-,-,-,-,-,-,-,-,-,-,CLOSED,-,-,-,-,-,-,CLOSED
20250607,21:45,-,-,-,-,-,-,-,CLOSED,-,-,-,-,-,-,-,-,-,-,-,-,-,-,-,-,-,CLOSED,-,-,-,-,-,-,CLOSED
20250608,07:15,-,-,-,-,-,-,-,CLOSED,-,-,-,-,-,-,-,-,-,-,-,-,-,-,-,-,-,CLOSED,-,-,-,-,-,-,CLOSED
20250608,07:45,-,-,-,-,-,-,-,CLOSED,-,-,-,-,-,-,-,-,-,-,-,-,-,-,-,-,-,CLOSED,-,-,-,-,-,-,CLOSED
20250608,08:15,-,-,-,-,-,-,-,CLOSED,-,-,-,-,-,-,-,-,-,-,-,-,-,-,-,-,-,CLOSED,-,-,-,-,-,-,CLOSED
20250608,08:45,-,-,-,-,-,-,-,CLOSED,-,-,-,-,-,-,-,-,-,-,-,-,-,-,-,-,-,CLOSED,-,-,-,-,-,-,CLOSED
20250608,09:15,-,70,-,30,160,30,90,CLOSED,5,70,10,5,-,20,-,-,5,15,5,5,5,-,5,5,-,CLOSED,-,5,5,5,5,5,CLOSED
20250608,09:45,-,120,120,60,120,70,90,CLOSED,40,70,-,5,-,20,-,-,10,15,5,5,5,-,5,5,-,CLOSED,-,5,5,5,5,5,CLOSED
20250608,10:15,-,140,90,90,140,100,120,CLOSED,70,100,-,-,-,40,-,-,25,30,20,5,-,15,15,5,5,CLOSED,-,25,15,5,20,10,CLOSED
20250608,10:45,-,120,100,80,160,120,120,CLOSED,70,120,-,-,-,30,-,-,30,60,40,10,-,15,20,5,5,CLOSED,-,40,25,10,15,15,CLOSED
20250608,11:15,-,100,100,70,140,120,90,CLOSED,80,120,10,10,-,40,-,5,25,30,25,15,5,15,20,10,5,CLOSED,-,15,20,15,25,20,CLOSED
20250608,11:45,-,90,120,70,120,120,90,CLOSED,60,140,10,15,-,30,-,5,25,20,30,15,5,15,20,5,5,CLOSED,-,25,20,20,30,25,CLOSED
20250608,12:15,-,120,100,70,100,120,100,CLOSED,80,100,10,10,10,15,-,5,15,30,30,15,20,15,20,10,5,CLOSED,-,40,20,15,30,15,CLOSED
20250608,12:45,-,120,90,60,140,120,120,CLOSED,120,100,-,15,10,40,-,-,20,30,30,20,-,30,25,10,5,CLOSED,-,30,20,20,30,20,CLOSED
20250608,13:15,-,120,100,70,140,100,120,CLOSED,70,120,-,-,10,40,5,-,25,40,30,25,-,30,15,10,5,CLOSED,-,30,20,20,30,20,CLOSED
20250608,13:45,-,120,90,70,160,120,-,CLOSED,70,100,15,15,15,40,5,5,20,30,30,15,5,30,15,10,5,CLOSED,-,30,20,20,30,20,CLOSED
20250608,14:15,-,120,90,70,180,100,-,CLOSED,80,100,25,20,5,40,5,5,20,40,30,15,25,30,25,10,5,CLOSED,-,30,20,20,30,20,CLOSED
20250608,14:45,-,100,100,70,140,90,80,CLOSED,60,120,-,25,10,40,5,5,25,40,30,25,-,30,25,15,5,CLOSED,-,30,30,15,30,20,CLOSED
20250608,15:15,-,100,100,80,140,120,140,CLOSED,70,100,-,-,15,40,10,-,20,40,40,25,-,30,25,15,10,CLOSED,-,30,-,15,30,25,CLOSED
20250608,15:45,-,120,90,80,160,120,140,CLOSED,80,120,-,-,5,40,10,-,25,30,30,25,-,15,25,10,5,CLOSED,-,30,20,10,30,15,CLOSED
20250608,16:15,-,120,120,70,180,120,140,CLOSED,60,120,20,25,10,20,10,10,20,30,40,25,20,15,25,10,15,CLOSED,-,25,25,10,20,15,CLOSED
20250608,16:45,-,120,90,60,180,160,140,CLOSED,60,100,5,35,10,40,10,5,20,30,30,25,5,30,30,10,5,CLOSED,-,40,20,15,25,20,CLOSED
20250608,17:15,-,100,90,50,140,180,140,CLOSED,80,80,15,30,10,30,5,20,20,20,30,20,30,15,20,5,5,CLOSED,-,25,20,15,25,25,CLOSED
20250608,17:45,180,120,90,70,120,120,100,CLOSED,60,90,-,-,5,30,5,-,20,15,15,25,-,15,20,5,5,CLOSED,-,25,20,15,25,20,CLOSED
20250608,18:15,180,80,80,70,100,90,90,CLOSED,60,70,-,-,-,30,5,-,20,15,20,20,-,15,25,5,5,CLOSED,-,30,20,5,15,10,CLOSED
20250608,18:45,-,80,70,40,100,60,70,CLOSED,50,50,-,-,-,20,5,-,15,15,20,20,-,15,15,5,5,CLOSED,-,20,20,5,15,10,CLOSED
20250608,19:15,-,80,60,40,90,80,70,CLOSED,30,50,-,-,-,20,-,-,10,15,15,20,-,15,10,5,5,CLOSED,-,15,10,5,15,5,CLOSED
20250608,19:45,-,60,60,40,80,60,70,CLOSED,25,30,-,-,-,20,-,-,5,15,5,20,-,15,10,5,5,CLOSED,-,5,5,5,5,5,CLOSED
20250608,20:15,-,40,-,40,-,-,-,CLOSED,60,-,-,-,-,20,-,-,10,15,10,20,-,15,10,5,5,CLOSED,-,10,5,5,5,5,CLOSED
20250608,20:45,-,-,15,-,-,-,-,CLOSED,-,-,5,-,-,25,-,-,5,15,15,20,5,-,20,5,5,CLOSED,-,-,15,5,10,10,CLOSED
20250608,21:15,-,-,-,-,-,-,-,CLOSED,-,-,-,-,-,-,-,-,-,-,-,-,-,-,-,-,-,CLOSED,-,-,-,-,-,-,CLOSED
20250608,21:45,-,-,-,-,-,-,-,CLOSED,-,-,-,-,-,-,-,-,-,-,-,-,-,-,-,-,-,CLOSED,-,-,-,-,-,-,CLOSED
20250609,07:15,-,-,-,-,-,-,-,CLOSED,-,-,-,-,-,-,-,-,-,-,-,-,-,-,-,-,-,CLOSED,-,-,-,-,-,-,CLOSED
20250609,07:45,-,-,-,-,-,-,-,CLOSED,-,-,-,-,-,-,-,-,-,-,-,-,-,-,-,-,-,CLOSED,-,-,-,-,-,-,CLOSED
20250609,08:15,-,-,-,-,-,-,-,CLOSED,-,-,-,-,-,-,-,-,-,-,-,-,-,-,-,-,-,CLOSED,-,-,-,-,-,-,CLOSED
20250609,08:45,-,-,-,-,-,-,-,CLOSED,-,-,-,-,-,-,-,-,-,-,-,-,-,-,-,-,-,CLOSED,-,-,-,-,-,-,CLOSED
20250609,09:15,-,40,10,15,50,15,20,CLOSED,5,10,5,5,-,20,-,-,5,15,5,5,5,-,5,5,-,CLOSED,-,5,5,5,5,5,CLOSED
20250609,09:45,-,90,70,60,100,50,80,CLOSED,10,60,5,5,-,20,-,-,5,15,5,5,10,-,5,5,-,CLOSED,-,5,5,5,5,5,CLOSED
20250609,10:15,180,100,80,40,160,80,120,CLOSED,60,80,-,-,-,40,-,-,25,15,10,5,-,15,10,5,5,CLOSED,-,5,10,5,5,5,CLOSED
20250609,10:45,180,100,70,70,140,100,90,CLOSED,60,100,-,-,-,20,-,-,30,30,20,10,-,15,15,5,5,CLOSED,-,25,15,5,15,10,CLOSED
20250609,11:15,160,90,80,70,120,80,50,CLOSED,50,90,10,10,-,30,-,5,20,20,30,10,5,15,20,5,5,CLOSED,-,25,20,10,20,10,CLOSED
20250609,11:45,140,-,70,60,90,70,70,CLOSED,50,90,10,10,-,30,-,5,25,20,30,15,5,15,20,5,5,CLOSED,-,25,5,10,15,15,CLOSED
20250609,12:15,140,-,80,60,90,70,60,CLOSED,60,90,10,10,5,15,-,5,20,20,20,15,10,15,20,5,5,CLOSED,-,25,10,10,20,15,CLOSED
20250609,12:45,120,40,80,60,100,80,70,CLOSED,70,80,-,5,5,20,-,-,20,20,25,15,-,15,20,5,5,CLOSED,-,30,10,10,20,15,CLOSED
20250609,13:15,120,120,60,40,120,90,90,CLOSED,50,80,-,-,5,20,5,-,25,20,20,20,-,15,20,5,5,CLOSED,-,30,20,10,15,15,CLOSED
20250609,13:45,140,140,70,60,100,100,90,CLOSED,50,90,10,5,5,20,5,5,15,20,25,20,5,15,20,5,5,CLOSED,-,20,15,10,20,20,CLOSED
20250609,14:15,140,140,70,60,100,100,90,CLOSED,60,100,5,5,5,15,5,5,15,20,30,20,5,15,25,5,5,CLOSED,-,30,15,10,20,15,CLOSED
20250609,14:45,160,120,-,70,100,90,70,CLOSED,70,90,5,15,5,20,5,-,15,-,30,20,-,15,25,5,5,CLOSED,-,30,20,5,25,15,CLOSED
20250609,15:15,160,100,-,60,120,90,80,CLOSED,70,90,-,-,5,30,5,-,25,-,25,30,-,15,25,5,5,CLOSED,-,40,20,20,25,15,CLOSED
20250609,15:45,140,120,40,60,120,100,100,CLOSED,70,80,5,5,5,20,5,5,25,-,20,25,5,30,20,5,5,CLOSED,-,25,15,15,25,25,CLOSED
20250609,16:15,160,140,80,50,120,100,90,CLOSED,70,90,5,10,5,30,5,5,20,-,20,20,15,15,20,5,5,CLOSED,-,20,5,20,30,25,CLOSED
20250609,16:45,160,140,80,40,120,120,90,CLOSED,60,90,10,5,5,40,5,5,25,30,10,20,20,30,20,5,5,CLOSED,-,15,10,15,25,20,CLOSED
20250609,17:15,120,120,70,50,120,120,100,CLOSED,60,70,10,10,5,20,5,5,20,15,5,20,15,15,20,5,5,CLOSED,-,25,10,15,25,15,CLOSED
20250609,17:45,120,90,70,40,100,70,70,CLOSED,60,70,-,5,5,20,5,-,15,15,5,20,15,15,10,5,5,CLOSED,-,15,5,15,20,15,CLOSED
20250609,18:15,120,60,50,40,100,80,70,CLOSED,50,60,-,-,-,15,5,-,20,15,5,20,-,15,10,5,5,CLOSED,-,15,5,10,25,15,CLOSED
20250609,18:45,100,40,40,40,80,50,60,CLOSED,40,60,-,-,-,15,5,-,20,15,10,25,-,15,5,5,5,CLOSED,-,15,5,5,20,15,CLOSED
20250609,19:15,90,60,40,40,80,70,50,CLOSED,25,50,-,-,-,15,-,-,10,15,5,20,-,15,5,5,5,CLOSED,-,10,5,5,15,10,CLOSED
20250609,19:45,90,40,20,30,80,50,30,CLOSED,30,30,-,-,-,20,-,-,5,15,5,20,-,15,10,5,5,CLOSED,-,5,5,5,10,5,CLOSED
20250609,20:15,-,40,-,30,-,-,50,CLOSED,30,40,-,-,-,20,-,-,5,15,5,10,-,15,5,5,5,CLOSED,-,5,5,5,5,5,CLOSED
20250609,20:45,-,40,-,-,-,-,50,CLOSED,20,-,5,10,-,15,-,-,5,15,5,10,5,-,10,5,5,CLOSED,-,5,5,5,5,5,CLOSED
20250609,21:15,-,-,-,-,-,-,-,CLOSED,-,-,-,-,-,-,-,-,-,-,-,-,-,-,-,-,-,CLOSED,-,-,-,-,-,-,CLOSED
20250609,21:45,-,-,-,-,-,-,-,CLOSED,-,-,-,-,-,-,-,-,-,-,-,-,-,-,-,-,-,CLOSED,-,-,-,-,-,-,CLOSED
20250610,07:15,-,-,-,-,-,-,-,CLOSED,-,-,-,-,-,-,-,-,-,-,-,-,-,-,-,-,-,CLOSED,-,-,-,-,-,-,CLOSED
20250610,07:45,-,-,-,-,-,-,-,CLOSED,-,-,-,-,-,-,-,-,-,-,-,-,-,-,-,-,-,CLOSED,-,-,-,-,-,-,CLOSED
20250610,08:15,-,-,-,-,-,-,-,CLOSED,-,-,-,-,-,-,-,-,-,-,-,-,-,-,-,-,-,CLOSED,-,-,-,-,-,-,CLOSED
20250610,08:45,-,-,-,-,-,-,-,CLOSED,-,-,-,-,-,-,-,-,-,-,-,-,-,-,-,-,-,CLOSED,-,-,-,-,-,-,CLOSED
20250610,09:15,30,10,5,5,40,10,15,CLOSED,5,10,5,5,-,5,-,-,5,15,5,5,5,-,5,5,-,CLOSED,-,5,5,5,5,5,CLOSED
20250610,09:45,100,60,25,25,100,40,50,CLOSED,5,40,15,5,-,15,-,-,5,15,5,5,5,-,5,5,-,CLOSED,-,5,5,5,5,5,CLOSED
20250610,10:15,120,70,60,40,90,60,70,CLOSED,25,60,-,-,-,20,-,-,10,15,5,5,-,15,5,5,5,CLOSED,-,5,5,5,5,5,CLOSED
20250610,10:45,140,70,70,40,120,70,70,CLOSED,60,70,-,-,-,15,-,-,20,15,5,5,-,15,5,5,5,CLOSED,-,5,5,5,5,5,CLOSED
20250610,11:15,140,90,60,40,90,50,70,CLOSED,60,70,5,5,-,15,-,5,15,15,15,10,5,15,5,5,5,CLOSED,-,5,5,5,10,10,CLOSED
20250610,11:45,120,80,60,40,80,60,40,CLOSED,50,60,5,5,-,15,-,5,25,30,5,10,5,15,5,5,5,CLOSED,-,5,5,10,20,10,CLOSED
20250610,12:15,100,70,50,40,70,60,40,CLOSED,40,60,5,5,5,20,-,5,15,20,5,15,5,15,5,5,5,CLOSED,-,5,5,5,15,10,CLOSED
20250610,12:45,120,60,50,30,100,60,50,CLOSED,30,60,-,5,5,20,-,-,10,15,5,10,-,15,5,5,5,CLOSED,-,5,5,10,15,10,CLOSED
20250610,13:15,100,60,40,30,100,70,60,CLOSED,40,60,-,-,5,15,5,-,25,20,5,20,-,15,5,5,5,CLOSED,-,10,5,10,15,10,CLOSED
20250610,13:45,100,60,40,40,100,70,50,CLOSED,40,50,5,5,5,20,5,5,15,30,5,20,5,15,5,5,5,CLOSED,-,10,5,10,20,20,CLOSED
20250610,14:15,120,50,50,30,100,50,50,CLOSED,30,70,5,5,5,15,5,5,10,20,5,15,5,15,5,5,5,CLOSED,-,10,5,15,20,20,CLOSED
20250610,14:45,120,60,50,40,100,80,80,CLOSED,40,70,-,5,5,15,5,-,20,15,5,20,-,15,5,5,5,CLOSED,-,-,5,10,25,20,CLOSED
20250610,15:15,120,60,40,30,120,80,80,CLOSED,30,80,-,-,5,15,5,-,20,15,5,25,-,15,5,5,5,CLOSED,-,5,5,15,20,15,CLOSED
20250610,15:45,120,50,40,40,100,80,60,CLOSED,40,70,-,-,5,15,5,-,15,15,5,25,-,15,5,5,5,CLOSED,-,5,5,5,25,10,CLOSED
20250610,16:15,100,50,40,30,80,70,50,CLOSED,40,60,5,5,5,15,5,5,10,15,5,15,5,15,10,5,5,CLOSED,-,10,5,10,25,15,CLOSED
20250610,16:45,100,40,30,40,80,50,60,CLOSED,40,50,5,5,5,15,5,5,20,15,10,15,15,15,10,5,5,CLOSED,-,15,5,5,20,15,CLOSED
20250610,17:15,100,30,30,40,80,60,60,CLOSED,50,50,10,5,5,15,5,5,10,15,5,15,15,15,5,5,5,CLOSED,-,15,10,5,10,10,CLOSED
20250610,17:45,90,40,30,40,70,60,50,CLOSED,50,50,10,5,5,15,5,-,10,15,5,15,-,15,5,5,5,CLOSED,-,10,5,5,10,5,CLOSED
20250610,18:15,100,40,30,40,60,60,50,CLOSED,50,50,10,-,-,15,5,-,15,15,5,20,-,15,5,5,5,CLOSED,-,15,5,5,10,5,CLOSED
20250610,18:45,80,30,25,40,60,60,50,CLOSED,40,40,-,-,-,20,5,-,15,15,5,15,-,15,5,5,5,CLOSED,-,10,5,5,15,10,CLOSED
20250610,19:15,60,25,15,30,50,50,30,CLOSED,30,40,-,-,-,15,-,-,5,15,5,20,-,15,5,5,5,CLOSED,-,5,5,5,10,10,CLOSED
20250610,19:45,70,25,10,30,40,40,20,CLOSED,30,40,-,-,-,20,-,-,5,15,5,10,-,15,5,5,5,CLOSED,-,5,5,5,5,10,CLOSED
20250610,20:15,40,10,5,30,50,40,40,CLOSED,20,30,-,-,-,20,-,-,5,15,5,10,-,15,5,5,5,CLOSED,-,5,5,5,5,10,CLOSED
20250610,20:45,20,5,5,-,40,-,30,CLOSED,10,20,5,5,-,20,-,-,5,15,5,5,5,-,5,5,5,CLOSED,-,5,5,5,5,10,CLOSED
20250610,21:15,-,-,-,-,-,-,-,CLOSED,-,-,-,-,-,-,-,-,-,-,-,-,-,-,-,-,-,CLOSED,-,-,-,-,-,-,CLOSED
20250610,21:45,-,-,-,-,-,-,-,CLOSED,-,-,-,-,-,-,-,-,-,-,-,-,-,-,-,-,-,CLOSED,-,-,-,-,-,-,CLOSED
20250611,07:15,-,-,-,-,-,-,-,CLOSED,-,-,-,-,-,-,-,-,-,-,-,-,-,-,-,-,-,CLOSED,-,-,-,-,-,-,CLOSED
20250611,07:45,-,-,-,-,-,-,-,CLOSED,-,-,-,-,-,-,-,-,-,-,-,-,-,-,-,-,-,CLOSED,-,-,-,-,-,-,CLOSED
20250611,08:15,-,-,-,-,-,-,-,CLOSED,-,-,-,-,-,-,-,-,-,-,-,-,-,-,-,-,-,CLOSED,-,-,-,-,-,-,CLOSED
20250611,08:45,-,-,-,-,-,-,-,CLOSED,-,-,-,-,-,-,-,-,-,-,-,-,-,-,-,-,-,CLOSED,-,-,-,-,-,-,CLOSED
20250611,09:15,30,10,5,5,40,10,15,CLOSED,5,10,10,5,-,15,-,-,5,15,5,5,5,-,5,5,-,CLOSED,-,5,5,5,5,5,CLOSED
20250611,09:45,120,60,30,30,90,40,50,CLOSED,5,40,15,5,-,20,-,-,5,15,5,5,5,-,5,5,-,CLOSED,-,5,5,5,5,5,CLOSED
20250611,10:15,140,60,70,50,120,60,60,CLOSED,40,70,-,-,-,20,-,-,5,15,5,5,-,15,5,5,5,CLOSED,-,-,5,5,5,5,CLOSED
20250611,10:45,140,80,60,50,120,70,80,CLOSED,40,90,-,-,-,30,-,-,20,15,5,5,-,15,5,5,5,CLOSED,-,-,5,5,5,15,CLOSED
20250611,11:15,140,70,50,50,90,60,50,CLOSED,50,70,5,5,-,25,-,5,15,30,10,10,5,15,5,5,5,CLOSED,-,-,5,10,20,15,CLOSED
20250611,11:45,120,80,60,40,90,60,60,CLOSED,50,50,5,5,-,20,-,5,20,20,10,15,5,15,5,5,5,CLOSED,-,-,5,5,15,15,CLOSED
20250611,12:15,100,70,60,40,80,80,50,CLOSED,60,60,5,5,5,15,-,5,10,20,10,15,5,15,5,5,5,CLOSED,-,15,5,5,15,10,CLOSED
20250611,12:45,120,50,40,40,80,50,40,CLOSED,60,60,-,5,5,15,-,5,5,15,15,10,-,15,15,5,5,CLOSED,-,30,10,5,10,5,CLOSED
20250611,13:15,120,60,50,40,90,50,50,CLOSED,50,80,-,-,5,15,5,-,20,15,15,20,-,15,10,5,5,CLOSED,-,30,10,5,15,10,CLOSED
20250611,13:45,120,70,50,40,100,50,50,CLOSED,60,70,5,5,5,15,5,5,20,15,15,15,5,15,15,5,5,CLOSED,-,25,10,10,15,15,CLOSED
20250611,14:15,120,60,50,50,100,70,50,CLOSED,-,70,5,5,5,15,5,5,10,15,10,15,15,15,10,5,5,CLOSED,-,30,5,5,20,10,CLOSED
20250611,14:45,120,70,60,30,100,80,70,CLOSED,-,90,-,5,5,20,5,5,20,15,5,20,-,15,5,5,5,CLOSED,-,5,5,15,20,15,CLOSED
20250611,15:15,100,50,50,40,100,100,60,CLOSED,-,90,-,5,5,20,5,-,15,15,5,20,-,15,10,5,5,CLOSED,-,20,5,10,20,15,CLOSED
20250611,15:45,120,60,50,25,90,90,80,CLOSED,10,90,-,5,5,30,5,-,15,15,5,30,-,15,5,5,5,CLOSED,-,5,5,20,25,20,CLOSED
20250611,16:15,140,30,40,25,100,90,60,CLOSED,40,80,15,5,5,15,5,5,15,15,5,20,20,15,5,5,5,CLOSED,-,5,5,15,25,20,CLOSED
20250611,16:45,120,40,40,40,90,70,50,CLOSED,60,70,15,10,5,15,5,5,20,15,5,15,15,15,5,5,5,CLOSED,-,5,10,5,25,15,CLOSED
20250611,17:15,90,40,30,50,80,70,60,CLOSED,70,60,15,5,5,15,5,5,10,15,10,15,10,15,10,5,5,CLOSED,-,15,10,5,10,15,CLOSED
20250611,17:45,100,40,40,40,100,80,70,CLOSED,60,60,-,5,5,20,5,-,15,15,10,20,-,15,5,5,5,CLOSED,-,10,5,5,10,5,CLOSED
20250611,18:15,90,40,30,40,80,80,60,CLOSED,60,60,-,5,-,20,5,-,25,15,-,20,-,15,5,5,5,CLOSED,-,10,5,5,10,10,CLOSED
20250611,18:45,90,40,30,40,60,80,50,CLOSED,70,-,-,-,-,20,5,-,15,15,-,15,-,15,10,5,5,CLOSED,-,15,5,5,10,10,CLOSED
20250611,19:15,90,30,25,40,60,80,40,CLOSED,50,-,-,-,-,15,-,-,5,15,10,15,-,15,10,5,5,CLOSED,-,10,5,5,5,5,CLOSED
20250611,19:45,70,25,15,40,50,80,30,CLOSED,30,-,-,-,-,15,-,-,5,15,5,15,-,15,5,5,5,CLOSED,-,5,5,5,5,5,CLOSED
20250611,20:15,60,15,10,30,60,-,50,CLOSED,30,30,-,-,-,20,-,-,10,15,5,10,-,15,5,5,5,CLOSED,-,5,5,5,5,5,CLOSED
20250611,20:45,-,15,5,30,-,-,-,CLOSED,30,-,5,10,-,20,-,-,5,15,5,10,5,-,5,5,5,CLOSED,-,5,5,5,5,5,CLOSED
20250611,21:15,-,-,-,-,-,-,-,CLOSED,-,-,-,-,-,-,-,-,-,-,-,-,-,-,-,-,-,CLOSED,-,-,-,-,-,-,CLOSED
20250611,21:45,-,-,-,-,-,-,-,CLOSED,-,-,-,-,-,-,-,-,-,-,-,-,-,-,-,-,-,CLOSED,-,-,-,-,-,-,CLOSED
20250612,07:15,-,-,-,-,-,-,-,CLOSED,-,-,-,-,-,-,-,-,-,-,-,-,-,-,-,-,-,CLOSED,-,-,-,-,-,-,CLOSED
20250612,07:45,-,-,-,-,-,-,-,CLOSED,-,-,-,-,-,-,-,-,-,-,-,-,-,-,-,-,-,CLOSED,-,-,-,-,-,-,CLOSED
20250612,08:15,-,-,-,-,-,-,-,CLOSED,-,-,-,-,-,-,-,-,-,-,-,-,-,-,-,-,-,CLOSED,-,-,-,-,-,-,CLOSED
20250612,08:45,-,-,-,-,-,-,-,CLOSED,-,-,-,-,-,-,-,-,-,-,-,-,-,-,-,-,-,CLOSED,-,-,-,-,-,-,CLOSED
20250612,09:15,40,15,5,10,40,10,20,CLOSED,5,5,5,5,-,20,-,-,5,15,5,5,5,-,5,5,-,CLOSED,-,-,5,5,5,5,CLOSED
20250612,09:45,140,100,50,-,120,50,70,CLOSED,10,70,20,5,-,15,-,-,5,15,5,5,5,-,5,5,-,CLOSED,-,-,5,5,5,5,CLOSED
20250612,10:15,180,100,60,15,120,100,80,CLOSED,70,90,-,-,-,20,-,-,15,15,10,5,-,5,5,5,5,CLOSED,-,10,5,5,5,10,CLOSED
20250612,10:45,180,100,70,50,120,100,90,CLOSED,70,120,-,-,-,30,-,-,30,30,25,10,-,5,25,5,5,CLOSED,-,25,15,5,15,10,CLOSED
20250612,11:15,180,100,70,50,120,120,80,CLOSED,70,140,15,10,-,15,-,5,20,30,40,15,5,15,20,5,5,CLOSED,-,25,10,20,25,20,CLOSED
20250612,11:45,140,120,70,60,100,100,60,CLOSED,70,120,10,20,-,20,-,5,30,60,30,15,5,15,25,5,5,CLOSED,-,25,15,15,25,15,CLOSED
20250612,12:15,120,100,60,60,100,100,60,CLOSED,70,100,15,10,5,20,-,5,15,30,30,15,5,15,25,5,5,CLOSED,-,30,15,15,25,15,CLOSED
20250612,12:45,140,8,70,40,90,140,80,CLOSED,80,100,-,10,5,20,-,-,20,20,30,15,-,15,25,5,5,CLOSED,-,25,15,20,25,15,CLOSED
20250612,13:15,140,100,70,40,120,120,80,CLOSED,70,100,-,-,5,20,5,-,25,30,-,30,-,15,25,5,10,CLOSED,-,30,15,15,30,20,CLOSED
20250612,13:45,-,120,70,50,120,120,80,CLOSED,80,120,10,10,5,15,5,5,25,40,-,20,10,15,25,5,10,CLOSED,-,40,20,20,30,20,CLOSED
20250612,14:15,-,100,80,60,120,120,80,CLOSED,80,120,10,10,5,30,5,10,15,15,20,15,25,15,25,10,10,CLOSED,-,40,20,20,40,25,CLOSED
20250612,14:45,90,120,70,60,120,100,90,CLOSED,80,120,-,25,5,30,5,-,25,30,30,25,-,30,25,15,10,CLOSED,-,25,15,20,30,30,CLOSED
20250612,15:15,-,90,-,50,120,120,80,CLOSED,90,120,-,-,5,30,5,-,20,-,40,30,-,20,25,10,5,CLOSED,-,30,20,15,30,20,CLOSED
20250612,15:45,-,120,-,60,140,120,90,CLOSED,80,120,-,-,5,20,5,-,25,-,40,25,-,15,30,10,5,CLOSED,-,30,20,15,30,20,CLOSED
20250612,16:15,-,100,40,60,140,120,100,CLOSED,90,100,20,30,5,20,10,15,25,20,40,20,30,-,30,15,15,CLOSED,-,40,20,15,30,20,CLOSED
20250612,16:45,180,100,70,60,140,100,100,CLOSED,90,100,20,30,10,20,10,20,20,30,-,25,20,15,30,5,10,CLOSED,-,25,20,20,30,20,CLOSED
20250612,17:15,180,100,70,50,120,120,100,CLOSED,80,120,15,35,10,20,10,10,20,15,-,20,25,15,25,5,5,CLOSED,-,30,15,15,30,15,CLOSED
20250612,17:45,180,100,70,60,120,100,80,CLOSED,70,160,-,-,10,25,10,-,25,15,20,15,-,15,20,5,5,CLOSED,-,30,20,10,15,15,CLOSED
20250612,18:15,140,90,70,60,120,120,80,CLOSED,80,100,-,-,-,15,10,-,25,15,30,25,-,15,25,5,5,CLOSED,-,25,10,10,20,15,CLOSED
20250612,18:45,100,8,60,40,90,120,70,CLOSED,70,80,-,-,-,20,10,-,15,15,30,25,-,15,20,5,5,CLOSED,-,25,10,5,20,15,CLOSED
20250612,19:15,80,70,40,50,80,80,40,CLOSED,50,80,-,-,-,20,-,-,5,15,25,20,-,15,20,5,5,CLOSED,-,15,10,5,15,15,CLOSED
20250612,19:45,-,60,30,40,80,80,50,CLOSED,30,50,-,-,-,20,-,-,5,15,5,15,-,15,10,5,5,CLOSED,-,10,5,5,15,5,CLOSED
20250612,20:15,-,50,30,40,-,-,50,CLOSED,40,60,-,-,-,15,-,-,5,15,5,15,-,15,10,5,5,CLOSED,-,5,5,5,5,5,CLOSED
20250612,20:45,-,-,-,-,-,-,40,CLOSED,-,-,-,-,-,15,-,-,5,15,10,20,-,-,10,5,5,CLOSED,-,15,5,5,5,5,CLOSED
20250612,21:15,-,-,-,-,-,-,-,CLOSED,-,-,-,-,-,-,-,-,-,-,-,-,-,-,-,-,-,CLOSED,-,-,-,-,-,-,CLOSED
20250612,21:45,-,-,-,-,-,-,-,CLOSED,-,-,-,-,-,-,-,-,-,-,-,-,-,-,-,-,-,CLOSED,-,-,-,-,-,-,CLOSED
20250613,07:15,-,-,-,-,-,-,-,CLOSED,-,-,-,-,-,-,-,-,-,-,-,-,-,-,-,-,-,CLOSED,-,-,-,-,-,-,CLOSED
20250613,07:45,-,-,-,-,-,-,-,CLOSED,-,-,-,-,-,-,-,-,-,-,-,-,-,-,-,-,-,CLOSED,-,-,-,-,-,-,CLOSED
20250613,08:15,-,-,-,-,-,-,-,CLOSED,-,-,-,-,-,-,-,-,-,-,-,-,-,-,-,-,-,CLOSED,-,-,-,-,-,-,CLOSED
20250613,08:45,-,-,-,-,-,-,-,CLOSED,-,-,-,-,-,-,-,-,-,-,-,-,-,-,-,-,-,CLOSED,-,-,-,-,-,-,CLOSED
20250613,09:15,40,15,5,10,60,15,30,CLOSED,5,5,5,5,-,20,-,-,5,15,5,5,5,-,5,5,-,CLOSED,-,5,5,5,5,5,CLOSED
20250613,09:45,160,90,30,50,140,50,80,CLOSED,5,50,-,5,-,20,-,-,5,15,5,5,5,-,5,5,-,CLOSED,-,5,5,5,5,5,CLOSED
20250613,10:15,220,120,100,60,140,90,80,CLOSED,50,100,-,-,-,20,-,-,20,15,5,10,-,15,15,5,5,CLOSED,-,15,5,5,5,5,CLOSED
20250613,10:45,200,120,100,60,140,90,100,CLOSED,70,120,-,-,-,40,-,-,25,30,30,5,-,15,20,5,5,CLOSED,-,30,20,10,20,10,CLOSED
20250613,11:15,200,120,120,60,140,90,90,CLOSED,60,120,15,5,-,20,-,5,20,40,40,15,5,15,25,5,5,CLOSED,-,25,20,15,25,15,CLOSED
20250613,11:45,160,100,90,50,120,120,80,CLOSED,70,100,20,20,-,40,-,5,25,30,40,15,5,15,20,5,5,CLOSED,-,30,15,15,25,20,CLOSED
20250613,12:15,140,90,80,50,100,120,80,CLOSED,60,100,15,25,5,15,-,5,25,30,30,15,10,30,25,5,5,CLOSED,-,30,15,15,30,15,CLOSED
20250613,12:45,160,80,70,60,120,120,80,CLOSED,50,100,-,15,5,30,-,-,20,40,30,20,-,15,25,5,10,CLOSED,-,30,20,15,30,20,CLOSED
20250613,13:15,160,90,80,60,120,80,100,CLOSED,70,90,-,-,5,30,5,-,25,30,30,25,-,30,20,10,10,CLOSED,-,25,20,20,30,20,CLOSED
20250613,13:45,180,100,80,60,120,80,80,CLOSED,70,90,15,5,5,15,5,5,25,30,30,25,5,30,30,10,10,CLOSED,-,30,20,20,30,20,CLOSED
20250613,14:15,160,90,80,60,120,90,90,CLOSED,70,100,20,15,10,20,5,5,20,40,40,20,25,15,30,5,10,CLOSED,-,30,20,15,30,25,CLOSED
20250613,14:45,160,100,80,50,120,100,100,CLOSED,60,100,-,-,10,30,5,-,20,40,30,25,-,30,30,10,10,CLOSED,-,30,10,20,30,25,CLOSED
20250613,15:15,160,100,80,70,140,100,100,CLOSED,60,100,-,-,10,40,5,-,25,30,30,30,-,30,25,5,15,CLOSED,-,30,25,20,30,25,CLOSED
20250613,15:45,160,100,70,60,120,100,100,CLOSED,70,100,-,-,10,30,5,-,25,30,30,25,-,15,25,5,15,CLOSED,-,30,20,20,30,20,CLOSED
20250613,16:15,160,100,80,60,100,100,80,CLOSED,70,100,25,30,10,30,5,5,15,50,30,25,25,30,30,5,10,CLOSED,-,30,20,15,20,25,CLOSED
20250613,16:45,140,100,80,50,140,100,90,CLOSED,70,100,30,25,10,50,5,15,25,20,30,25,30,15,30,5,10,CLOSED,-,30,20,15,25,25,CLOSED
20250613,17:15,140,100,90,50,140,120,100,CLOSED,60,100,30,30,10,20,5,15,20,15,30,20,30,15,30,5,5,CLOSED,-,30,20,15,25,15,CLOSED
20250613,17:45,140,90,80,50,120,160,100,CLOSED,50,80,-,-,10,40,5,-,20,15,40,25,-,30,25,5,5,CLOSED,-,25,20,10,25,15,CLOSED
20250613,18:15,140,90,90,60,100,100,90,CLOSED,70,90,-,-,-,20,10,-,25,30,30,25,-,15,30,5,5,CLOSED,-,30,15,10,15,15,CLOSED
20250613,18:45,120,100,80,50,100,70,80,CLOSED,50,80,-,-,-,25,10,-,15,15,30,20,-,15,25,5,10,CLOSED,-,25,20,10,15,15,CLOSED
20250613,19:15,100,90,50,40,100,70,70,CLOSED,50,60,-,-,-,20,-,-,15,15,20,20,-,15,20,5,10,CLOSED,-,25,15,10,20,10,CLOSED
20250613,19:45,-,70,30,50,90,70,60,CLOSED,40,50,-,-,-,20,-,-,5,15,15,20,-,15,15,5,5,CLOSED,-,15,10,5,10,5,CLOSED
20250613,20:15,-,60,40,40,-,-,-,CLOSED,40,50,-,-,-,20,-,-,5,15,10,20,-,15,20,5,5,CLOSED,-,15,5,5,10,10,CLOSED
20250613,20:45,-,-,-,-,-,-,-,CLOSED,-,-,-,-,-,20,-,-,5,15,20,20,-,-,-,5,5,CLOSED,-,20,10,5,10,10,CLOSED
20250613,21:15,-,-,-,-,-,-,-,CLOSED,-,-,-,-,-,-,-,-,-,-,-,-,-,-,-,-,-,CLOSED,-,-,-,-,-,-,CLOSED
20250613,21:45,-,-,-,-,-,-,-,CLOSED,-,-,-,-,-,-,-,-,-,-,-,-,-,-,-,-,-,CLOSED,-,-,-,-,-,-,CLOSED
20250614,07:15,-,-,-,-,-,-,-,CLOSED,-,-,-,-,-,-,-,-,-,-,-,-,-,-,-,-,-,CLOSED,-,-,-,-,-,-,CLOSED
20250614,07:45,-,-,-,-,-,-,-,CLOSED,-,-,-,-,-,-,-,-,-,-,-,-,-,-,-,-,-,CLOSED,-,-,-,-,-,-,CLOSED
20250614,08:15,-,-,-,-,-,-,-,CLOSED,-,-,-,-,-,-,-,-,-,-,-,-,-,-,-,-,-,CLOSED,-,-,-,-,-,-,CLOSED
20250614,08:45,-,-,-,-,-,-,-,CLOSED,-,-,-,-,-,-,-,-,-,-,-,-,-,-,-,-,-,CLOSED,-,-,-,-,-,-,CLOSED
20250614,09:15,90,50,15,30,100,25,60,CLOSED,5,50,5,5,-,20,-,-,5,15,5,5,5,-,5,5,-,CLOSED,-,5,5,5,5,5,CLOSED
20250614,09:45,180,120,80,60,160,80,100,CLOSED,50,60,20,5,-,20,-,-,5,15,5,5,5,-,5,5,-,CLOSED,-,5,5,5,5,5,CLOSED
20250614,10:15,200,100,100,70,140,90,100,CLOSED,70,100,-,-,-,40,-,-,25,15,20,5,-,15,20,5,5,CLOSED,-,15,15,5,5,5,CLOSED
20250614,10:45,180,140,100,80,140,120,100,CLOSED,80,120,-,-,-,40,-,-,25,30,40,15,-,15,20,5,5,CLOSED,-,25,20,5,20,5,CLOSED
20250614,11:15,140,120,90,70,140,160,100,CLOSED,70,100,15,10,-,40,-,-,30,30,40,15,5,15,20,5,5,CLOSED,-,30,20,5,20,10,CLOSED
20250614,11:45,180,90,90,70,120,100,60,CLOSED,70,100,10,20,-,20,-,-,30,30,30,25,5,15,20,5,5,CLOSED,-,25,20,15,25,20,CLOSED
20250614,12:15,160,90,80,70,100,90,120,CLOSED,60,120,5,20,5,15,-,5,15,20,30,15,10,15,20,5,5,CLOSED,-,30,15,10,20,15,CLOSED
20250614,12:45,160,100,80,60,100,80,80,CLOSED,70,120,-,-,5,15,-,-,20,40,30,25,-,30,25,10,5,CLOSED,-,25,20,10,20,15,CLOSED
20250614,13:15,160,80,90,50,120,80,90,CLOSED,60,100,-,-,5,-,5,-,30,30,30,25,-,30,25,10,5,CLOSED,-,20,25,15,20,20,CLOSED
20250614,13:45,180,100,90,60,140,100,120,CLOSED,70,90,5,10,5,-,10,5,20,20,25,20,5,15,25,10,10,CLOSED,-,30,15,10,25,20,CLOSED
20250614,14:15,180,120,100,70,140,100,100,CLOSED,70,90,5,20,5,15,10,5,20,30,25,20,20,30,25,15,10,CLOSED,-,25,20,20,30,20,CLOSED
20250614,14:45,180,100,120,60,120,100,120,CLOSED,70,120,-,30,5,40,10,5,25,40,20,20,20,30,25,20,10,CLOSED,-,25,15,15,30,20,CLOSED
20250614,15:15,-,120,120,50,140,120,140,CLOSED,80,120,-,30,5,50,10,-,25,30,20,30,-,30,10,20,15,CLOSED,-,25,15,20,30,25,CLOSED
20250614,15:45,-,120,-,60,180,140,140,CLOSED,70,150,-,30,15,40,10,-,25,30,15,30,-,45,10,10,15,CLOSED,-,15,10,20,30,30,CLOSED
20250614,16:15,160,120,-,60,180,140,140,CLOSED,60,120,25,10,15,50,10,5,25,40,10,30,10,30,20,10,10,CLOSED,-,25,15,20,40,25,CLOSED
20250614,16:45,140,100,80,50,160,120,140,CLOSED,50,120,20,15,10,50,10,15,25,20,15,25,25,30,15,10,15,CLOSED,-,25,10,20,30,30,CLOSED
20250614,17:15,140,80,120,50,140,100,120,CLOSED,70,100,20,25,15,20,10,10,15,15,15,20,15,30,20,10,5,CLOSED,-,15,15,15,30,25,CLOSED
20250614,17:45,160,90,100,50,140,100,120,CLOSED,50,100,15,25,10,40,10,5,15,15,25,15,25,30,25,5,5,CLOSED,-,20,20,10,25,15,CLOSED
20250614,18:15,-,100,100,60,140,100,100,CLOSED,60,90,-,-,-,30,10,5,25,15,20,20,-,15,20,5,5,CLOSED,-,20,15,10,20,15,CLOSED
20250614,18:45,-,100,-,50,160,100,90,CLOSED,40,90,-,-,-,30,10,-,15,30,5,30,-,15,20,5,5,CLOSED,-,15,5,15,25,15,CLOSED
20250614,19:15,-,70,-,40,140,100,100,CLOSED,40,90,-,-,-,30,-,-,15,20,5,25,-,15,5,5,5,CLOSED,-,5,5,15,25,15,CLOSED
20250614,19:45,100,70,40,40,100,-,100,CLOSED,40,70,-,-,-,20,-,-,10,15,-,25,-,15,5,5,5,CLOSED,-,5,5,10,20,15,CLOSED
20250614,20:15,70,50,30,20,-,-,80,CLOSED,15,-,-,-,-,15,-,-,5,15,-,20,-,15,5,5,10,CLOSED,-,5,5,10,15,5,CLOSED
20250614,20:45,-,-,-,-,-,-,-,CLOSED,40,-,-,-,-,15,-,-,5,15,-,15,-,-,5,5,5,CLOSED,-,5,5,10,15,10,CLOSED
20250614,21:15,-,-,-,-,-,-,-,CLOSED,-,-,-,-,-,-,-,-,-,-,-,-,-,-,-,-,-,CLOSED,-,-,-,-,-,-,CLOSED
20250614,21:45,-,-,-,-,-,-,-,CLOSED,-,-,-,-,-,-,-,-,-,-,-,-,-,-,-,-,-,CLOSED,-,-,-,-,-,-,CLOSED
20250615,07:15,-,-,-,-,-,-,-,CLOSED,-,-,-,-,-,-,-,-,-,-,-,-,-,-,-,-,-,CLOSED,-,-,-,-,-,-,CLOSED
20250615,07:45,-,-,-,-,-,-,-,CLOSED,-,-,-,-,-,-,-,-,-,-,-,-,-,-,-,-,-,CLOSED,-,-,-,-,-,-,CLOSED
20250615,08:15,-,-,-,-,-,-,-,CLOSED,-,-,-,-,-,-,-,-,-,-,-,-,-,-,-,-,-,CLOSED,-,-,-,-,-,-,CLOSED
20250615,08:45,-,-,-,-,-,-,-,CLOSED,-,-,-,-,-,-,-,-,-,-,-,-,-,-,-,-,-,CLOSED,-,-,-,-,-,-,CLOSED
20250615,09:15,90,25,15,25,120,30,70,CLOSED,5,50,5,5,-,20,-,-,5,15,-,5,5,-,5,5,-,CLOSED,-,5,5,5,5,5,CLOSED
20250615,09:45,180,100,80,50,140,70,100,CLOSED,40,70,20,5,-,20,-,-,10,15,-,5,5,-,5,5,-,CLOSED,-,5,5,5,5,5,CLOSED
20250615,10:15,2,100,100,70,120,90,90,CLOSED,70,80,-,-,-,30,-,-,20,15,10,5,-,15,15,5,5,CLOSED,-,15,15,5,10,5,CLOSED
20250615,10:45,180,100,80,70,100,80,70,CLOSED,70,70,-,-,-,30,-,-,25,15,20,10,-,15,20,5,5,CLOSED,-,15,10,5,15,5,CLOSED
20250615,11:15,-,90,70,60,100,70,70,CLOSED,60,80,5,5,-,25,-,-,10,20,30,15,5,15,20,5,5,CLOSED,-,15,15,5,10,10,CLOSED
20250615,11:45,180,90,60,50,100,60,50,CLOSED,50,80,5,5,-,15,-,-,25,15,30,10,5,15,20,5,5,CLOSED,-,15,10,5,15,10,CLOSED
20250615,12:15,180,90,70,50,80,50,70,CLOSED,50,70,5,5,5,20,-,5,15,15,25,15,5,15,15,5,5,CLOSED,-,25,10,10,15,10,CLOSED
20250615,12:45,120,90,60,40,100,60,80,CLOSED,50,60,-,15,5,15,-,-,15,20,20,15,-,15,20,5,5,CLOSED,-,15,10,10,15,10,CLOSED
20250615,13:15,120,70,80,50,100,60,60,CLOSED,50,60,-,-,5,20,5,-,-,20,-,-,-,15,20,5,5,CLOSED,-,10,10,15,15,10,CLOSED
20250615,13:45,140,70,70,50,100,60,80,CLOSED,50,60,5,10,5,20,5,5,-,30,-,-,5,15,20,5,5,CLOSED,-,15,10,10,20,15,CLOSED
20250615,14:15,140,70,60,60,120,60,70,CLOSED,60,70,15,5,5,20,-,5,-,20,15,-,15,15,20,5,5,CLOSED,-,15,15,15,25,20,CLOSED
20250615,14:45,90,80,70,50,100,50,80,CLOSED,80,70,-,10,5,15,5,5,-,15,25,-,-,15,20,5,5,CLOSED,-,20,15,15,20,15,CLOSED
20250615,15:15,140,70,70,50,100,60,80,CLOSED,70,70,-,-,5,30,5,-,-,15,25,-,-,15,20,5,5,CLOSED,-,15,10,15,20,20,CLOSED
20250615,15:45,120,80,60,50,120,70,90,CLOSED,70,60,15,10,5,25,5,5,5,15,25,10,10,15,20,5,5,CLOSED,-,20,10,15,20,10,CLOSED
20250615,16:15,120,80,-,50,120,70,80,CLOSED,60,70,15,15,5,20,5,5,20,20,20,25,20,15,20,5,5,CLOSED,-,20,10,10,20,15,CLOSED
20250615,16:45,120,80,-,60,120,70,80,CLOSED,50,70,15,25,5,40,5,10,30,20,25,25,20,15,15,5,5,CLOSED,-,15,10,10,20,20,CLOSED
20250615,17:15,120,60,-,60,140,60,90,CLOSED,60,60,15,20,5,20,5,10,20,15,25,20,15,15,15,5,5,CLOSED,-,20,10,5,20,15,CLOSED
20250615,17:45,100,50,-,50,160,60,90,CLOSED,60,50,10,20,5,15,5,10,20,15,20,20,20,15,15,5,5,CLOSED,-,15,15,5,15,10,CLOSED
20250615,18:15,100,50,-,50,140,70,90,CLOSED,50,60,10,-,-,15,5,-,20,15,20,20,-,15,20,5,5,CLOSED,-,20,15,5,15,10,CLOSED
20250615,18:45,90,50,-,50,120,70,100,CLOSED,40,70,-,-,-,20,5,-,25,15,20,25,-,15,15,5,5,CLOSED,-,15,15,5,15,10,CLOSED
20250615,19:15,80,40,-,50,100,70,90,CLOSED,50,60,-,-,-,15,-,-,15,15,20,25,-,15,15,5,5,CLOSED,-,15,10,5,15,10,CLOSED
20250615,19:45,90,30,-,40,90,60,70,CLOSED,25,50,-,-,-,15,-,-,10,15,20,25,-,15,15,5,5,CLOSED,-,10,5,5,10,10,CLOSED
20250615,20:15,-,20,30,25,60,50,25,CLOSED,25,20,-,-,-,20,-,-,5,15,5,15,-,15,5,5,5,CLOSED,-,5,5,5,5,10,CLOSED
20250615,20:45,-,15,25,-,-,40,30,CLOSED,10,20,-,-,-,20,-,-,5,15,5,10,-,-,5,5,5,CLOSED,-,5,5,5,5,5,CLOSED
20250615,21:15,-,-,-,-,-,-,-,CLOSED,-,-,-,-,-,-,-,-,-,-,-,-,-,-,-,-,-,CLOSED,-,-,-,-,-,-,CLOSED
20250615,21:45,-,-,-,-,-,-,-,CLOSED,-,-,-,-,-,-,-,-,-,-,-,-,-,-,-,-,-,CLOSED,-,-,-,-,-,-,CLOSED
20250616,07:15,-,-,-,-,-,-,-,CLOSED,-,-,-,-,-,-,-,-,-,-,-,-,-,-,-,-,-,CLOSED,-,-,-,-,-,-,CLOSED
20250616,07:45,-,-,-,-,-,-,-,CLOSED,-,-,-,-,-,-,-,-,-,-,-,-,-,-,-,-,-,CLOSED,-,-,-,-,-,-,CLOSED
20250616,08:15,-,-,-,-,-,-,-,CLOSED,-,-,-,-,-,-,-,-,-,-,-,-,-,-,-,-,-,CLOSED,-,-,-,-,-,-,CLOSED
20250616,08:45,-,-,-,-,-,-,-,CLOSED,-,-,-,-,-,-,-,-,-,-,-,-,-,-,-,-,-,CLOSED,-,-,-,-,-,-,CLOSED
20250616,09:15,-,50,-,30,10,10,60,CLOSED,5,10,5,5,-,20,-,-,5,15,5,5,5,-,5,5,-,CLOSED,-,5,5,5,5,5,CLOSED
20250616,09:45,-,140,-,60,140,70,80,CLOSED,50,-,15,5,-,20,-,-,10,15,5,5,5,-,5,5,-,CLOSED,-,5,5,5,5,5,CLOSED
20250616,10:15,-,100,80,50,160,100,90,CLOSED,-,80,-,-,-,30,-,-,25,15,25,5,-,15,10,5,5,CLOSED,-,15,10,15,20,5,CLOSED
20250616,10:45,-,120,100,60,120,120,120,CLOSED,-,120,30,5,-,50,-,-,30,40,50,10,5,15,20,5,5,CLOSED,-,30,10,20,30,25,CLOSED
20250616,11:15,140,120,90,60,120,120,100,CLOSED,-,120,25,25,-,40,-,-,20,30,40,15,5,15,30,5,5,CLOSED,-,40,20,30,40,25,CLOSED
20250616,11:45,120,100,100,60,120,90,80,CLOSED,-,140,15,15,-,20,-,-,30,30,40,20,5,15,25,5,5,CLOSED,-,30,20,20,40,25,CLOSED
20250616,12:15,140,70,100,50,120,100,90,CLOSED,80,140,20,15,5,30,-,5,25,30,40,20,5,30,25,10,10,CLOSED,-,30,20,20,40,25,CLOSED
20250616,12:45,140,80,90,50,100,120,80,CLOSED,100,140,-,15,5,20,-,-,20,40,25,20,-,30,25,15,10,CLOSED,-,30,20,20,40,30,CLOSED
20250616,13:15,160,100,90,50,120,120,100,CLOSED,80,120,5,-,5,40,5,5,30,40,30,25,5,15,25,15,10,CLOSED,-,30,15,20,40,30,CLOSED
20250616,13:45,160,90,90,50,120,120,90,CLOSED,90,100,15,5,5,20,5,5,25,40,40,20,10,30,20,10,10,CLOSED,-,30,15,25,30,20,CLOSED
20250616,14:15,180,90,80,50,120,100,80,CLOSED,80,90,15,5,5,20,5,5,20,40,40,20,20,30,20,10,10,CLOSED,-,30,15,25,30,30,CLOSED
20250616,14:45,180,100,80,50,120,90,120,CLOSED,90,140,-,5,5,40,5,-,20,20,25,20,-,30,20,15,10,CLOSED,-,30,20,20,40,25,CLOSED
20250616,15:15,160,80,80,50,140,120,120,CLOSED,80,140,-,-,5,30,5,-,25,40,40,30,-,30,20,15,10,CLOSED,-,30,20,15,40,25,CLOSED
20250616,15:45,160,90,90,40,120,120,90,CLOSED,60,100,20,10,5,40,5,10,20,30,30,25,5,30,25,15,5,CLOSED,-,30,15,20,30,25,CLOSED
20250616,16:15,160,90,100,50,100,120,100,CLOSED,80,100,10,10,5,30,5,10,20,30,30,20,30,30,20,15,5,CLOSED,-,30,15,20,40,25,CLOSED
20250616,16:45,160,80,90,50,120,120,100,CLOSED,80,120,20,25,5,30,5,10,25,30,30,25,25,15,25,15,5,CLOSED,-,25,15,20,40,25,CLOSED
20250616,17:15,140,90,70,50,120,120,100,CLOSED,90,100,20,25,5,30,5,5,20,20,30,25,20,30,25,15,5,CLOSED,-,30,15,10,20,20,CLOSED
20250616,17:45,140,90,70,50,140,100,120,CLOSED,70,100,20,40,5,15,5,10,25,15,25,20,20,15,20,15,5,CLOSED,-,30,20,10,20,10,CLOSED
20250616,18:15,140,80,70,50,100,90,120,CLOSED,70,100,15,-,-,15,5,5,20,15,25,20,-,15,25,15,5,CLOSED,-,25,15,5,15,10,CLOSED
20250616,18:45,-,80,90,50,100,100,80,CLOSED,70,90,-,-,-,15,5,-,20,15,25,25,-,15,20,15,5,CLOSED,-,15,15,5,15,10,CLOSED
20250616,19:15,-,80,60,50,120,80,10,CLOSED,80,80,-,-,-,20,-,-,15,15,25,25,-,15,20,5,5,CLOSED,-,25,15,5,15,10,CLOSED
20250616,19:45,-,60,40,40,80,70,60,CLOSED,60,70,-,-,-,20,-,-,5,20,-,20,-,15,20,5,5,CLOSED,-,25,15,5,15,10,CLOSED
20250616,20:15,-,40,30,30,60,-,40,CLOSED,45,50,-,-,-,15,-,-,5,15,-,15,-,15,15,5,5,CLOSED,-,10,5,5,15,10,CLOSED
20250616,20:45,-,20,15,-,-,-,30,CLOSED,25,-,-,-,-,15,-,-,5,15,-,10,-,-,5,5,5,CLOSED,-,5,5,5,5,5,CLOSED
20250616,21:15,-,-,-,-,-,-,-,CLOSED,-,-,-,-,-,-,-,-,-,-,-,-,-,-,-,-,-,CLOSED,-,-,-,-,-,-,CLOSED
20250616,21:45,-,-,-,-,-,-,-,CLOSED,-,-,-,-,-,-,-,-,-,-,-,-,-,-,-,-,-,CLOSED,-,-,-,-,-,-,CLOSED
20250617,07:15,-,-,-,-,-,-,-,CLOSED,-,-,-,-,-,-,-,-,-,-,-,-,-,-,-,-,-,CLOSED,-,-,-,-,-,-,CLOSED
20250617,07:45,-,-,-,-,-,-,-,CLOSED,-,-,-,-,-,-,-,-,-,-,-,-,-,-,-,-,-,CLOSED,-,-,-,-,-,-,CLOSED
20250617,08:15,-,-,-,-,-,-,-,CLOSED,-,-,-,-,-,-,-,-,-,-,-,-,-,-,-,-,-,CLOSED,-,-,-,-,-,-,CLOSED
20250617,08:45,-,-,-,-,-,-,-,CLOSED,-,-,-,-,-,-,-,-,-,-,-,-,-,-,-,-,-,CLOSED,-,-,-,-,-,-,CLOSED
20250617,09:15,50,10,-,15,50,15,20,CLOSED,5,15,10,5,-,20,-,-,5,15,5,5,5,-,5,5,-,CLOSED,-,5,5,5,5,5,CLOSED
20250617,09:45,140,90,50,45,100,50,60,CLOSED,5,50,15,10,-,20,-,-,5,15,5,5,5,-,5,5,-,CLOSED,-,5,5,5,5,5,CLOSED
20250617,10:15,140,90,60,50,120,60,70,CLOSED,50,80,-,-,-,20,-,-,15,15,5,5,-,5,5,5,5,CLOSED,-,5,5,5,5,5,CLOSED
20250617,10:45,140,80,60,60,120,80,80,CLOSED,50,90,5,-,-,20,-,-,25,15,15,10,5,15,10,5,5,CLOSED,-,10,5,5,20,10,CLOSED
20250617,11:15,140,80,60,40,100,80,70,CLOSED,50,80,20,-,-,15,-,-,25,30,25,15,5,15,10,5,5,CLOSED,-,15,10,10,20,15,CLOSED
20250617,11:45,120,70,80,50,80,70,60,CLOSED,60,70,15,-,-,30,-,-,30,30,25,15,5,15,10,5,5,CLOSED,-,10,10,5,20,20,CLOSED
20250617,12:15,120,70,50,60,90,70,50,CLOSED,50,90,10,-,5,15,-,5,20,30,20,15,5,15,15,5,5,CLOSED,-,25,10,15,20,15,CLOSED
20250617,12:45,100,60,70,40,100,70,50,CLOSED,50,80,-,-,5,20,-,-,20,30,-,20,-,15,15,5,5,CLOSED,-,15,10,15,25,20,CLOSED
20250617,13:15,120,70,70,40,100,80,60,CLOSED,60,80,5,-,5,20,5,5,25,15,15,20,5,15,10,5,5,CLOSED,-,20,10,15,25,20,CLOSED
20250617,13:45,120,70,70,40,80,70,70,CLOSED,40,100,5,-,5,20,5,5,25,20,20,20,10,15,5,5,5,CLOSED,-,10,10,15,30,20,CLOSED
20250617,14:15,120,60,70,40,90,60,70,CLOSED,70,100,5,-,5,15,5,5,20,30,25,20,15,15,10,5,5,CLOSED,-,15,5,20,30,25,CLOSED
20250617,14:45,100,60,70,40,90,70,60,CLOSED,50,80,15,-,5,20,5,5,20,20,25,15,-,15,15,5,5,CLOSED,-,15,10,20,30,20,CLOSED
20250617,15:15,120,60,60,40,100,60,60,CLOSED,50,80,-,-,5,15,5,-,20,30,25,25,-,15,10,5,5,CLOSED,-,10,5,15,30,25,CLOSED
20250617,15:45,100,70,70,40,90,70,60,CLOSED,60,70,5,-,5,15,5,5,15,20,15,25,10,15,10,5,5,CLOSED,-,15,10,15,30,20,CLOSED
20250617,16:15,120,60,60,30,90,70,60,CLOSED,50,70,15,5,5,20,5,5,15,15,20,20,10,15,15,5,5,CLOSED,-,15,10,10,25,20,CLOSED
20250617,16:45,120,70,40,30,100,80,70,CLOSED,50,80,20,5,5,15,5,5,20,15,15,20,20,15,15,5,5,CLOSED,-,10,5,5,20,20,CLOSED
20250617,17:15,120,70,50,40,90,80,60,CLOSED,50,90,10,15,5,15,5,5,20,15,20,20,15,15,10,5,5,CLOSED,-,15,5,10,20,15,CLOSED
20250617,17:45,120,50,50,40,120,90,60,CLOSED,70,90,10,20,5,15,5,5,20,15,15,15,10,15,10,5,5,CLOSED,-,15,15,10,20,15,CLOSED
20250617,18:15,100,50,40,40,90,80,60,CLOSED,50,70,-,-,-,15,5,5,20,15,20,15,-,15,15,5,5,CLOSED,-,15,5,10,10,10,CLOSED
20250617,18:45,100,50,40,40,100,80,60,CLOSED,50,80,-,-,-,20,5,-,15,15,20,15,-,15,10,5,5,CLOSED,-,15,5,5,10,10,CLOSED
20250617,19:15,100,40,40,40,80,70,50,CLOSED,50,60,-,-,-,15,-,-,15,15,20,25,-,15,15,5,5,CLOSED,-,10,5,5,10,10,CLOSED
20250617,19:45,90,30,20,30,70,50,30,CLOSED,40,40,-,-,-,20,-,-,10,15,15,20,-,15,15,5,5,CLOSED,-,10,5,5,10,5,CLOSED
20250617,20:15,60,20,20,30,60,50,30,CLOSED,20,40,-,-,-,15,-,-,5,15,5,15,-,15,5,5,5,CLOSED,-,5,5,5,5,5,CLOSED
20250617,20:45,20,5,10,25,-,-,40,CLOSED,10,40,-,-,-,20,-,-,5,15,5,10,-,-,5,5,5,CLOSED,-,5,5,5,5,5,CLOSED
20250617,21:15,-,-,-,-,-,-,-,CLOSED,-,-,-,-,-,-,-,-,-,-,-,-,-,-,-,-,-,CLOSED,-,-,-,-,-,-,CLOSED
20250617,21:45,-,-,-,-,-,-,-,CLOSED,-,-,-,-,-,-,-,-,-,-,-,-,-,-,-,-,-,CLOSED,-,-,-,-,-,-,CLOSED
20250618,07:15,-,-,-,-,-,-,-,CLOSED,-,-,-,-,-,-,-,-,-,-,-,-,-,-,-,-,-,CLOSED,-,-,-,-,-,-,CLOSED
20250618,07:45,-,-,-,-,-,-,-,CLOSED,-,-,-,-,-,-,-,-,-,-,-,-,-,-,-,-,-,CLOSED,-,-,-,-,-,-,CLOSED
20250618,08:15,-,-,-,-,-,-,-,CLOSED,-,-,-,-,-,-,-,-,-,-,-,-,-,-,-,-,-,CLOSED,-,-,-,-,-,-,CLOSED
20250618,08:45,-,-,-,-,-,-,-,CLOSED,-,-,-,-,-,-,-,-,-,-,-,-,-,-,-,-,-,CLOSED,-,-,-,-,-,-,CLOSED
20250618,09:15,-,15,-,-,60,10,15,CLOSED,5,15,5,5,-,20,-,-,5,15,5,5,5,-,5,5,-,CLOSED,-,5,5,5,5,5,CLOSED
20250618,09:45,-,90,50,-,120,60,70,CLOSED,15,70,15,-,-,20,-,-,5,15,5,5,5,-,5,5,-,CLOSED,-,5,5,5,5,5,CLOSED
20250618,10:15,-,90,70,70,120,80,80,CLOSED,60,80,-,-,-,30,-,-,20,15,25,5,-,5,5,5,5,CLOSED,-,5,5,5,5,10,CLOSED
20250618,10:45,120,90,60,50,100,80,90,CLOSED,50,100,5,-,-,20,-,-,25,30,30,10,5,5,10,5,5,CLOSED,-,10,10,10,25,15,CLOSED
20250618,11:15,160,90,70,40,90,70,70,CLOSED,50,90,15,-,-,30,-,-,20,30,20,10,5,15,10,5,5,CLOSED,-,15,5,15,25,20,CLOSED
20250618,11:45,140,80,60,40,80,80,60,CLOSED,40,80,10,-,-,15,-,-,25,20,25,10,5,15,10,5,5,CLOSED,-,15,5,15,25,15,CLOSED
20250618,12:15,120,90,60,40,100,80,60,CLOSED,60,90,15,5,5,15,-,5,20,40,20,15,5,15,-,5,5,CLOSED,-,15,5,10,20,20,CLOSED
20250618,12:45,90,70,60,40,90,80,70,CLOSED,50,80,-,-,5,20,-,-,15,20,20,20,-,15,-,10,5,CLOSED,-,25,5,10,25,20,CLOSED
20250618,13:15,120,80,70,40,90,70,70,CLOSED,50,90,5,-,5,20,5,5,25,30,20,20,5,15,-,5,5,CLOSED,-,10,10,15,30,20,CLOSED
20250618,13:45,120,80,70,50,120,70,60,CLOSED,50,80,20,-,5,15,5,5,25,20,20,20,5,15,5,5,5,CLOSED,-,15,5,15,30,20,CLOSED
20250618,14:15,120,70,60,40,90,80,50,CLOSED,60,100,20,-,5,15,5,5,15,40,20,15,20,15,10,5,5,CLOSED,-,10,10,20,25,20,CLOSED
20250618,14:45,120,70,60,40,90,90,70,CLOSED,60,100,20,-,5,25,5,5,25,20,20,20,-,15,15,5,5,CLOSED,-,15,10,15,30,20,CLOSED
20250618,15:15,140,70,50,40,100,90,70,CLOSED,60,120,-,-,5,20,5,-,25,30,20,25,-,30,10,5,5,CLOSED,-,20,10,20,30,20,CLOSED
20250618,15:45,140,70,60,40,100,90,70,CLOSED,70,120,5,5,5,15,5,5,20,20,20,25,5,30,15,5,5,CLOSED,-,15,10,20,30,25,CLOSED
20250618,16:15,140,70,50,40,90,90,70,CLOSED,60,100,5,5,5,20,5,5,20,20,20,20,20,15,10,5,5,CLOSED,-,15,5,15,30,20,CLOSED
20250618,16:45,140,70,50,40,120,100,70,CLOSED,60,90,5,20,5,20,5,5,25,20,20,20,20,15,10,5,5,CLOSED,-,15,5,15,25,20,CLOSED
20250618,17:15,140,70,50,40,90,90,60,CLOSED,60,80,20,20,5,20,5,5,10,15,15,25,20,15,15,5,5,CLOSED,-,15,10,5,15,15,CLOSED
20250618,17:45,-,60,40,40,120,100,60,CLOSED,60,90,15,15,5,15,5,5,20,15,15,20,15,15,15,5,5,CLOSED,-,15,5,5,15,15,CLOSED
20250618,18:15,-,60,40,50,120,100,60,CLOSED,60,90,15,30,-,10,5,5,20,15,15,20,-,15,15,5,5,CLOSED,-,10,5,5,15,10,CLOSED
20250618,18:45,140,60,40,50,100,100,70,CLOSED,50,80,-,-,-,15,5,-,20,15,15,25,-,15,20,5,5,CLOSED,-,15,10,5,15,15,CLOSED
20250618,19:15,120,40,40,40,80,80,50,CLOSED,50,70,-,-,-,15,-,-,20,15,20,20,-,15,15,5,5,CLOSED,-,15,5,5,10,15,CLOSED
20250618,19:45,80,30,25,40,60,70,40,CLOSED,40,60,-,-,-,15,-,-,5,15,-,20,-,15,10,5,5,CLOSED,-,5,5,5,5,5,CLOSED
20250618,20:15,-,30,20,30,60,-,25,CLOSED,20,50,-,-,-,20,-,-,20,15,-,35,-,15,5,5,5,CLOSED,-,5,5,5,5,5,CLOSED
20250618,20:45,-,15,10,-,-,-,30,CLOSED,20,30,-,-,-,20,-,-,5,15,5,10,-,-,5,5,5,CLOSED,-,5,5,5,5,5,CLOSED
20250618,21:15,-,-,-,-,-,-,-,CLOSED,-,-,-,-,-,-,-,-,-,-,-,-,-,-,-,-,-,CLOSED,-,-,-,-,-,-,CLOSED
20250618,21:45,-,-,-,-,-,-,-,CLOSED,-,-,-,-,-,-,-,-,-,-,-,-,-,-,-,-,-,CLOSED,-,-,-,-,-,-,CLOSED
20250619,07:15,-,-,-,-,-,-,-,CLOSED,-,-,-,-,-,-,-,-,-,-,-,-,-,-,-,-,-,CLOSED,-,-,-,-,-,-,CLOSED
20250619,07:45,-,-,-,-,-,-,-,CLOSED,-,-,-,-,-,-,-,-,-,-,-,-,-,-,-,-,-,CLOSED,-,-,-,-,-,-,CLOSED
20250619,08:15,-,-,-,-,-,-,-,CLOSED,-,-,-,-,-,-,-,-,-,-,-,-,-,-,-,-,-,CLOSED,-,-,-,-,-,-,CLOSED
20250619,08:45,-,-,-,-,-,-,-,CLOSED,-,-,-,-,-,-,-,-,-,-,-,-,-,-,-,-,-,CLOSED,-,-,-,-,-,-,CLOSED
20250619,09:15,30,25,-,-,90,10,10,CLOSED,5,5,5,5,-,10,-,-,5,15,5,5,5,-,5,5,-,CLOSED,-,5,5,5,5,5,CLOSED
20250619,09:45,140,90,30,30,120,80,80,CLOSED,5,70,15,10,-,15,-,-,5,15,5,5,5,-,5,5,-,CLOSED,-,5,5,5,5,5,CLOSED
20250619,10:15,180,80,60,50,100,80,80,CLOSED,60,80,-,-,-,15,-,-,15,15,5,5,-,15,5,5,5,CLOSED,-,5,5,5,5,5,CLOSED
20250619,10:45,180,100,-,60,120,90,90,CLOSED,70,100,-,-,-,30,-,-,25,20,30,10,-,15,10,5,5,CLOSED,-,15,5,5,10,10,CLOSED
20250619,11:15,140,120,-,60,100,100,80,CLOSED,60,100,10,-,-,20,-,-,25,40,40,10,5,15,15,5,5,CLOSED,-,15,10,15,25,20,CLOSED
20250619,11:45,140,90,-,50,90,90,60,CLOSED,70,100,10,-,-,40,-,-,30,30,30,20,5,15,15,10,5,CLOSED,-,25,5,15,25,20,CLOSED
20250619,12:15,100,70,70,40,100,90,60,CLOSED,70,120,15,-,5,20,-,5,20,30,30,20,5,15,10,5,5,CLOSED,-,20,10,15,30,20,CLOSED
20250619,12:45,120,50,50,40,100,100,60,CLOSED,50,120,-,-,5,15,-,-,20,30,30,10,5,15,15,5,5,CLOSED,-,15,10,15,30,20,CLOSED
20250619,13:15,120,70,70,40,90,100,60,CLOSED,60,100,5,-,5,15,5,5,25,30,25,20,5,15,15,5,5,CLOSED,-,15,10,20,30,20,CLOSED
20250619,13:45,120,90,70,50,100,100,70,CLOSED,60,100,5,-,5,15,5,5,20,20,25,20,10,15,15,5,5,CLOSED,-,20,5,15,30,25,CLOSED
20250619,14:15,120,80,70,40,100,120,70,CLOSED,60,160,10,-,5,15,5,5,15,20,20,20,15,15,15,5,5,CLOSED,-,25,10,20,30,20,CLOSED
20250619,14:45,120,90,70,40,100,120,70,CLOSED,60,140,-,-,5,20,5,5,25,15,25,20,-,15,20,5,5,CLOSED,-,30,10,15,30,25,CLOSED
20250619,15:15,120,80,80,40,120,120,70,CLOSED,70,120,-,-,5,20,5,-,25,20,25,30,-,30,15,5,5,CLOSED,-,25,15,15,30,20,CLOSED
20250619,15:45,120,80,-,50,120,120,70,CLOSED,70,120,5,5,5,20,5,5,20,20,20,20,5,15,15,5,5,CLOSED,-,25,10,20,25,20,CLOSED
20250619,16:15,120,90,-,50,100,120,80,CLOSED,70,140,10,10,5,20,5,5,15,20,30,20,15,15,15,5,5,CLOSED,-,15,10,15,30,20,CLOSED
20250619,16:45,100,70,-,50,120,100,80,CLOSED,70,120,15,25,5,20,5,5,25,20,20,20,20,15,20,5,5,CLOSED,-,25,10,15,30,20,CLOSED
20250619,17:15,120,70,90,40,140,120,90,CLOSED,70,-,25,10,5,20,5,20,15,15,20,20,25,15,20,5,5,CLOSED,-,25,10,10,20,15,CLOSED
20250619,17:45,120,60,90,50,120,120,90,CLOSED,60,-,20,20,5,20,5,10,20,15,20,15,15,30,15,5,5,CLOSED,-,15,10,5,20,15,CLOSED
20250619,18:15,120,60,-,40,100,120,80,CLOSED,70,30,20,-,-,15,5,5,25,15,25,15,-,15,15,5,5,CLOSED,-,15,10,5,20,15,CLOSED
20250619,18:45,100,80,-,50,120,100,80,CLOSED,60,120,-,-,-,15,5,-,15,20,25,25,-,15,20,5,5,CLOSED,-,25,10,5,15,10,CLOSED
20250619,19:15,80,60,-,50,120,100,50,CLOSED,60,80,-,-,-,15,-,-,15,20,25,25,-,15,20,5,5,CLOSED,-,20,10,5,15,10,CLOSED
20250619,19:45,80,40,15,40,100,90,50,CLOSED,30,80,-,-,-,15,-,-,10,15,15,25,-,15,20,5,5,CLOSED,-,15,5,5,15,5,CLOSED
20250619,20:15,60,30,-,30,80,-,40,CLOSED,25,70,-,-,-,15,-,-,5,15,5,15,-,15,10,5,5,CLOSED,-,5,5,5,5,5,CLOSED
20250619,20:45,-,15,-,-,-,-,30,CLOSED,-,-,-,-,-,20,-,-,5,15,5,10,-,-,5,5,5,CLOSED,-,5,5,5,5,5,CLOSED
20250619,21:15,-,-,-,-,-,-,-,CLOSED,-,-,-,-,-,-,-,-,-,-,-,-,-,-,-,-,-,CLOSED,-,-,-,-,-,-,CLOSED
20250619,21:45,-,-,-,-,-,-,-,CLOSED,-,-,-,-,-,-,-,-,-,-,-,-,-,-,-,-,-,CLOSED,-,-,-,-,-,-,CLOSED
20250620,07:15,-,-,-,-,-,-,-,-,-,-,-,-,-,-,-,-,-,-,-,-,-,-,-,-,-,CLOSED,-,-,-,-,-,-,CLOSED
20250620,07:45,-,-,-,-,-,-,-,-,-,-,-,-,-,-,-,-,-,-,-,-,-,-,-,-,-,CLOSED,-,-,-,-,-,-,CLOSED
20250620,08:15,-,-,-,-,-,-,-,-,-,-,-,-,-,-,-,-,-,-,-,-,-,-,-,-,-,CLOSED,-,-,-,-,-,-,CLOSED
20250620,08:45,-,-,-,-,-,-,-,-,-,-,-,-,-,-,-,-,-,-,-,-,-,-,-,-,-,CLOSED,-,-,-,-,-,-,CLOSED
20250620,09:15,40,10,-,-,80,15,10,-,5,10,5,5,-,15,-,-,5,15,5,5,5,-,5,5,-,CLOSED,-,5,5,5,5,5,CLOSED
20250620,09:45,160,90,50,10,140,70,80,-,15,60,20,5,-,15,-,-,5,15,5,5,5,-,5,5,-,CLOSED,-,5,5,5,5,5,CLOSED
20250620,10:15,200,120,90,60,120,90,120,-,50,100,-,-,-,30,-,-,20,15,5,5,-,5,10,5,5,CLOSED,-,5,5,5,10,5,CLOSED
20250620,10:45,180,120,80,60,120,120,90,-,70,140,-,-,-,40,-,-,30,40,-,15,-,15,20,5,5,CLOSED,-,20,10,15,15,15,CLOSED
20250620,11:15,140,120,80,60,120,100,80,80,70,120,5,15,-,30,-,-,25,30,-,15,5,15,20,5,5,CLOSED,-,25,15,20,40,25,CLOSED
20250620,11:45,140,100,80,50,100,90,80,40,60,120,10,-,-,20,-,-,25,30,15,15,5,15,15,10,5,CLOSED,-,20,20,20,30,25,CLOSED
20250620,12:15,140,80,80,50,100,90,70,70,50,120,10,-,5,20,-,5,20,30,25,20,5,30,25,10,5,CLOSED,-,20,20,20,25,20,CLOSED
20250620,12:45,140,90,80,40,120,100,70,70,60,100,-,-,5,15,-,-,20,30,30,15,-,30,25,5,5,CLOSED,-,25,15,15,40,25,CLOSED
20250620,13:15,120,90,70,50,120,90,80,70,60,120,-,-,5,20,5,-,25,30,30,25,-,15,10,5,5,CLOSED,-,25,10,20,30,25,CLOSED
20250620,13:45,160,80,-,50,140,80,140,80,60,120,15,5,5,15,5,5,25,30,30,25,15,30,25,5,5,CLOSED,-,25,15,20,40,20,CLOSED
20250620,14:15,140,90,-,50,120,90,80,90,70,120,10,5,5,20,5,5,30,30,30,25,15,30,25,10,5,CLOSED,-,20,15,20,30,25,CLOSED
20250620,14:45,140,90,-,50,100,90,90,80,60,90,-,15,5,40,5,-,25,20,40,25,-,30,15,15,10,CLOSED,-,30,15,20,30,25,CLOSED
20250620,15:15,140,80,90,40,120,80,80,80,60,120,-,-,5,30,5,-,25,30,30,30,-,30,20,10,10,CLOSED,-,25,10,20,30,25,CLOSED
20250620,15:45,120,80,120,40,120,100,100,80,60,100,10,5,5,15,5,5,25,30,25,25,5,15,15,5,10,CLOSED,-,15,10,20,30,25,CLOSED
20250620,16:15,140,70,100,40,120,120,100,100,70,90,15,10,5,40,5,5,20,20,25,20,15,15,15,5,10,CLOSED,-,15,15,15,25,20,CLOSED
20250620,16:45,120,90,70,50,120,120,100,80,60,100,25,20,5,20,5,10,25,20,30,25,25,15,15,5,10,CLOSED,-,20,10,15,25,20,CLOSED
20250620,17:15,120,100,90,50,120,120,100,80,60,100,25,25,10,20,5,10,20,15,25,20,25,15,20,5,10,CLOSED,-,20,5,10,20,15,CLOSED
20250620,17:45,140,80,-,50,140,100,100,80,50,120,15,30,5,20,5,10,25,15,20,20,25,15,25,5,10,CLOSED,-,25,15,15,25,15,CLOSED
20250620,18:15,120,80,-,50,140,100,80,70,60,100,-,-,-,20,5,-,25,15,25,20,-,15,20,5,10,CLOSED,-,25,15,5,15,15,CLOSED
20250620,18:45,120,80,40,50,120,90,90,70,60,80,-,-,-,15,5,-,15,15,30,25,-,15,25,5,5,CLOSED,-,25,10,5,20,15,CLOSED
20250620,19:15,90,70,80,40,120,80,80,60,50,70,-,-,-,15,-,-,15,15,25,25,-,15,20,5,5,CLOSED,-,15,20,10,20,10,CLOSED
20250620,19:45,80,50,50,40,90,70,60,40,40,50,-,-,-,15,-,-,10,15,20,20,-,15,20,5,5,CLOSED,-,15,10,5,10,10,CLOSED
20250620,20:15,-,40,30,30,70,-,40,40,30,40,-,-,-,15,-,-,5,15,20,20,-,15,10,5,5,CLOSED,-,5,5,5,10,5,CLOSED
20250620,20:45,-,20,-,20,-,-,30,-,30,-,-,-,-,15,-,-,5,15,5,10,-,-,5,5,5,CLOSED,-,5,5,5,10,5,CLOSED
20250620,21:15,-,-,-,-,-,-,-,-,-,-,-,-,-,-,-,-,-,-,-,-,-,-,-,-,-,CLOSED,-,-,-,-,-,-,CLOSED
20250620,21:45,-,-,-,-,-,-,-,-,-,-,-,-,-,-,-,-,-,-,-,-,-,-,-,-,-,CLOSED,-,-,-,-,-,-,CLOSED
20250621,07:15,-,-,-,-,-,-,-,-,-,-,-,-,-,-,-,-,-,-,-,-,-,-,-,-,-,CLOSED,-,-,-,-,-,-,CLOSED
20250621,07:45,-,-,-,-,-,-,-,-,-,-,-,-,-,-,-,-,-,-,-,-,-,-,-,-,-,CLOSED,-,-,-,-,-,-,CLOSED
20250621,08:15,-,-,-,-,-,-,-,-,-,-,-,-,-,-,-,-,-,-,-,-,-,-,-,-,-,CLOSED,-,-,-,-,-,-,CLOSED
20250621,08:45,-,-,-,-,-,-,-,-,-,-,-,-,-,-,-,-,-,-,-,-,-,-,-,-,-,CLOSED,-,-,-,-,-,-,CLOSED
20250621,09:15,120,60,-,40,140,30,70,5,5,50,10,5,-,15,-,-,5,15,5,5,5,-,5,5,-,CLOSED,-,5,5,5,5,5,CLOSED
20250621,09:45,180,100,30,70,140,90,120,60,60,100,20,5,-,20,-,-,5,15,5,5,5,-,5,5,-,CLOSED,-,5,5,5,5,5,CLOSED
20250621,10:15,180,80,100,60,160,100,100,100,60,100,-,-,-,20,-,-,25,20,20,5,-,5,10,5,5,CLOSED,-,10,10,5,5,10,CLOSED
20250621,10:45,180,90,100,60,160,120,100,100,70,180,-,-,-,40,-,-,40,30,40,15,-,15,20,5,5,CLOSED,-,20,10,10,20,20,CLOSED
20250621,11:15,180,120,120,50,140,160,120,100,90,160,25,25,-,50,-,-,25,50,30,15,5,15,20,10,5,CLOSED,-,25,20,20,30,25,CLOSED
20250621,11:45,160,120,100,70,140,140,100,90,90,140,20,-,-,40,-,-,30,40,40,20,5,15,25,20,5,CLOSED,-,25,15,15,40,25,CLOSED
20250621,12:15,180,90,120,60,120,120,100,90,90,120,15,10,5,20,-,5,25,30,30,20,10,15,30,20,5,CLOSED,-,25,15,20,40,25,CLOSED
20250621,12:45,160,70,120,50,140,120,100,90,60,140,-,20,5,30,-,-,25,30,25,20,-,30,20,15,15,CLOSED,-,25,15,20,40,25,CLOSED
20250621,13:15,140,100,100,40,140,120,100,90,80,120,-,20,5,40,5,-,25,40,30,25,-,30,20,15,15,CLOSED,-,30,25,20,40,25,CLOSED
20250621,13:45,160,100,100,50,140,90,100,100,70,120,10,10,5,40,5,5,25,30,30,25,10,45,30,15,5,CLOSED,-,25,20,20,40,25,CLOSED
20250621,14:15,160,90,-,60,140,90,100,100,80,140,20,15,5,40,5,5,25,40,30,20,25,30,20,20,10,CLOSED,-,25,15,20,30,25,CLOSED
20250621,14:45,160,100,-,70,140,120,100,100,80,120,-,25,5,40,5,-,30,40,30,30,-,30,25,20,10,CLOSED,-,25,15,25,40,25,CLOSED
20250621,15:15,-,100,60,60,160,120,120,100,70,120,-,-,5,40,5,-,20,40,30,30,-,45,25,20,10,CLOSED,-,30,20,20,40,30,CLOSED
20250621,15:45,-,120,140,60,160,140,140,100,70,140,-,-,5,30,5,-,30,40,30,25,-,30,25,20,10,CLOSED,-,25,20,20,30,25,CLOSED
20250621,16:15,140,140,-,70,180,140,140,120,80,160,25,30,5,40,-,15,25,30,30,25,30,30,30,15,5,CLOSED,-,30,15,20,40,25,CLOSED
20250621,16:45,180,-,-,70,180,160,140,100,90,140,25,40,5,50,5,25,30,40,40,25,25,30,30,20,5,CLOSED,-,25,20,15,30,25,CLOSED
20250621,17:15,200,-,-,60,160,160,140,120,80,140,30,50,5,50,5,25,25,30,40,25,25,30,25,20,20,CLOSED,-,30,25,15,30,20,CLOSED
20250621,17:45,180,120,140,70,180,140,140,100,80,120,30,35,5,40,5,15,25,20,30,20,35,30,30,15,15,CLOSED,-,30,20,15,30,20,CLOSED
20250621,18:15,140,100,140,70,160,140,140,100,70,120,-,-,-,20,5,-,25,15,30,25,-,15,40,10,5,CLOSED,-,30,20,15,25,20,CLOSED
20250621,18:45,120,100,140,60,160,140,120,80,80,100,-,-,-,20,15,-,25,20,30,25,-,15,20,10,5,CLOSED,-,40,20,10,15,15,CLOSED
20250621,19:15,100,100,120,60,140,100,90,80,60,90,-,-,-,20,-,-,20,15,30,25,-,30,25,5,5,CLOSED,-,30,20,10,15,10,CLOSED
20250621,19:45,-,90,90,50,-,-,70,50,60,70,-,-,-,15,-,-,15,15,30,20,-,30,25,5,5,CLOSED,-,15,15,10,15,10,CLOSED
20250621,20:15,-,-,-,40,-,-,-,50,50,-,-,-,-,15,-,-,5,15,20,20,-,15,20,5,5,CLOSED,-,15,10,5,10,5,CLOSED
20250621,20:45,-,-,-,-,-,-,-,50,-,-,-,-,-,15,-,-,5,15,10,15,-,-,20,5,5,CLOSED,-,15,5,5,5,5,CLOSED
20250621,21:15,-,-,-,-,-,-,-,-,-,-,-,-,-,-,-,-,-,-,-,-,-,-,-,-,-,CLOSED,-,-,-,-,-,-,CLOSED
20250621,21:45,-,-,-,-,-,-,-,-,-,-,-,-,-,-,-,-,-,-,-,-,-,-,-,-,-,CLOSED,-,-,-,-,-,-,CLOSED
20250622,07:15,-,-,-,-,-,-,-,-,-,-,-,-,-,-,-,-,-,-,-,-,-,-,-,-,-,CLOSED,-,-,-,-,-,-,CLOSED
20250622,07:45,-,-,-,-,-,-,-,-,-,-,-,-,-,-,-,-,-,-,-,-,-,-,-,-,-,CLOSED,-,-,-,-,-,-,CLOSED
20250622,08:15,-,-,-,-,-,-,-,-,-,-,-,-,-,-,-,-,-,-,-,-,-,-,-,-,-,CLOSED,-,-,-,-,-,-,CLOSED
20250622,08:45,-,-,-,-,-,-,-,-,-,-,-,-,-,-,-,-,-,-,-,-,-,-,-,-,-,CLOSED,-,-,-,-,-,-,CLOSED
20250622,09:15,90,50,20,30,120,40,80,5,5,60,5,5,-,20,-,-,5,15,5,5,5,-,5,5,-,CLOSED,-,5,5,5,5,5,CLOSED
20250622,09:45,220,120,90,60,120,80,120,60,60,80,-,10,-,20,-,-,10,15,5,5,5,-,5,5,-,CLOSED,-,5,5,5,5,5,CLOSED
20250622,10:15,220,120,120,70,160,100,80,80,70,140,-,-,-,40,-,-,30,20,20,5,-,15,15,5,5,CLOSED,-,20,5,5,10,5,CLOSED
20250622,10:45,200,120,90,70,120,100,100,90,70,120,-,-,-,50,-,-,25,30,40,15,-,15,25,5,5,CLOSED,-,25,15,15,20,15,CLOSED
20250622,11:15,180,90,80,60,120,90,120,90,80,100,5,5,-,30,-,-,25,30,40,15,5,15,25,5,5,CLOSED,-,25,15,15,30,20,CLOSED
20250622,11:45,160,90,80,60,120,120,90,80,60,-,10,15,-,30,-,-,25,30,25,15,5,15,25,15,5,CLOSED,-,25,10,15,25,20,CLOSED
20250622,12:15,140,80,100,60,120,140,80,90,70,-,15,15,5,30,-,5,20,30,25,15,5,15,25,10,5,CLOSED,-,20,15,15,40,25,CLOSED
20250622,12:45,140,80,80,50,120,120,120,90,70,-,-,20,5,30,-,-,20,20,30,20,-,30,25,15,10,CLOSED,-,20,20,15,30,20,CLOSED
20250622,13:15,120,90,90,50,120,100,120,90,80,100,-,-,5,20,5,-,25,40,30,25,-,30,25,15,5,CLOSED,-,25,10,15,30,15,CLOSED
20250622,13:45,160,90,80,60,120,100,120,90,70,120,5,10,5,30,5,5,25,20,30,20,5,15,20,10,10,CLOSED,-,30,10,20,20,25,CLOSED
20250622,14:15,160,100,90,50,120,100,90,80,70,100,20,10,5,30,5,5,20,30,30,20,25,30,20,10,5,CLOSED,-,25,20,20,30,25,CLOSED
20250622,14:45,120,120,80,50,120,100,100,80,70,100,-,-,5,40,5,-,25,30,30,30,-,30,20,10,5,CLOSED,-,20,20,20,30,25,CLOSED
20250622,15:15,160,100,90,50,120,100,100,80,70,120,-,-,5,40,10,-,25,30,30,25,-,30,25,10,5,CLOSED,-,25,20,20,30,20,CLOSED
20250622,15:45,140,80,90,50,120,120,100,100,60,140,-,-,10,30,10,-,25,50,30,30,-,30,25,10,5,CLOSED,-,30,15,20,30,20,CLOSED
20250622,16:15,160,100,90,60,140,140,120,80,70,140,10,-,5,40,10,5,25,20,30,25,5,30,25,10,10,CLOSED,-,25,20,20,20,20,CLOSED
20250622,16:45,180,-,-,60,160,140,120,90,60,140,20,15,10,50,5,10,25,20,25,20,30,30,25,10,5,CLOSED,-,25,15,15,30,20,CLOSED
20250622,17:15,160,-,-,60,140,100,120,90,80,140,20,30,5,20,5,15,20,20,25,20,20,30,25,10,5,CLOSED,-,25,15,15,15,20,CLOSED
20250622,17:45,140,80,80,50,140,100,120,80,60,140,20,40,5,40,5,15,20,15,25,15,20,30,25,5,5,CLOSED,-,30,20,10,20,15,CLOSED
20250622,18:15,120,100,100,50,140,100,120,60,70,140,-,-,-,20,5,-,20,15,20,15,-,15,25,5,5,CLOSED,-,25,10,10,15,15,CLOSED
20250622,18:45,120,120,100,50,120,100,100,60,60,100,-,-,-,20,5,-,20,15,25,25,-,15,20,5,5,CLOSED,-,25,15,5,15,10,CLOSED
20250622,19:15,100,100,90,40,100,100,80,60,50,90,-,-,-,15,-,-,15,15,20,25,-,15,20,5,5,CLOSED,-,25,20,5,15,10,CLOSED
20250622,19:45,90,50,60,40,90,80,50,50,40,60,-,-,-,20,-,-,5,15,15,20,-,15,25,5,5,CLOSED,-,15,5,5,10,5,CLOSED
20250622,20:15,-,30,-,30,-,-,50,40,30,-,-,-,-,20,-,-,5,15,5,20,-,15,10,5,5,CLOSED,-,5,5,5,5,5,CLOSED
20250622,20:45,-,-,5,-,-,-,-,-,25,-,-,-,-,15,-,-,5,15,5,10,-,-,5,5,5,CLOSED,-,5,5,5,5,5,CLOSED
20250622,21:15,-,-,-,-,-,-,-,-,-,-,-,-,-,-,-,-,-,-,-,-,-,-,-,-,-,CLOSED,-,-,-,-,-,-,CLOSED
20250622,21:45,-,-,-,-,-,-,-,-,-,-,-,-,-,-,-,-,-,-,-,-,-,-,-,-,-,CLOSED,-,-,-,-,-,-,CLOSED
20250623,07:15,-,-,-,-,-,-,-,-,-,-,-,-,-,-,-,-,-,-,-,-,-,-,-,-,-,CLOSED,-,-,-,-,-,-,CLOSED
20250623,07:45,-,-,-,-,-,-,-,-,-,-,-,-,-,-,-,-,-,-,-,-,-,-,-,-,-,CLOSED,-,-,-,-,-,-,CLOSED
20250623,08:15,-,-,-,-,-,-,-,-,-,-,-,-,-,-,-,-,-,-,-,-,-,-,-,-,-,CLOSED,-,-,-,-,-,-,CLOSED
20250623,08:45,-,-,-,-,-,-,-,-,-,-,-,-,-,-,-,-,-,-,-,-,-,-,-,-,-,CLOSED,-,-,-,-,-,-,CLOSED
20250623,09:15,50,10,10,10,50,10,15,5,5,10,5,5,-,20,-,-,5,15,5,5,5,-,5,5,-,CLOSED,-,5,5,5,5,5,CLOSED
20250623,09:45,100,90,40,50,120,70,80,5,10,-,-,5,-,20,-,-,5,15,5,5,20,-,5,5,-,CLOSED,-,5,5,5,5,5,CLOSED
20250623,10:15,180,100,60,50,140,80,100,70,60,-,-,-,-,20,-,-,25,15,10,5,-,15,15,5,5,CLOSED,-,5,10,5,5,5,CLOSED
20250623,10:45,160,120,80,70,100,80,80,70,70,60,-,-,-,40,-,-,30,20,-,10,-,15,20,5,5,CLOSED,-,15,10,5,20,15,CLOSED
20250623,11:15,140,100,60,60,90,70,50,70,60,90,5,5,-,30,-,-,25,40,-,15,5,15,20,5,5,CLOSED,-,30,15,15,20,15,CLOSED
20250623,11:45,120,70,70,50,80,70,60,60,50,80,5,5,-,30,-,-,20,30,10,10,5,15,25,5,5,CLOSED,-,25,20,15,20,15,CLOSED
20250623,12:15,120,70,50,40,120,80,80,60,60,100,10,10,5,15,-,5,25,15,25,15,10,15,25,5,5,CLOSED,-,25,15,5,20,15,CLOSED
20250623,12:45,120,80,70,50,120,90,70,70,60,100,-,5,5,20,-,5,20,15,30,15,5,30,20,5,5,CLOSED,-,25,10,10,25,15,CLOSED
20250623,13:15,120,80,70,50,120,90,60,70,60,90,-,-,5,20,5,-,20,20,30,20,-,15,20,5,5,CLOSED,-,30,10,20,25,20,CLOSED
20250623,13:45,120,70,60,50,90,90,70,70,60,90,5,5,5,20,5,5,15,20,30,20,5,15,25,10,5,CLOSED,-,25,15,15,25,20,CLOSED
20250623,14:15,120,70,70,50,100,90,80,60,60,90,5,10,5,15,5,5,20,30,30,20,10,15,25,5,5,CLOSED,-,15,15,15,25,20,CLOSED
20250623,14:45,140,80,70,50,100,70,70,70,70,100,5,15,5,15,15,5,20,20,30,20,20,15,25,5,5,CLOSED,-,30,15,20,25,20,CLOSED
20250623,15:15,120,80,60,50,80,70,80,80,60,100,-,-,5,20,15,-,20,30,30,25,-,15,25,5,5,CLOSED,-,25,15,15,25,20,CLOSED
20250623,15:45,120,80,80,40,100,80,80,60,70,90,-,-,5,20,15,-,20,-,25,25,-,15,25,5,5,CLOSED,-,25,15,15,10,20,CLOSED
20250623,16:15,100,80,80,50,100,80,80,70,70,90,15,10,5,20,15,5,20,-,30,20,5,15,20,5,5,CLOSED,-,25,10,10,20,10,CLOSED
20250623,16:45,120,80,50,40,120,90,80,60,70,90,15,30,5,20,15,5,25,15,30,15,20,15,20,5,5,CLOSED,-,25,10,10,20,15,CLOSED
20250623,17:15,120,80,50,40,100,80,60,60,70,90,15,25,5,15,15,5,20,15,25,20,20,15,20,5,5,CLOSED,-,15,10,10,20,15,CLOSED
20250623,17:45,120,60,50,50,100,90,60,60,40,100,15,25,5,15,15,5,15,15,20,15,15,15,15,5,5,CLOSED,-,25,10,10,10,15,CLOSED
20250623,18:15,100,70,50,40,100,80,70,50,60,90,10,25,-,15,15,5,15,15,20,15,-,15,20,5,5,CLOSED,-,15,5,10,15,15,CLOSED
20250623,18:45,90,60,-,50,100,80,70,50,60,80,-,-,-,15,15,-,15,15,20,20,-,15,20,5,5,CLOSED,-,25,10,10,20,10,CLOSED
20250623,19:15,80,50,-,40,90,80,60,50,40,70,-,-,-,20,-,-,15,15,20,25,-,15,15,5,5,CLOSED,-,15,15,10,15,10,CLOSED
20250623,19:45,70,30,15,30,70,70,40,30,30,50,-,-,-,20,-,-,5,15,15,20,-,15,15,5,5,CLOSED,-,25,10,10,10,5,CLOSED
20250623,20:15,50,20,20,25,60,50,40,25,15,50,-,-,-,15,-,-,5,15,5,15,-,15,10,5,5,CLOSED,-,5,5,10,5,5,CLOSED
20250623,20:45,-,15,10,-,-,-,25,10,15,25,-,-,-,15,-,-,5,15,5,5,-,-,5,5,5,CLOSED,-,5,5,10,5,5,CLOSED
20250623,21:15,-,-,-,-,-,-,-,-,-,-,-,-,-,-,-,-,-,-,-,-,-,-,-,-,-,CLOSED,-,-,-,-,-,-,CLOSED
20250623,21:45,-,-,-,-,-,-,-,-,-,-,-,-,-,-,-,-,-,-,-,-,-,-,-,-,-,CLOSED,-,-,-,-,-,-,CLOSED
20250624,07:15,-,-,-,-,-,-,-,-,-,-,-,-,-,-,-,-,-,-,-,-,-,-,-,-,-,CLOSED,-,-,-,-,-,-,CLOSED
20250624,07:45,-,-,-,-,-,-,-,-,-,-,-,-,-,-,-,-,-,-,-,-,-,-,-,-,-,CLOSED,-,-,-,-,-,-,CLOSED
20250624,08:15,-,-,-,-,-,-,-,-,-,-,-,-,-,-,-,-,-,-,-,-,-,-,-,-,-,CLOSED,-,-,-,-,-,-,CLOSED
20250624,08:45,-,-,-,-,-,-,-,-,-,-,-,-,-,-,-,-,-,-,-,-,-,-,-,-,-,CLOSED,-,-,-,-,-,-,CLOSED
20250624,09:15,30,10,5,10,50,10,15,5,5,-,5,5,-,20,-,-,-,15,-,-,5,-,5,5,-,CLOSED,-,5,5,5,5,5,CLOSED
20250624,09:45,140,90,35,40,120,50,60,5,5,60,15,5,-,20,-,-,5,15,5,5,5,-,5,5,-,CLOSED,-,5,5,5,5,5,CLOSED
20250624,10:15,160,90,60,50,120,70,80,70,60,90,-,-,-,20,-,-,20,15,5,5,5,15,5,5,5,CLOSED,-,5,10,5,5,5,CLOSED
20250624,10:45,140,100,70,50,100,80,80,60,60,90,-,-,-,20,-,-,25,20,-,15,-,15,20,5,5,CLOSED,-,15,15,5,10,10,CLOSED
20250624,11:15,120,90,60,60,120,70,80,60,60,80,5,5,-,15,-,-,20,30,10,10,5,15,25,5,5,CLOSED,-,25,10,5,20,15,CLOSED
20250624,11:45,120,80,60,50,90,70,60,70,40,80,10,10,-,20,-,-,25,20,25,10,5,15,15,5,5,CLOSED,-,20,15,15,20,20,CLOSED
20250624,12:15,120,90,60,50,100,70,60,60,60,90,5,5,5,15,-,5,20,20,25,15,5,15,15,5,5,CLOSED,-,20,5,10,20,20,CLOSED
20250624,12:45,100,70,60,40,100,80,50,60,60,90,5,5,5,15,-,-,20,30,25,15,-,15,15,5,5,CLOSED,-,15,10,15,20,15,CLOSED
20250624,13:15,120,80,60,40,90,70,60,70,60,120,-,-,5,15,5,-,20,20,25,20,-,15,20,5,5,CLOSED,-,25,10,15,20,20,CLOSED
20250624,13:45,120,80,50,40,100,60,70,70,50,100,5,10,5,20,5,5,20,20,25,20,5,15,15,5,5,CLOSED,-,15,10,15,25,20,CLOSED
20250624,14:15,120,60,60,40,100,60,60,70,60,80,5,5,5,20,5,5,20,20,25,15,10,15,15,5,5,CLOSED,-,15,5,15,25,20,CLOSED
20250624,14:45,120,80,60,50,100,80,60,60,60,80,-,5,5,20,5,5,25,20,20,20,-,15,20,5,5,CLOSED,-,20,10,10,25,25,CLOSED
20250624,15:15,120,100,50,50,90,90,60,60,60,100,-,-,5,15,5,-,15,20,25,20,-,15,20,5,5,CLOSED,-,25,10,10,25,15,CLOSED
20250624,15:45,120,90,50,40,100,80,70,50,60,100,-,-,5,15,5,-,20,15,25,25,-,15,20,5,5,CLOSED,-,25,10,10,25,15,CLOSED
20250624,16:15,90,90,50,40,120,90,80,70,60,-,5,10,5,15,5,5,15,15,25,20,10,15,25,5,5,CLOSED,-,15,10,15,20,15,CLOSED
20250624,16:45,100,90,50,40,100,100,70,60,70,-,15,20,5,15,5,5,20,15,30,20,20,15,20,5,5,CLOSED,-,25,10,10,20,15,CLOSED
20250624,17:15,140,80,50,50,100,90,70,50,60,120,15,15,5,15,5,5,20,15,20,20,20,15,10,5,5,CLOSED,-,15,5,10,25,15,CLOSED
20250624,17:45,140,50,50,40,120,80,60,60,50,140,20,20,5,20,5,5,15,15,25,20,15,15,20,5,5,CLOSED,-,10,5,10,20,15,CLOSED
20250624,18:15,100,60,40,40,90,90,60,60,60,50,-,40,-,20,5,5,20,15,20,20,-,15,15,5,5,CLOSED,-,15,10,5,20,15,CLOSED
20250624,18:45,100,60,40,40,90,90,60,50,50,80,-,-,-,20,5,-,15,15,15,25,-,15,15,5,5,CLOSED,-,20,5,5,15,10,CLOSED
20250624,19:15,90,40,30,40,90,90,80,40,50,80,-,-,-,20,-,-,15,15,15,20,-,15,15,5,5,CLOSED,-,10,5,5,10,10,CLOSED
20250624,19:45,80,40,30,40,80,60,50,25,40,70,-,-,-,20,-,-,5,15,15,20,-,15,10,5,5,CLOSED,-,10,5,5,20,5,CLOSED
20250624,20:15,70,30,10,30,40,50,25,20,30,50,-,-,-,15,-,-,5,15,10,15,-,15,5,5,5,CLOSED,-,5,5,5,5,5,CLOSED
20250624,20:45,30,20,10,25,-,-,20,10,15,-,-,-,-,15,-,-,5,15,5,10,-,-,5,5,5,CLOSED,-,5,5,5,5,5,CLOSED
20250624,21:15,-,-,-,-,-,-,-,-,-,-,-,-,-,-,-,-,-,-,-,-,-,-,-,-,-,CLOSED,-,-,-,-,-,-,CLOSED
20250624,21:45,-,-,-,-,-,-,-,-,-,-,-,-,-,-,-,-,-,-,-,-,-,-,-,-,-,CLOSED,-,-,-,-,-,-,CLOSED
20250625,07:15,-,-,-,-,-,-,-,-,-,-,-,-,-,-,-,-,-,-,-,-,-,-,-,-,-,CLOSED,-,-,-,-,-,-,CLOSED
20250625,07:45,-,-,-,-,-,-,-,-,-,-,-,-,-,-,-,-,-,-,-,-,-,-,-,-,-,CLOSED,-,-,-,-,-,-,CLOSED
20250625,08:15,-,-,-,-,-,-,-,-,-,-,-,-,-,-,-,-,-,-,-,-,-,-,-,-,-,CLOSED,-,-,-,-,-,-,CLOSED
20250625,08:45,-,-,-,-,-,-,-,-,-,-,-,-,-,-,-,-,-,-,-,-,-,-,-,-,-,CLOSED,-,-,-,-,-,-,CLOSED
20250625,09:15,50,5,-,15,50,15,10,5,5,10,5,5,-,20,-,-,-,15,5,-,5,-,5,5,-,CLOSED,-,5,5,5,5,5,CLOSED
20250625,09:45,120,60,-,40,140,60,70,15,15,50,20,5,-,15,-,-,-,15,5,-,5,-,5,5,-,CLOSED,-,5,5,5,5,5,CLOSED
20250625,10:15,140,80,70,40,140,70,80,70,60,80,-,-,-,20,-,-,-,15,15,-,-,15,5,5,5,CLOSED,-,5,5,5,5,5,CLOSED
20250625,10:45,140,80,-,60,120,70,50,60,60,70,-,-,-,20,-,-,-,15,20,-,-,15,5,5,5,CLOSED,-,5,5,5,10,5,CLOSED
20250625,11:15,120,90,-,40,120,80,50,50,60,80,15,5,-,10,-,-,10,40,5,10,5,15,5,5,5,CLOSED,-,5,5,10,15,15,CLOSED
20250625,11:45,120,80,-,40,80,70,70,50,60,70,25,5,-,25,-,-,25,20,5,10,5,15,5,5,5,CLOSED,-,5,5,10,15,15,CLOSED
20250625,12:15,100,70,-,40,90,70,50,60,40,70,20,-,5,15,-,5,20,15,10,20,5,15,10,5,5,CLOSED,-,15,5,10,15,15,CLOSED
20250625,12:45,120,60,-,40,100,70,50,50,40,90,-,-,5,15,-,-,15,15,15,15,5,15,5,5,5,CLOSED,-,10,5,10,15,15,CLOSED
20250625,13:15,120,70,-,50,120,80,60,70,40,80,5,5,5,20,5,5,25,30,5,25,5,15,5,5,5,CLOSED,-,5,5,10,25,20,CLOSED
20250625,13:45,90,50,60,-,90,70,60,60,40,80,15,5,5,20,5,5,15,15,5,15,5,15,5,5,5,CLOSED,-,5,5,15,30,15,CLOSED
20250625,14:15,100,70,50,-,100,70,60,60,50,80,15,5,5,20,5,5,10,15,10,15,10,15,10,5,5,CLOSED,-,15,5,15,25,15,CLOSED
20250625,14:45,140,70,70,5,90,70,70,60,40,80,-,15,5,20,5,5,30,15,5,20,-,15,5,5,5,CLOSED,-,5,5,15,25,20,CLOSED
20250625,15:15,120,50,70,50,100,60,60,50,50,90,-,-,5,15,5,-,15,15,10,20,-,15,15,5,5,CLOSED,-,15,10,15,25,20,CLOSED
20250625,15:45,100,50,70,40,100,60,60,60,60,90,15,5,5,15,5,5,20,15,15,20,5,15,15,5,5,CLOSED,-,15,10,5,25,15,CLOSED
20250625,16:15,90,60,80,50,90,70,60,50,60,90,10,10,5,15,5,5,10,15,10,20,5,15,5,5,5,CLOSED,-,15,10,5,25,20,CLOSED
20250625,16:45,90,50,60,40,100,60,60,50,60,70,20,10,5,15,5,5,25,15,15,15,10,15,15,5,5,CLOSED,-,15,5,5,15,15,CLOSED
20250625,17:15,90,40,70,40,80,60,60,50,60,70,20,10,5,15,5,5,15,15,15,20,25,15,15,5,5,CLOSED,-,10,5,5,15,10,CLOSED
20250625,17:45,90,40,70,40,100,70,50,50,40,70,20,20,5,15,5,5,15,15,15,15,5,15,10,5,5,CLOSED,-,10,5,5,15,10,CLOSED
20250625,18:15,120,40,70,40,100,70,50,40,50,60,20,-,-,15,5,5,20,15,5,15,-,15,10,5,5,CLOSED,-,10,5,5,15,5,CLOSED
20250625,18:45,90,40,50,40,100,60,50,40,50,50,-,-,-,20,5,-,20,15,10,15,-,15,15,5,5,CLOSED,-,10,5,5,15,5,CLOSED
20250625,19:15,80,30,50,40,90,60,50,30,40,50,-,-,-,20,-,-,10,15,5,20,-,15,10,5,5,CLOSED,-,10,5,5,10,5,CLOSED
20250625,19:45,50,25,30,30,60,60,30,30,30,50,-,-,-,20,-,-,5,15,5,20,-,15,10,5,5,CLOSED,-,5,5,5,5,5,CLOSED
20250625,20:15,40,20,-,30,50,40,30,20,20,40,-,-,-,20,-,-,5,15,5,15,-,15,5,5,5,CLOSED,-,5,5,5,5,5,CLOSED
20250625,20:45,30,5,-,15,30,-,30,10,5,20,-,-,-,15,-,-,5,15,5,10,-,-,5,5,5,CLOSED,-,5,5,5,5,5,CLOSED
20250625,21:15,-,-,-,-,-,-,-,-,-,-,-,-,-,-,-,-,-,-,-,-,-,-,-,-,-,CLOSED,-,-,-,-,-,-,CLOSED
20250625,21:45,-,-,-,-,-,-,-,-,-,-,-,-,-,-,-,-,-,-,-,-,-,-,-,-,-,CLOSED,-,-,-,-,-,-,CLOSED
20250626,07:15,-,-,-,-,-,-,-,-,-,-,-,-,-,-,-,-,-,-,-,-,-,-,-,-,-,CLOSED,-,-,-,-,-,-,CLOSED
20250626,07:45,-,-,-,-,-,-,-,-,-,-,-,-,-,-,-,-,-,-,-,-,-,-,-,-,-,CLOSED,-,-,-,-,-,-,CLOSED
20250626,08:15,-,-,-,-,-,-,-,-,-,-,-,-,-,-,-,-,-,-,-,-,-,-,-,-,-,CLOSED,-,-,-,-,-,-,CLOSED
20250626,08:45,-,-,-,-,-,-,-,-,-,-,-,-,-,-,-,-,-,-,-,-,-,-,-,-,-,CLOSED,-,-,-,-,-,-,CLOSED
20250626,09:15,30,5,-,10,40,10,10,5,5,10,5,5,-,15,-,-,5,15,5,5,5,-,5,5,-,CLOSED,-,5,5,5,5,5,CLOSED
20250626,09:45,160,100,-,40,100,50,60,5,20,60,20,5,-,15,-,-,5,15,5,5,5,-,5,5,-,CLOSED,-,5,5,5,5,5,CLOSED
20250626,10:15,180,100,40,60,140,60,120,60,60,120,-,-,-,20,-,-,25,15,10,5,-,15,5,5,5,CLOSED,-,5,5,5,10,5,CLOSED
20250626,10:45,160,90,80,50,120,100,80,60,60,120,5,5,-,40,-,-,30,40,-,10,5,15,15,5,5,CLOSED,-,10,10,10,20,10,CLOSED
20250626,11:15,120,80,90,60,120,100,80,70,60,70,25,30,-,15,-,-,25,30,20,10,5,15,15,5,5,CLOSED,-,15,15,15,25,20,CLOSED
20250626,11:45,120,90,70,40,90,90,60,70,50,90,15,20,-,15,-,-,30,20,25,10,5,15,25,5,5,CLOSED,-,25,10,15,25,20,CLOSED
20250626,12:15,140,80,70,50,100,120,50,70,60,120,10,15,5,15,-,5,25,30,25,20,5,15,20,5,5,CLOSED,-,20,15,10,25,20,CLOSED
20250626,12:45,140,80,80,40,120,80,60,60,50,90,-,5,5,20,-,-,15,30,40,15,-,15,15,5,5,CLOSED,-,20,10,15,20,20,CLOSED
20250626,13:15,120,90,-,50,140,120,90,70,60,140,-,-,5,20,5,-,25,20,25,25,-,15,15,5,5,CLOSED,-,25,10,15,30,20,CLOSED
20250626,13:45,140,90,30,50,100,100,90,80,70,120,10,5,5,20,5,5,25,30,40,20,5,15,15,10,5,CLOSED,-,25,10,15,30,20,CLOSED
20250626,14:15,140,80,80,40,80,100,80,100,70,120,10,5,5,15,5,5,15,30,30,25,10,15,20,10,5,CLOSED,-,15,5,20,30,20,CLOSED
20250626,14:45,140,90,90,50,100,100,60,80,60,120,-,20,5,30,5,-,20,20,25,20,-,15,25,5,5,CLOSED,-,25,15,15,25,20,CLOSED
20250626,15:15,100,90,80,50,100,100,70,70,70,100,-,-,5,20,5,-,25,20,30,25,-,15,25,10,5,CLOSED,-,30,15,15,25,15,CLOSED
20250626,15:45,120,90,70,50,100,100,80,80,70,80,-,-,5,20,5,-,20,30,30,20,-,15,20,5,5,CLOSED,-,25,15,15,30,20,CLOSED
20250626,16:15,120,100,80,40,120,100,60,70,70,90,10,15,5,20,10,5,25,30,30,20,10,15,30,5,5,CLOSED,-,25,15,10,20,20,CLOSED
20250626,16:45,120,90,80,50,120,100,80,70,60,100,15,25,5,20,5,5,20,20,25,20,15,15,25,5,5,CLOSED,-,25,15,10,25,15,CLOSED
20250626,17:15,120,80,70,50,120,120,70,60,70,100,20,25,5,15,5,5,20,15,25,20,25,15,25,5,5,CLOSED,-,25,10,5,10,10,CLOSED
20250626,17:45,120,70,90,40,140,120,70,70,60,100,15,20,5,15,5,10,20,15,25,20,25,15,20,5,5,CLOSED,-,15,10,5,20,10,CLOSED
20250626,18:15,100,60,90,50,100,120,80,60,60,100,15,35,-,15,5,10,25,15,25,20,-,15,15,5,5,CLOSED,-,25,15,5,20,10,CLOSED
20250626,18:45,90,70,-,40,100,90,80,60,70,100,-,-,-,15,5,-,15,15,25,30,-,15,15,5,5,CLOSED,-,10,5,10,20,15,CLOSED
20250626,19:15,90,60,-,40,120,90,70,50,50,100,-,-,-,15,-,-,15,15,15,20,-,15,15,5,5,CLOSED,-,15,5,5,20,10,CLOSED
20250626,19:45,80,40,-,40,60,80,50,50,40,80,-,-,-,20,-,-,5,15,15,20,-,15,15,5,5,CLOSED,-,10,5,5,10,5,CLOSED
20250626,20:15,-,20,-,20,60,70,40,40,10,60,-,-,-,15,-,-,5,15,5,25,-,15,5,5,5,CLOSED,-,5,5,5,10,5,CLOSED
20250626,20:45,-,15,-,-,-,-,30,20,15,-,-,-,-,20,-,-,5,15,-,10,-,-,5,5,5,CLOSED,-,5,5,5,5,5,CLOSED
20250626,21:15,-,-,-,-,-,-,-,-,-,-,-,-,-,-,-,-,-,-,-,-,-,-,-,-,-,CLOSED,-,-,-,-,-,-,CLOSED
20250626,21:45,-,-,-,-,-,-,-,-,-,-,-,-,-,-,-,-,-,-,-,-,-,-,-,-,-,CLOSED,-,-,-,-,-,-,CLOSED
20250627,07:15,-,-,-,-,-,-,-,-,-,-,-,-,-,-,-,-,-,-,-,-,-,-,-,-,-,CLOSED,-,-,-,-,-,-,CLOSED
20250627,07:45,-,-,-,-,-,-,-,-,-,-,-,-,-,-,-,-,-,-,-,-,-,-,-,-,-,CLOSED,-,-,-,-,-,-,CLOSED
20250627,08:15,-,-,-,-,-,-,-,-,-,-,-,-,-,-,-,-,-,-,-,-,-,-,-,-,-,CLOSED,-,-,-,-,-,-,CLOSED
20250627,08:45,-,-,-,-,-,-,-,-,-,-,-,-,-,-,-,-,-,-,-,-,-,-,-,-,-,CLOSED,-,-,-,-,-,-,CLOSED
20250627,09:15,40,30,15,5,50,10,15,5,5,10,5,5,-,5,-,-,5,15,5,5,5,-,5,5,-,CLOSED,-,5,5,5,5,5,CLOSED
20250627,09:45,90,60,40,40,120,50,80,5,5,50,-,5,-,20,-,-,5,15,5,5,5,-,5,5,-,CLOSED,-,5,5,5,5,5,CLOSED
20250627,10:15,160,100,70,50,140,60,70,70,40,90,-,10,-,20,-,-,20,15,5,5,-,15,5,5,5,CLOSED,-,5,5,5,10,5,CLOSED
20250627,10:45,140,90,80,60,100,80,70,60,60,100,-,-,-,30,-,-,30,15,25,10,-,15,20,5,5,CLOSED,-,15,15,15,20,15,CLOSED
20250627,11:15,120,90,70,40,100,90,80,70,50,100,30,10,-,20,-,-,25,40,30,15,5,15,15,5,5,CLOSED,-,15,5,15,25,15,CLOSED
20250627,11:45,120,80,70,40,120,90,70,60,40,100,20,10,-,30,-,-,25,40,20,20,5,15,10,5,5,CLOSED,-,25,5,15,25,20,CLOSED
20250627,12:15,120,70,-,50,100,100,60,60,60,140,15,10,5,20,-,5,20,20,25,15,5,15,20,5,5,CLOSED,-,25,10,15,25,20,CLOSED
20250627,12:45,120,80,-,50,100,90,50,80,60,140,-,-,5,15,-,-,25,30,-,20,-,15,20,10,5,CLOSED,-,25,10,20,25,20,CLOSED
20250627,13:15,140,80,60,40,90,90,80,60,60,140,5,-,5,20,5,5,30,20,-,20,5,15,20,5,5,CLOSED,-,25,10,20,40,25,CLOSED
20250627,13:45,120,70,80,40,100,70,70,70,60,160,15,-,5,20,5,5,25,15,20,15,20,30,20,5,5,CLOSED,-,25,10,15,30,30,CLOSED
20250627,14:15,100,70,-,40,120,90,70,70,60,140,20,-,5,20,5,5,25,20,30,20,15,15,10,10,5,CLOSED,-,25,10,15,30,20,CLOSED
20250627,14:45,120,80,-,50,100,90,60,70,60,120,-,-,5,25,5,-,20,30,30,20,-,15,15,5,5,CLOSED,-,25,10,20,30,25,CLOSED
20250627,15:15,140,90,40,40,90,90,90,80,60,90,-,-,5,30,5,-,25,30,30,25,-,15,20,10,5,CLOSED,-,25,10,20,40,25,CLOSED
20250627,15:45,140,80,-,50,140,90,100,60,60,120,-,-,5,15,5,-,20,30,30,25,-,15,30,5,5,CLOSED,-,20,10,20,30,20,CLOSED
20250627,16:15,140,80,-,40,140,90,100,70,60,100,10,5,5,20,5,5,25,30,30,25,20,15,20,5,5,CLOSED,-,20,10,20,30,20,CLOSED
20250627,16:45,120,70,-,50,120,90,90,90,60,90,20,30,5,30,5,5,25,20,30,25,25,15,20,10,5,CLOSED,-,25,10,10,30,25,CLOSED
20250627,17:15,140,80,-,60,-,100,90,120,60,100,20,25,5,30,5,5,20,15,25,20,25,15,20,5,5,CLOSED,-,25,15,10,25,25,CLOSED
20250627,17:45,120,70,-,60,-,120,100,100,60,100,20,30,5,30,5,5,20,15,25,20,15,15,20,5,5,CLOSED,-,10,15,10,25,15,CLOSED
20250627,18:15,140,80,-,40,-,100,120,70,60,80,-,-,-,20,5,-,25,15,-,20,-,15,20,5,5,CLOSED,-,30,15,10,20,10,CLOSED
20250627,18:45,120,80,-,50,-,80,100,50,60,120,-,-,-,15,10,-,20,20,-,25,-,15,25,5,5,CLOSED,-,25,20,10,20,15,CLOSED
20250627,19:15,90,60,-,50,80,80,80,50,60,100,-,-,-,15,-,-,20,20,20,25,-,15,25,5,5,CLOSED,-,15,20,10,20,15,CLOSED
20250627,19:45,70,40,60,30,120,70,60,40,50,90,-,-,-,20,-,-,10,15,20,20,-,15,15,5,5,CLOSED,-,20,5,5,10,15,CLOSED
20250627,20:15,-,25,60,30,-,70,50,40,25,-,-,-,-,15,-,-,10,15,15,15,-,15,10,5,5,CLOSED,-,5,5,5,5,5,CLOSED
20250627,20:45,-,20,-,-,-,-,40,-,25,-,-,-,-,25,-,-,5,15,10,10,-,-,5,5,5,CLOSED,-,5,5,5,5,5,CLOSED
20250627,21:15,-,-,-,-,-,-,-,-,-,-,-,-,-,-,-,-,-,-,-,-,-,-,-,-,-,CLOSED,-,-,-,-,-,-,CLOSED
20250627,21:45,-,-,-,-,-,-,-,-,-,-,-,-,-,-,-,-,-,-,-,-,-,-,-,-,-,CLOSED,-,-,-,-,-,-,CLOSED
20250628,07:15,-,-,-,-,-,-,-,-,-,-,-,-,-,-,-,-,-,-,-,-,-,-,-,-,-,CLOSED,-,-,-,-,-,-,CLOSED
20250628,07:45,-,-,-,-,-,-,-,-,-,-,-,-,-,-,-,-,-,-,-,-,-,-,-,-,-,CLOSED,-,-,-,-,-,-,CLOSED
20250628,08:15,-,-,-,-,-,-,-,-,-,-,-,-,-,-,-,-,-,-,-,-,-,-,-,-,-,CLOSED,-,-,-,-,-,-,CLOSED
20250628,08:45,-,-,-,-,-,-,-,-,-,-,-,-,-,-,-,-,-,-,-,-,-,-,-,-,-,CLOSED,-,-,-,-,-,-,CLOSED
20250628,09:15,80,50,25,15,120,40,50,5,5,40,10,5,-,20,-,-,5,15,5,5,5,-,5,5,-,CLOSED,-,-,5,5,5,5,CLOSED
20250628,09:45,180,90,80,50,120,70,90,50,60,90,25,5,-,20,-,-,5,15,5,5,5,-,5,5,-,CLOSED,-,5,5,5,5,5,CLOSED
20250628,10:15,180,120,120,70,120,100,120,80,90,120,-,-,-,40,-,-,30,15,25,5,5,15,10,5,5,CLOSED,-,15,10,5,10,5,CLOSED
20250628,10:45,180,120,120,70,120,140,140,100,60,100,-,-,-,40,-,-,30,50,-,15,-,15,10,5,5,CLOSED,-,25,15,15,25,20,CLOSED
20250628,11:15,180,100,100,60,120,100,120,120,70,90,15,10,-,40,-,-,20,30,-,20,5,15,20,10,5,CLOSED,-,25,20,20,40,30,CLOSED
20250628,11:45,180,90,90,50,120,100,100,100,90,120,20,15,-,20,-,-,25,30,20,15,5,30,20,15,5,CLOSED,-,15,15,20,30,25,CLOSED
20250628,12:15,180,80,80,40,120,120,100,80,60,140,20,5,5,20,-,5,25,30,30,20,5,30,20,15,5,CLOSED,-,20,15,20,40,20,CLOSED
20250628,12:45,140,80,120,50,120,160,90,90,60,160,-,-,5,30,-,-,20,30,30,25,-,30,20,15,5,CLOSED,-,20,15,20,30,20,CLOSED
20250628,13:15,140,70,100,50,120,140,90,90,70,140,-,-,5,30,5,-,30,30,30,25,-,30,15,15,5,CLOSED,-,20,5,20,30,25,CLOSED
20250628,13:45,140,80,120,40,120,100,100,90,70,120,10,-,5,40,5,5,25,40,30,25,10,30,15,15,5,CLOSED,-,15,15,20,40,25,CLOSED
20250628,14:15,140,80,100,50,120,100,120,90,60,100,20,-,5,30,5,5,20,30,30,25,20,30,20,15,5,CLOSED,-,25,15,20,40,25,CLOSED
20250628,14:45,140,70,100,50,120,100,100,100,60,120,20,-,5,30,5,5,25,30,25,25,-,30,15,15,5,CLOSED,-,30,15,20,30,30,CLOSED
20250628,15:15,120,80,90,50,100,100,90,100,70,120,-,-,5,40,5,-,30,40,30,25,-,30,15,15,5,CLOSED,-,25,15,20,40,25,CLOSED
20250628,15:45,140,70,80,40,140,120,120,80,60,120,20,10,5,30,5,5,25,20,30,30,5,30,15,20,10,CLOSED,-,20,15,20,40,25,CLOSED
20250628,16:15,140,90,100,50,140,120,120,80,70,100,20,15,5,40,5,5,25,30,30,25,20,30,20,15,5,CLOSED,-,25,15,20,40,25,CLOSED
20250628,16:45,140,90,90,50,140,120,120,70,70,120,20,30,5,40,5,10,25,30,30,20,30,30,20,10,5,CLOSED,-,15,15,15,30,25,CLOSED
20250628,17:15,140,90,-,60,160,140,100,100,80,100,25,30,10,50,5,15,25,20,30,25,15,30,25,15,5,CLOSED,-,20,15,20,30,20,CLOSED
20250628,17:45,140,100,-,60,160,140,100,90,70,90,25,40,5,30,5,15,25,15,30,20,20,30,30,10,5,CLOSED,-,30,15,15,25,20,CLOSED
20250628,18:15,140,80,90,60,160,120,120,80,70,120,-,-,-,30,5,10,25,15,30,20,-,15,25,5,5,CLOSED,-,20,15,10,25,10,CLOSED
20250628,18:45,120,80,120,40,140,100,100,70,50,100,-,-,-,20,10,-,20,15,30,25,-,30,25,5,5,CLOSED,-,25,15,5,20,10,CLOSED
20250628,19:15,100,70,100,50,100,90,90,80,50,80,-,-,-,15,-,-,15,15,30,25,-,30,25,5,5,CLOSED,-,25,15,5,15,10,CLOSED
20250628,19:45,100,60,90,50,90,90,80,80,50,70,-,-,-,15,-,-,15,15,25,20,-,15,25,5,5,CLOSED,-,15,15,5,10,10,CLOSED
20250628,20:15,-,40,-,30,-,-,60,40,40,60,-,-,-,15,-,-,5,15,15,20,-,15,15,5,5,CLOSED,-,10,5,5,10,5,CLOSED
20250628,20:45,-,-,-,-,-,-,-,-,30,-,-,-,-,15,-,-,5,15,5,20,-,-,15,5,5,CLOSED,-,10,5,5,5,5,CLOSED
20250628,21:15,-,-,-,-,-,-,-,-,-,-,-,-,-,-,-,-,-,-,-,-,-,-,-,-,-,CLOSED,-,-,-,-,-,-,CLOSED
20250628,21:45,-,-,-,-,-,-,-,-,-,-,-,-,-,-,-,-,-,-,-,-,-,-,-,-,-,CLOSED,-,-,-,-,-,-,CLOSED
20250629,07:15,-,-,-,-,-,-,-,-,-,-,-,-,-,-,-,-,-,-,-,-,-,-,-,-,-,CLOSED,-,-,-,-,-,-,CLOSED
20250629,07:45,-,-,-,-,-,-,-,-,-,-,-,-,-,-,-,-,-,-,-,-,-,-,-,-,-,CLOSED,-,-,-,-,-,-,CLOSED
20250629,08:15,-,-,-,-,-,-,-,-,-,-,-,-,-,-,-,-,-,-,-,-,-,-,-,-,-,CLOSED,-,-,-,-,-,-,CLOSED
20250629,08:45,-,-,-,-,-,-,-,-,-,-,-,-,-,-,-,-,-,-,-,-,-,-,-,-,-,CLOSED,-,-,-,-,-,-,CLOSED
20250629,09:15,80,40,20,30,100,50,70,5,5,50,15,5,-,20,-,-,5,15,5,5,5,-,5,5,-,CLOSED,-,5,5,5,5,5,CLOSED
20250629,09:45,180,70,50,50,120,60,90,40,40,70,20,5,-,20,-,-,10,15,5,5,5,-,5,5,-,CLOSED,-,5,5,5,5,5,CLOSED
20250629,10:15,180,90,120,60,140,100,120,80,60,100,-,-,-,40,-,-,25,15,5,5,-,15,15,5,5,CLOSED,-,10,10,5,10,5,CLOSED
20250629,10:45,160,120,70,60,100,120,80,70,50,120,-,-,-,30,-,-,30,20,30,20,-,15,20,5,5,CLOSED,-,25,10,5,20,15,CLOSED
20250629,11:15,140,120,60,50,120,100,60,60,60,100,5,5,-,30,-,-,20,30,25,15,5,15,15,5,5,CLOSED,-,15,10,15,20,15,CLOSED
20250629,11:45,120,80,80,40,100,8,70,70,50,100,5,5,-,15,-,-,25,30,20,15,5,15,20,5,5,CLOSED,-,15,5,15,20,20,CLOSED
20250629,12:15,120,60,60,50,100,70,90,80,60,80,10,5,5,15,-,5,20,20,20,15,10,15,15,5,5,CLOSED,-,15,10,15,20,20,CLOSED
20250629,12:45,100,70,70,40,90,60,70,70,60,90,-,5,5,15,-,-,20,15,20,20,-,15,15,5,5,CLOSED,-,15,10,5,20,20,CLOSED
20250629,13:15,120,80,60,50,120,70,80,60,60,100,-,-,5,20,5,-,25,15,20,25,-,15,20,10,5,CLOSED,-,15,10,10,25,20,CLOSED
20250629,13:45,120,70,70,40,100,70,100,60,40,80,10,5,5,20,5,5,20,20,20,20,5,15,20,5,5,CLOSED,-,15,10,20,25,15,CLOSED
20250629,14:15,120,60,60,50,90,70,80,70,70,90,10,10,5,20,5,5,15,20,20,20,5,15,15,5,5,CLOSED,-,15,10,20,25,15,CLOSED
20250629,14:45,120,80,70,40,120,70,80,60,60,100,-,10,5,25,5,5,25,20,25,15,-,15,15,10,5,CLOSED,-,25,10,10,25,20,CLOSED
20250629,15:15,140,80,70,50,120,8,100,70,60,100,-,-,5,25,5,-,20,20,25,25,-,30,15,10,5,CLOSED,-,15,10,15,25,20,CLOSED
20250629,15:45,120,80,80,40,100,8,100,70,60,90,-,-,5,30,5,-,25,30,25,25,-,15,20,10,5,CLOSED,-,20,10,15,25,20,CLOSED
20250629,16:15,100,80,70,50,120,8,90,60,70,90,15,25,5,40,5,5,20,20,25,20,20,15,20,10,5,CLOSED,-,20,15,10,25,20,CLOSED
20250629,16:45,100,80,60,40,120,8,90,70,50,90,15,25,5,40,5,10,25,20,25,25,20,15,15,5,5,CLOSED,-,25,10,10,20,20,CLOSED
20250629,17:15,120,70,60,50,120,8,90,70,60,80,15,30,5,20,5,5,15,15,25,20,20,15,20,5,5,CLOSED,-,25,10,10,20,15,CLOSED
20250629,17:45,120,50,60,50,120,8,80,60,60,80,15,40,5,15,5,5,15,15,25,20,20,15,20,5,5,CLOSED,-,20,10,5,10,10,CLOSED
20250629,18:15,120,50,40,40,120,8,70,50,60,60,-,30,-,15,5,5,20,15,15,20,-,15,20,5,5,CLOSED,-,15,10,5,10,10,CLOSED
20250629,18:45,100,50,40,40,100,100,80,40,50,60,-,-,-,15,5,-,20,15,15,25,-,15,20,5,5,CLOSED,-,15,5,5,10,10,CLOSED
20250629,19:15,90,40,30,40,80,90,60,40,40,70,-,-,-,15,-,-,15,15,15,20,-,15,20,5,5,CLOSED,-,10,10,5,15,5,CLOSED
20250629,19:45,80,30,30,40,60,70,40,30,30,50,-,-,-,20,-,-,5,15,10,20,-,15,10,5,5,CLOSED,-,5,5,5,5,5,CLOSED
20250629,20:15,50,20,20,30,60,60,40,20,30,40,-,-,-,20,-,-,5,15,5,15,-,15,5,5,5,CLOSED,-,5,5,5,5,5,CLOSED
20250629,20:45,-,15,10,20,-,-,40,15,15,30,-,-,-,20,-,-,5,15,5,10,-,-,5,5,5,CLOSED,-,5,5,5,5,5,CLOSED
20250629,21:15,-,-,-,-,-,-,-,-,-,-,-,-,-,-,-,-,-,-,-,-,-,-,-,-,-,CLOSED,-,-,-,-,-,-,CLOSED
20250629,21:45,-,-,-,-,-,-,-,-,-,-,-,-,-,-,-,-,-,-,-,-,-,-,-,-,-,CLOSED,-,-,-,-,-,-,CLOSED
20250630,07:15,-,-,-,-,-,-,-,-,-,-,-,-,-,-,-,-,-,-,-,-,-,-,-,-,-,CLOSED,-,-,-,-,-,-,CLOSED
20250630,07:45,-,-,-,-,-,-,-,-,-,-,-,-,-,-,-,-,-,-,-,-,-,-,-,-,-,CLOSED,-,-,-,-,-,-,CLOSED
20250630,08:15,-,-,-,-,-,-,-,-,-,-,-,-,-,-,-,-,-,-,-,-,-,-,-,-,-,CLOSED,-,-,-,-,-,-,CLOSED
20250630,08:45,-,-,-,-,-,-,-,-,-,-,-,-,-,-,-,-,-,-,-,-,-,-,-,-,-,CLOSED,-,-,-,-,-,-,CLOSED
20250630,09:15,60,10,5,10,50,5,15,5,5,10,5,5,-,15,-,-,5,15,5,5,5,-,5,5,-,CLOSED,-,5,5,5,5,5,CLOSED
20250630,09:45,100,90,50,40,120,50,60,5,5,60,15,5,-,20,-,-,5,15,5,5,5,-,5,5,-,CLOSED,-,5,5,5,5,5,CLOSED
20250630,10:15,160,80,40,50,120,70,10,60,50,80,-,-,-,20,-,-,25,15,5,5,-,5,5,5,5,CLOSED,-,5,5,5,10,5,CLOSED
20250630,10:45,160,80,50,50,100,70,80,60,50,80,-,-,-,20,-,-,25,15,20,15,-,5,10,5,5,CLOSED,-,5,5,5,20,10,CLOSED
20250630,11:15,140,80,60,40,90,90,50,50,50,80,5,5,-,20,-,-,25,30,25,10,5,5,10,5,5,CLOSED,-,5,5,10,20,10,CLOSED
20250630,11:45,100,60,60,40,80,80,50,50,50,90,5,5,-,20,-,-,30,30,25,10,5,5,10,5,5,CLOSED,-,20,5,5,20,15,CLOSED
20250630,12:15,90,60,50,40,80,80,40,60,40,80,5,5,5,15,-,5,20,15,25,15,5,15,10,5,5,CLOSED,-,20,5,5,10,15,CLOSED
20250630,12:45,120,60,40,40,100,70,50,60,50,80,-,5,5,15,-,-,15,15,25,15,-,15,10,5,5,CLOSED,-,15,5,5,15,10,CLOSED
20250630,13:15,120,70,60,40,90,60,60,50,50,80,-,-,5,15,5,-,25,15,25,25,-,15,5,5,5,CLOSED,-,15,5,5,15,20,CLOSED
20250630,13:45,90,60,60,40,90,70,50,-,70,90,5,5,5,20,5,5,20,15,20,20,5,15,15,5,5,CLOSED,-,20,5,5,20,20,CLOSED
20250630,14:15,120,70,50,40,100,70,50,-,70,100,15,5,5,15,5,5,15,30,15,20,5,15,15,5,5,CLOSED,-,25,10,15,25,20,CLOSED
20250630,14:45,100,70,60,40,90,70,60,50,60,80,5,5,5,20,5,5,20,30,20,15,20,15,15,5,5,CLOSED,-,25,10,10,25,20,CLOSED
20250630,15:15,90,60,60,40,90,80,60,100,50,80,-,10,5,20,5,-,20,20,20,25,20,15,15,5,5,CLOSED,-,15,10,15,25,20,CLOSED
20250630,15:45,100,70,60,30,100,90,60,90,70,70,-,-,5,15,5,-,20,15,20,20,-,15,20,5,5,CLOSED,-,15,10,15,25,15,CLOSED
20250630,16:15,100,60,60,-,100,90,10,70,70,80,10,15,5,15,5,5,20,15,20,20,10,15,20,5,5,CLOSED,-,25,10,15,20,15,CLOSED
20250630,16:45,100,50,40,15,-,90,60,80,60,90,5,15,5,15,5,5,25,15,20,20,20,15,10,5,5,CLOSED,-,15,10,10,15,20,CLOSED
20250630,17:15,100,50,-,50,-,80,60,70,60,80,10,10,5,20,5,5,15,15,15,20,20,15,15,5,5,CLOSED,-,15,5,10,15,15,CLOSED
20250630,17:45,100,40,-,40,90,80,50,70,60,80,5,20,5,20,5,5,20,15,15,20,15,15,15,5,5,CLOSED,-,20,5,5,15,10,CLOSED
20250630,18:15,100,40,30,40,100,100,60,80,50,70,15,25,-,15,5,5,20,15,20,20,25,15,15,5,5,CLOSED,-,15,5,5,15,10,CLOSED
20250630,18:45,120,40,50,40,100,90,50,70,50,60,-,-,-,20,5,-,20,15,15,20,-,15,15,5,5,CLOSED,-,15,5,5,15,5,CLOSED
20250630,19:15,80,30,40,40,10,80,50,70,40,60,-,-,-,10,-,-,10,15,15,20,-,15,15,5,5,CLOSED,-,15,5,5,10,15,CLOSED
20250630,19:45,80,30,-,30,50,40,30,40,40,60,-,-,-,15,-,-,5,15,15,20,-,15,10,5,5,CLOSED,-,15,5,5,5,5,CLOSED
20250630,20:15,50,15,-,30,50,40,30,20,20,40,-,-,-,15,-,-,5,15,5,15,-,15,10,5,5,CLOSED,-,5,5,5,5,5,CLOSED
20250630,20:45,30,10,-,-,-,-,30,15,10,-,-,-,-,15,-,-,5,15,5,5,-,-,10,5,5,CLOSED,-,5,5,5,5,5,CLOSED
20250630,21:15,-,-,-,-,-,-,-,-,-,-,-,-,-,-,-,-,-,-,-,-,-,-,-,-,-,CLOSED,-,-,-,-,-,-,CLOSED
20250630,21:45,-,-,-,-,-,-,-,-,-,-,-,-,-,-,-,-,-,-,-,-,-,-,-,-,-,CLOSED,-,-,-,-,-,-,CLOSED
20250701,07:15,-,-,-,-,-,-,-,-,-,-,-,-,CLOSED,-,CLOSED,-,-,-,-,-,-,-,-,-,-,CLOSED,-,CLOSED,-,-,-,-,CLOSED
20250701,07:45,-,-,-,-,-,-,-,-,-,-,-,-,CLOSED,-,CLOSED,-,-,-,-,-,-,-,-,-,-,CLOSED,-,CLOSED,-,-,-,-,CLOSED
20250701,08:15,-,-,-,-,-,-,-,-,-,-,-,-,CLOSED,-,CLOSED,-,-,-,-,-,-,-,-,-,-,CLOSED,-,CLOSED,-,-,-,-,CLOSED
20250701,08:45,-,-,-,-,-,-,-,-,-,-,-,-,CLOSED,-,CLOSED,-,-,-,-,-,-,-,-,-,-,CLOSED,-,CLOSED,-,-,-,-,CLOSED
20250701,09:15,-,15,10,15,30,10,10,5,5,10,5,5,CLOSED,20,CLOSED,-,5,15,5,5,5,-,5,5,-,CLOSED,-,CLOSED,5,5,5,5,CLOSED
20250701,09:45,80,50,10,25,80,30,60,5,5,40,15,5,CLOSED,15,CLOSED,-,5,15,5,5,5,-,5,5,-,CLOSED,-,CLOSED,5,5,5,5,CLOSED
20250701,10:15,120,70,50,40,100,60,60,50,25,60,20,15,CLOSED,20,CLOSED,-,25,15,10,5,5,15,5,5,5,CLOSED,-,CLOSED,5,5,5,5,CLOSED
20250701,10:45,140,70,50,40,70,70,60,50,50,60,20,10,CLOSED,20,CLOSED,-,15,15,30,10,5,15,5,5,5,CLOSED,-,CLOSED,5,5,10,10,CLOSED
20250701,11:15,120,80,40,40,80,70,40,50,40,70,5,5,CLOSED,20,CLOSED,-,20,15,50,10,5,15,10,5,5,CLOSED,-,CLOSED,5,5,15,10,CLOSED
20250701,11:45,90,90,50,40,50,60,50,40,40,60,5,5,CLOSED,15,CLOSED,-,20,20,30,15,5,15,10,5,5,CLOSED,-,CLOSED,5,5,10,10,CLOSED
20250701,12:15,100,70,50,40,70,60,40,40,50,70,5,5,CLOSED,15,CLOSED,5,20,20,25,15,5,15,10,5,5,CLOSED,-,CLOSED,5,5,20,15,CLOSED
20250701,12:45,90,40,60,30,70,40,40,50,40,70,5,5,CLOSED,15,CLOSED,5,15,15,30,20,5,15,15,5,5,CLOSED,-,CLOSED,5,5,15,15,CLOSED
20250701,13:15,90,60,-,30,80,50,50,40,30,80,5,5,CLOSED,15,CLOSED,5,25,15,40,20,5,15,15,5,5,CLOSED,-,CLOSED,5,5,15,15,CLOSED
20250701,13:45,100,60,-,40,80,60,40,50,40,60,5,5,CLOSED,15,CLOSED,5,20,15,40,20,5,15,10,5,5,CLOSED,-,CLOSED,10,10,20,15,CLOSED
20250701,14:15,100,50,-,40,70,40,50,60,40,70,5,15,CLOSED,20,CLOSED,5,10,15,40,15,10,15,15,5,5,CLOSED,-,CLOSED,10,10,20,15,CLOSED
20250701,14:45,100,30,60,40,80,60,60,50,50,70,5,5,CLOSED,20,CLOSED,5,20,15,30,15,10,15,15,5,5,CLOSED,-,CLOSED,15,10,20,15,CLOSED
20250701,15:15,90,50,60,40,90,70,60,50,60,70,15,5,CLOSED,20,CLOSED,5,20,15,30,20,15,15,15,5,5,CLOSED,-,CLOSED,15,10,20,15,CLOSED
20250701,15:45,90,50,50,30,80,60,60,50,50,60,5,10,CLOSED,20,CLOSED,5,20,15,30,20,20,15,20,5,5,CLOSED,-,CLOSED,15,10,20,20,CLOSED
20250701,16:15,90,40,-,40,80,60,60,50,40,60,5,10,CLOSED,20,CLOSED,5,20,15,30,25,20,15,15,5,5,CLOSED,-,CLOSED,15,10,20,20,CLOSED
20250701,16:45,90,40,-,50,70,50,50,40,50,60,5,10,CLOSED,20,CLOSED,5,20,15,30,15,15,15,15,5,5,CLOSED,-,CLOSED,10,5,20,15,CLOSED
20250701,17:15,100,30,20,40,60,60,50,60,60,60,5,5,CLOSED,15,CLOSED,5,10,15,30,20,25,15,20,5,5,CLOSED,-,CLOSED,5,5,20,10,CLOSED
20250701,17:45,90,30,50,40,70,50,50,40,40,60,10,10,CLOSED,20,CLOSED,5,20,15,5,20,10,15,10,5,5,CLOSED,-,CLOSED,10,5,15,10,CLOSED
20250701,18:15,100,30,40,40,70,50,50,30,40,40,10,5,CLOSED,20,CLOSED,5,25,15,5,15,10,15,15,5,5,CLOSED,-,CLOSED,5,5,10,5,CLOSED
20250701,18:45,90,30,-,40,50,50,50,40,40,50,-,-,CLOSED,15,CLOSED,-,20,15,10,20,-,15,10,5,5,CLOSED,-,CLOSED,10,5,5,5,CLOSED
20250701,19:15,70,25,5,30,60,50,50,30,40,40,-,-,CLOSED,15,CLOSED,-,15,15,5,25,-,15,10,5,5,CLOSED,-,CLOSED,5,5,10,5,CLOSED
20250701,19:45,60,15,-,20,50,50,50,25,15,40,-,-,CLOSED,15,CLOSED,-,10,15,5,25,-,15,5,5,5,CLOSED,-,CLOSED,5,5,10,5,CLOSED
20250701,20:15,40,5,15,25,40,40,30,15,5,30,-,-,CLOSED,15,CLOSED,-,5,15,5,25,-,15,5,5,5,CLOSED,-,CLOSED,5,5,5,5,CLOSED
20250701,20:45,20,5,15,5,20,25,20,5,5,20,-,-,CLOSED,20,CLOSED,-,5,15,5,5,-,-,5,5,5,CLOSED,-,CLOSED,5,5,5,5,CLOSED
20250701,21:15,-,-,-,-,-,-,-,-,-,-,-,-,CLOSED,-,CLOSED,-,-,-,-,-,-,-,-,-,-,CLOSED,-,CLOSED,-,-,-,-,CLOSED
20250701,21:45,-,-,-,-,-,-,-,-,-,-,-,-,CLOSED,-,CLOSED,-,-,-,-,-,-,-,-,-,-,CLOSED,-,CLOSED,-,-,-,-,CLOSED
20250702,07:15,-,-,-,-,-,-,-,-,-,-,-,-,CLOSED,-,CLOSED,-,-,-,-,-,-,-,-,-,-,CLOSED,-,CLOSED,-,-,-,-,CLOSED
20250702,07:45,-,-,-,-,-,-,-,-,-,-,-,-,CLOSED,-,CLOSED,-,-,-,-,-,-,-,-,-,-,CLOSED,-,CLOSED,-,-,-,-,CLOSED
20250702,08:15,-,-,-,-,-,-,-,-,-,-,-,-,CLOSED,-,CLOSED,-,-,-,-,-,-,-,-,-,-,CLOSED,-,CLOSED,-,-,-,-,CLOSED
20250702,08:45,-,-,-,-,-,-,-,-,-,-,-,-,CLOSED,-,CLOSED,-,-,-,-,-,-,-,-,-,-,CLOSED,-,CLOSED,-,-,-,-,CLOSED
20250702,09:15,50,5,10,5,40,10,15,5,5,5,5,-,CLOSED,5,CLOSED,-,5,15,5,5,5,-,5,5,-,CLOSED,-,CLOSED,5,5,5,5,CLOSED
20250702,09:45,90,50,25,30,70,50,50,5,5,60,20,-,CLOSED,15,CLOSED,-,10,15,5,5,5,-,5,5,-,CLOSED,-,CLOSED,5,5,5,5,CLOSED
20250702,10:15,100,70,50,40,80,50,60,50,50,70,15,-,CLOSED,15,CLOSED,-,25,15,5,5,5,5,5,5,5,CLOSED,-,CLOSED,5,5,5,10,CLOSED
20250702,10:45,100,50,40,40,70,60,40,50,50,50,5,-,CLOSED,15,CLOSED,-,10,15,20,10,5,15,10,5,5,CLOSED,-,CLOSED,5,5,10,5,CLOSED
20250702,11:15,80,50,40,30,60,70,30,40,40,50,-,-,CLOSED,20,CLOSED,-,10,15,25,10,-,15,5,5,5,CLOSED,-,CLOSED,5,5,15,10,CLOSED
20250702,11:45,60,40,40,40,50,50,40,40,30,50,-,-,CLOSED,15,CLOSED,-,25,15,30,15,-,15,5,5,5,CLOSED,-,CLOSED,5,5,10,5,CLOSED
20250702,12:15,70,30,25,30,70,25,25,30,50,60,-,-,CLOSED,15,CLOSED,-,15,15,30,25,-,15,5,5,5,CLOSED,-,CLOSED,5,5,15,5,CLOSED
20250702,12:45,80,30,30,40,50,50,40,40,25,50,-,-,CLOSED,20,CLOSED,-,15,15,25,15,-,15,10,5,5,CLOSED,-,CLOSED,5,5,15,10,CLOSED
20250702,13:15,70,40,40,30,40,50,40,50,50,50,-,-,CLOSED,20,CLOSED,-,30,15,25,20,-,15,5,5,5,CLOSED,-,CLOSED,5,5,15,10,CLOSED
20250702,13:45,80,30,40,40,50,40,50,50,30,50,-,-,CLOSED,15,CLOSED,-,20,15,20,15,-,15,5,5,5,CLOSED,-,CLOSED,5,5,10,10,CLOSED
20250702,14:15,70,40,30,40,40,40,40,40,40,60,5,-,CLOSED,15,CLOSED,5,25,15,25,20,5,15,5,5,5,CLOSED,-,CLOSED,5,5,15,15,CLOSED
20250702,14:45,70,30,30,30,50,50,50,40,30,60,5,-,CLOSED,15,CLOSED,5,15,15,20,15,5,15,5,5,5,CLOSED,-,CLOSED,5,5,15,15,CLOSED
20250702,15:15,80,40,30,40,60,40,40,40,40,40,5,5,CLOSED,15,CLOSED,5,15,15,25,15,5,15,5,5,5,CLOSED,-,CLOSED,5,5,15,15,CLOSED
20250702,15:45,70,30,30,40,50,40,40,40,50,60,5,5,CLOSED,15,CLOSED,5,20,15,30,25,5,15,10,5,5,CLOSED,-,CLOSED,5,5,15,15,CLOSED
20250702,16:15,70,30,30,40,60,60,40,40,50,40,10,5,CLOSED,15,CLOSED,5,20,15,20,15,15,15,10,5,5,CLOSED,-,CLOSED,5,5,10,10,CLOSED
20250702,16:45,80,25,20,30,50,50,50,50,40,40,5,10,CLOSED,15,CLOSED,5,20,15,25,15,5,15,10,5,5,CLOSED,-,CLOSED,5,5,10,10,CLOSED
20250702,17:15,90,30,30,30,50,40,40,20,40,40,5,10,CLOSED,15,CLOSED,5,15,15,15,20,5,15,5,5,5,CLOSED,-,CLOSED,5,5,10,5,CLOSED
20250702,17:45,70,30,-,50,60,40,40,40,40,50,5,10,CLOSED,15,CLOSED,5,10,15,5,15,5,15,15,5,5,CLOSED,-,CLOSED,5,5,10,5,CLOSED
20250702,18:15,70,25,15,30,40,50,50,40,40,40,5,20,CLOSED,15,CLOSED,5,20,15,5,20,-,15,10,5,5,CLOSED,-,CLOSED,10,5,10,5,CLOSED
20250702,18:45,70,30,-,40,50,50,40,40,30,40,-,-,CLOSED,15,CLOSED,-,10,15,-,20,-,15,5,5,5,CLOSED,-,CLOSED,5,5,10,10,CLOSED
20250702,19:15,60,20,-,30,60,50,40,25,30,40,-,-,CLOSED,20,CLOSED,-,15,15,-,25,-,15,10,5,5,CLOSED,-,CLOSED,5,5,5,5,CLOSED
20250702,19:45,40,10,15,20,40,40,30,25,20,30,-,-,CLOSED,20,CLOSED,-,5,15,5,15,-,15,5,5,5,CLOSED,-,CLOSED,5,5,5,5,CLOSED
20250702,20:15,30,10,10,25,30,40,25,10,10,25,-,-,CLOSED,20,CLOSED,-,5,15,5,10,-,15,5,5,5,CLOSED,-,CLOSED,5,5,5,5,CLOSED
20250702,20:45,20,10,-,25,20,25,15,5,10,15,-,-,CLOSED,15,CLOSED,-,5,15,5,5,-,-,5,5,5,CLOSED,-,CLOSED,5,5,5,5,CLOSED
20250702,21:15,-,-,-,-,-,-,-,-,-,-,-,-,CLOSED,-,CLOSED,-,-,-,-,-,-,-,-,-,-,CLOSED,-,CLOSED,-,-,-,-,CLOSED
20250702,21:45,-,-,-,-,-,-,-,-,-,-,-,-,CLOSED,-,CLOSED,-,-,-,-,-,-,-,-,-,-,CLOSED,-,CLOSED,-,-,-,-,CLOSED
20250703,07:15,-,-,-,-,-,-,-,-,-,-,-,-,CLOSED,-,CLOSED,-,-,-,-,-,-,-,-,-,-,CLOSED,-,CLOSED,-,-,-,-,CLOSED
20250703,07:45,-,-,-,-,-,-,-,-,-,-,-,-,CLOSED,-,CLOSED,-,-,-,-,-,-,-,-,-,-,CLOSED,-,CLOSED,-,-,-,-,CLOSED
20250703,08:15,-,-,-,-,-,-,-,-,-,-,-,-,CLOSED,-,CLOSED,-,-,-,-,-,-,-,-,-,-,CLOSED,-,CLOSED,-,-,-,-,CLOSED
20250703,08:45,-,-,-,-,-,-,-,-,-,-,-,-,CLOSED,-,CLOSED,-,-,-,-,-,-,-,-,-,-,CLOSED,-,CLOSED,-,-,-,-,CLOSED
20250703,09:15,40,5,5,5,40,10,15,5,5,10,5,-,CLOSED,20,CLOSED,-,5,15,5,5,5,-,5,5,-,CLOSED,-,CLOSED,5,5,5,5,CLOSED
20250703,09:45,100,60,30,30,80,50,60,5,5,60,15,-,CLOSED,20,CLOSED,-,10,15,5,5,5,-,5,5,-,CLOSED,-,CLOSED,5,5,5,5,CLOSED
20250703,10:15,140,60,50,50,100,60,60,40,60,60,30,-,CLOSED,15,CLOSED,-,25,15,10,5,5,15,5,5,5,CLOSED,-,CLOSED,5,5,5,5,CLOSED
20250703,10:45,120,50,40,40,90,60,70,50,50,50,25,-,CLOSED,20,CLOSED,-,15,15,40,10,5,15,5,5,5,CLOSED,-,CLOSED,5,5,10,15,CLOSED
20250703,11:15,90,60,40,40,90,60,50,50,50,70,-,-,CLOSED,15,CLOSED,-,25,20,40,15,-,15,10,5,5,CLOSED,-,CLOSED,5,5,10,15,CLOSED
20250703,11:45,90,40,50,30,70,50,40,40,50,70,-,-,CLOSED,15,CLOSED,-,25,20,40,25,-,15,10,5,5,CLOSED,-,CLOSED,5,10,20,15,CLOSED
20250703,12:15,80,50,40,30,60,70,40,40,50,70,-,-,CLOSED,15,CLOSED,5,15,15,40,20,-,15,10,5,5,CLOSED,-,CLOSED,5,5,20,15,CLOSED
20250703,12:45,90,40,30,40,70,60,50,60,30,70,-,-,CLOSED,15,CLOSED,-,20,15,20,20,-,15,10,5,5,CLOSED,-,CLOSED,5,5,15,15,CLOSED
20250703,13:15,80,40,40,40,70,60,50,40,40,60,-,-,CLOSED,15,CLOSED,-,30,15,40,25,-,15,5,5,5,CLOSED,-,CLOSED,5,5,15,15,CLOSED
20250703,13:45,80,50,40,30,50,40,30,40,30,60,-,-,CLOSED,20,CLOSED,-,20,15,50,15,-,15,5,5,5,CLOSED,-,CLOSED,5,5,20,15,CLOSED
20250703,14:15,90,40,40,40,70,40,50,60,50,70,-,-,CLOSED,15,CLOSED,-,20,30,40,20,-,15,10,5,5,CLOSED,-,CLOSED,5,5,15,20,CLOSED
20250703,14:45,90,40,40,30,70,50,40,50,50,70,-,-,CLOSED,20,CLOSED,-,30,15,40,30,-,15,10,5,5,CLOSED,-,CLOSED,5,5,15,20,CLOSED
20250703,15:15,-,50,40,40,70,70,60,60,40,60,5,10,CLOSED,20,CLOSED,5,15,15,30,25,5,15,10,5,5,CLOSED,-,CLOSED,5,10,25,15,CLOSED
20250703,15:45,-,40,40,40,60,60,60,60,50,60,5,5,CLOSED,20,CLOSED,5,20,15,40,20,20,15,10,5,5,CLOSED,-,CLOSED,10,10,25,20,CLOSED
20250703,16:15,60,40,40,40,70,60,60,50,60,60,5,15,CLOSED,25,CLOSED,5,15,15,-,25,20,15,15,5,5,CLOSED,-,CLOSED,5,10,15,15,CLOSED
20250703,16:45,140,40,30,40,70,60,60,50,40,70,10,20,CLOSED,15,CLOSED,5,25,15,-,20,20,15,10,5,5,CLOSED,-,CLOSED,5,10,20,15,CLOSED
20250703,17:15,120,30,30,40,70,60,50,50,50,60,15,25,CLOSED,15,CLOSED,5,15,40,30,20,15,15,10,5,5,CLOSED,-,CLOSED,10,10,20,10,CLOSED
20250703,17:45,90,30,30,40,60,50,40,50,40,50,15,25,CLOSED,20,CLOSED,5,20,15,15,20,15,15,15,5,5,CLOSED,-,CLOSED,10,10,-,10,CLOSED
20250703,18:15,80,30,30,30,60,60,50,40,50,-,15,15,CLOSED,20,CLOSED,5,25,15,25,15,15,15,10,5,5,CLOSED,-,CLOSED,10,10,-,5,CLOSED
20250703,18:45,90,20,20,30,60,60,50,50,40,-,-,-,CLOSED,20,CLOSED,-,20,15,25,20,-,15,10,5,5,CLOSED,-,CLOSED,10,5,10,5,CLOSED
20250703,19:15,80,30,20,40,60,70,50,40,50,-,-,-,CLOSED,20,CLOSED,-,15,15,20,20,-,15,10,15,5,CLOSED,-,CLOSED,10,5,10,5,CLOSED
20250703,19:45,60,20,20,30,40,60,40,30,30,-,-,-,CLOSED,20,CLOSED,-,10,15,15,20,-,15,10,5,5,CLOSED,-,CLOSED,5,5,10,5,CLOSED
20250703,20:15,60,15,10,30,40,50,40,30,25,-,-,-,CLOSED,15,CLOSED,-,10,15,5,15,-,15,5,5,5,CLOSED,-,CLOSED,5,5,5,5,CLOSED
20250703,20:45,-,10,10,20,30,-,20,5,5,20,-,-,CLOSED,15,CLOSED,-,5,15,5,5,-,-,5,5,5,CLOSED,-,CLOSED,5,5,5,5,CLOSED
20250703,21:15,-,-,-,-,-,-,-,-,-,-,-,-,CLOSED,-,CLOSED,-,-,-,-,-,-,-,-,-,-,CLOSED,-,CLOSED,-,-,-,-,CLOSED
20250703,21:45,-,-,-,-,-,-,-,-,-,-,-,-,CLOSED,-,CLOSED,-,-,-,-,-,-,-,-,-,-,CLOSED,-,CLOSED,-,-,-,-,CLOSED
20250704,07:15,-,-,-,-,-,-,-,-,-,-,-,-,CLOSED,-,CLOSED,-,-,-,-,-,-,-,-,-,-,CLOSED,-,CLOSED,-,-,-,-,CLOSED
20250704,07:45,-,-,-,-,-,-,-,-,-,-,-,-,CLOSED,-,CLOSED,-,-,-,-,-,-,-,-,-,-,CLOSED,-,CLOSED,-,-,-,-,CLOSED
20250704,08:15,-,-,-,-,-,-,-,-,-,-,-,-,CLOSED,-,CLOSED,-,-,-,-,-,-,-,-,-,-,CLOSED,-,CLOSED,-,-,-,-,CLOSED
20250704,08:45,-,-,-,-,-,-,-,-,-,-,-,-,CLOSED,-,CLOSED,-,-,-,-,-,-,-,-,-,-,CLOSED,-,CLOSED,-,-,-,-,CLOSED
20250704,09:15,60,10,5,5,50,10,20,5,5,10,5,-,CLOSED,15,CLOSED,-,5,15,5,5,5,-,5,5,-,CLOSED,-,CLOSED,5,5,5,5,CLOSED
20250704,09:45,100,50,25,30,90,40,10,10,10,60,25,-,CLOSED,15,CLOSED,-,5,15,5,5,5,-,5,5,-,CLOSED,-,CLOSED,5,5,5,5,CLOSED
20250704,10:15,120,60,60,50,100,70,10,50,50,60,40,-,CLOSED,20,CLOSED,-,25,15,10,5,5,15,5,5,5,CLOSED,-,CLOSED,5,5,5,5,CLOSED
20250704,10:45,120,70,50,40,90,70,10,50,50,80,20,-,CLOSED,30,CLOSED,-,25,30,40,15,5,15,10,5,5,CLOSED,-,CLOSED,5,5,10,10,CLOSED
20250704,11:15,120,60,50,40,80,60,60,60,50,60,20,-,CLOSED,20,CLOSED,-,25,30,50,20,5,15,15,5,5,CLOSED,-,CLOSED,10,5,20,5,CLOSED
20250704,11:45,90,60,40,40,80,60,60,60,40,70,10,-,CLOSED,20,CLOSED,-,25,30,50,20,5,15,15,5,5,CLOSED,-,CLOSED,10,10,15,20,CLOSED
20250704,12:15,90,60,50,30,70,70,50,50,40,70,15,-,CLOSED,20,CLOSED,5,25,40,40,15,5,15,15,5,5,CLOSED,-,CLOSED,10,10,30,15,CLOSED
20250704,12:45,100,50,50,30,60,50,10,-,90,80,15,-,CLOSED,25,CLOSED,5,20,50,40,20,5,15,15,5,5,CLOSED,-,CLOSED,10,10,25,15,CLOSED
20250704,13:15,120,60,50,40,70,50,60,-,60,70,10,-,CLOSED,30,CLOSED,5,30,15,50,25,10,15,15,5,5,CLOSED,-,CLOSED,5,20,25,25,CLOSED
20250704,13:45,120,60,50,-,90,70,50,-,40,60,20,-,CLOSED,15,CLOSED,5,20,15,50,25,15,15,15,5,5,CLOSED,-,CLOSED,10,10,25,25,CLOSED
20250704,14:15,100,60,50,40,90,70,60,80,50,60,20,-,CLOSED,15,CLOSED,5,25,15,50,20,15,15,15,5,5,CLOSED,-,CLOSED,10,15,35,20,CLOSED
20250704,14:45,100,50,50,40,70,60,10,100,50,90,15,-,CLOSED,15,CLOSED,5,25,20,60,20,15,15,15,5,5,CLOSED,-,CLOSED,5,15,30,20,CLOSED
20250704,15:15,100,50,40,40,70,70,60,80,50,80,15,10,CLOSED,15,CLOSED,5,20,30,60,30,15,15,15,5,5,CLOSED,-,CLOSED,5,15,30,20,CLOSED
20250704,15:45,100,40,50,40,100,70,10,80,40,70,20,15,CLOSED,20,CLOSED,5,25,30,60,25,25,15,10,5,5,CLOSED,-,CLOSED,10,15,25,20,CLOSED
20250704,16:15,100,50,50,40,80,70,10,90,50,70,10,30,CLOSED,20,CLOSED,5,20,15,60,25,20,15,15,5,5,CLOSED,-,CLOSED,10,15,25,20,CLOSED
20250704,16:45,100,40,40,40,80,70,10,100,50,70,20,20,CLOSED,20,CLOSED,5,20,15,50,20,20,15,20,5,5,CLOSED,-,CLOSED,10,10,25,15,CLOSED
20250704,17:15,100,40,30,40,100,70,10,80,60,70,15,30,CLOSED,15,CLOSED,5,20,15,-,20,15,15,15,5,5,CLOSED,-,CLOSED,10,5,20,15,CLOSED
20250704,17:45,120,50,50,40,100,70,60,80,50,70,25,30,CLOSED,15,CLOSED,5,20,15,-,15,20,15,15,5,5,CLOSED,-,CLOSED,10,5,15,10,CLOSED
20250704,18:15,100,50,-,50,90,70,10,70,50,50,20,-,CLOSED,15,CLOSED,5,25,15,-,20,-,15,20,5,5,CLOSED,-,CLOSED,10,5,20,5,CLOSED
20250704,18:45,100,40,-,50,90,70,10,70,50,60,-,-,CLOSED,15,CLOSED,-,20,15,20,25,-,15,20,5,5,CLOSED,-,CLOSED,15,5,15,15,CLOSED
20250704,19:15,100,30,40,30,80,80,60,60,60,60,-,-,CLOSED,20,CLOSED,-,25,15,20,25,-,15,20,5,5,CLOSED,-,CLOSED,10,5,15,10,CLOSED
20250704,19:45,80,40,30,40,70,60,50,70,30,50,-,-,CLOSED,20,CLOSED,-,10,15,25,20,-,15,20,5,5,CLOSED,-,CLOSED,10,5,5,5,CLOSED
20250704,20:15,60,20,20,25,-,40,40,50,30,30,-,-,CLOSED,20,CLOSED,-,5,15,10,20,-,15,5,5,5,CLOSED,-,CLOSED,5,5,5,5,CLOSED
20250704,20:45,40,10,10,20,-,-,40,15,10,25,-,-,CLOSED,20,CLOSED,-,5,15,5,15,-,-,5,5,5,CLOSED,-,CLOSED,5,5,5,5,CLOSED
20250704,21:15,-,-,-,-,-,-,-,-,-,-,-,-,CLOSED,-,CLOSED,-,-,-,-,-,-,-,-,-,-,CLOSED,-,CLOSED,-,-,-,-,CLOSED
20250704,21:45,-,-,-,-,-,-,-,-,-,-,-,-,CLOSED,-,CLOSED,-,-,-,-,-,-,-,-,-,-,CLOSED,-,CLOSED,-,-,-,-,CLOSED
20250705,07:15,-,-,-,-,-,-,-,-,-,-,-,-,CLOSED,-,CLOSED,-,-,-,-,-,-,-,-,-,-,CLOSED,-,CLOSED,-,-,-,-,CLOSED
20250705,07:45,-,-,-,-,-,-,-,-,-,-,-,-,CLOSED,-,CLOSED,-,-,-,-,-,-,-,-,-,-,CLOSED,-,CLOSED,-,-,-,-,CLOSED
20250705,08:15,-,-,-,-,-,-,-,-,-,-,-,-,CLOSED,-,CLOSED,-,-,-,-,-,-,-,-,-,-,CLOSED,-,CLOSED,-,-,-,-,CLOSED
20250705,08:45,-,-,-,-,-,-,-,-,-,-,-,-,CLOSED,-,CLOSED,-,-,-,-,-,-,-,-,-,-,CLOSED,-,CLOSED,-,-,-,-,CLOSED
20250705,09:15,35,-,5,5,50,10,30,5,5,10,5,-,CLOSED,15,CLOSED,-,5,15,5,5,5,-,5,5,-,CLOSED,-,CLOSED,5,5,5,5,CLOSED
20250705,09:45,120,40,40,30,120,50,80,10,5,50,15,-,CLOSED,20,CLOSED,-,5,15,5,5,5,-,5,5,-,CLOSED,-,CLOSED,5,5,5,5,CLOSED
20250705,10:15,120,70,50,40,140,50,70,60,50,60,25,-,CLOSED,20,CLOSED,-,20,15,5,5,5,15,5,5,5,CLOSED,-,CLOSED,5,5,5,5,CLOSED
20250705,10:45,140,70,60,40,90,60,60,50,40,70,20,-,CLOSED,20,CLOSED,-,25,15,40,5,5,15,5,5,5,CLOSED,-,CLOSED,5,5,15,5,CLOSED
20250705,11:15,120,70,60,40,80,60,50,50,40,80,5,-,CLOSED,20,CLOSED,-,20,20,40,10,5,15,15,5,5,CLOSED,-,CLOSED,10,5,10,5,CLOSED
20250705,11:45,120,50,50,40,70,50,60,40,40,60,5,-,CLOSED,15,CLOSED,-,20,20,40,10,5,15,10,5,5,CLOSED,-,CLOSED,10,5,10,5,CLOSED
20250705,12:15,90,50,50,30,80,50,70,50,40,70,5,-,CLOSED,15,CLOSED,5,25,30,40,20,5,15,10,5,5,CLOSED,-,CLOSED,-,5,15,5,CLOSED
20250705,12:45,100,50,40,30,90,40,60,40,40,50,5,-,CLOSED,15,CLOSED,5,15,15,30,15,5,15,-,5,5,CLOSED,-,CLOSED,-,5,20,10,CLOSED
20250705,13:15,100,50,50,40,90,50,50,40,40,60,5,-,CLOSED,15,CLOSED,5,25,15,40,20,5,15,-,5,5,CLOSED,-,CLOSED,5,5,15,10,CLOSED
20250705,13:45,100,50,40,40,90,30,60,50,40,50,5,-,CLOSED,15,CLOSED,5,20,15,50,20,5,15,5,5,5,CLOSED,-,CLOSED,10,5,25,10,CLOSED
20250705,14:15,120,40,50,40,100,50,60,50,30,60,5,-,CLOSED,15,CLOSED,5,25,15,50,20,5,15,15,5,5,CLOSED,-,CLOSED,10,10,20,15,CLOSED
20250705,14:45,120,40,40,40,90,50,60,50,50,40,15,-,CLOSED,15,CLOSED,5,25,15,30,15,10,15,15,5,5,CLOSED,-,CLOSED,5,10,20,15,CLOSED
20250705,15:15,120,40,40,30,90,50,60,80,30,70,10,5,CLOSED,20,CLOSED,5,20,15,50,20,15,15,5,5,5,CLOSED,-,CLOSED,5,10,20,15,CLOSED
20250705,15:45,100,40,40,30,100,50,80,40,50,50,25,-,CLOSED,20,CLOSED,5,25,15,50,20,10,15,5,5,5,CLOSED,-,CLOSED,5,10,25,15,CLOSED
20250705,16:15,120,40,40,40,90,50,70,50,40,50,20,-,CLOSED,30,CLOSED,5,20,15,40,15,5,15,15,5,5,CLOSED,-,CLOSED,5,10,25,15,CLOSED
20250705,16:45,100,30,40,40,80,60,80,60,30,70,20,-,CLOSED,15,CLOSED,5,25,15,30,25,25,15,10,5,5,CLOSED,-,CLOSED,5,15,20,15,CLOSED
20250705,17:15,100,50,-,40,120,60,70,60,30,60,10,5,CLOSED,15,CLOSED,5,20,15,40,20,10,15,10,5,5,CLOSED,-,CLOSED,5,15,20,15,CLOSED
20250705,17:45,100,50,-,50,120,50,70,50,50,60,10,20,CLOSED,20,CLOSED,5,20,15,15,15,20,15,15,5,5,CLOSED,-,CLOSED,10,5,15,15,CLOSED
20250705,18:15,100,30,40,40,100,60,70,50,40,60,10,25,CLOSED,20,CLOSED,5,25,15,15,15,20,15,15,5,5,CLOSED,-,CLOSED,15,5,15,10,CLOSED
20250705,18:45,90,40,40,40,90,60,70,40,50,60,-,-,CLOSED,15,CLOSED,-,20,15,20,20,-,15,15,5,5,CLOSED,-,CLOSED,15,5,10,10,CLOSED
20250705,19:15,80,30,30,30,100,60,70,40,40,50,-,-,CLOSED,15,CLOSED,-,15,15,15,20,-,15,15,5,5,CLOSED,-,CLOSED,5,5,15,5,CLOSED
20250705,19:45,60,25,30,40,80,50,60,30,15,40,-,-,CLOSED,15,CLOSED,-,15,15,10,15,-,15,10,5,5,CLOSED,-,CLOSED,5,5,10,10,CLOSED
20250705,20:15,60,20,25,25,50,50,40,15,30,25,-,-,CLOSED,15,CLOSED,-,10,15,10,15,-,15,5,5,5,CLOSED,-,CLOSED,5,5,5,10,CLOSED
20250705,20:45,-,15,10,20,-,30,30,10,10,25,-,-,CLOSED,20,CLOSED,-,5,15,5,15,-,-,5,5,5,CLOSED,-,CLOSED,5,5,5,10,CLOSED
20250705,21:15,-,-,-,-,-,-,-,-,-,-,-,-,CLOSED,-,CLOSED,-,-,-,-,-,-,-,-,-,-,CLOSED,-,CLOSED,-,-,-,-,CLOSED
20250705,21:45,-,-,-,-,-,-,-,-,-,-,-,-,CLOSED,-,CLOSED,-,-,-,-,-,-,-,-,-,-,CLOSED,-,CLOSED,-,-,-,-,CLOSED
20250706,07:15,-,-,-,-,-,-,-,-,-,-,-,-,CLOSED,-,CLOSED,-,-,-,-,-,-,-,-,-,-,CLOSED,-,CLOSED,-,-,-,-,CLOSED
20250706,07:45,-,-,-,-,-,-,-,-,-,-,-,-,CLOSED,-,CLOSED,-,-,-,-,-,-,-,-,-,-,CLOSED,-,CLOSED,-,-,-,-,CLOSED
20250706,08:15,-,-,-,-,-,-,-,-,-,-,-,-,CLOSED,-,CLOSED,-,-,-,-,-,-,-,-,-,-,CLOSED,-,CLOSED,-,-,-,-,CLOSED
20250706,08:45,-,-,-,-,-,-,-,-,-,-,-,-,CLOSED,-,CLOSED,-,-,-,-,-,-,-,-,-,-,CLOSED,-,CLOSED,-,-,-,-,CLOSED
20250706,09:15,40,5,-,-,60,10,40,5,5,20,5,-,CLOSED,20,CLOSED,-,5,15,5,5,5,-,5,5,-,CLOSED,-,CLOSED,5,5,5,5,CLOSED
20250706,09:45,140,70,-,-,90,60,70,20,40,60,25,-,CLOSED,20,CLOSED,-,5,15,5,5,5,-,5,5,-,CLOSED,-,CLOSED,5,5,5,5,CLOSED
20250706,10:15,140,80,20,-,120,60,80,60,40,60,20,-,CLOSED,20,CLOSED,-,20,15,20,5,5,-,5,5,5,CLOSED,-,CLOSED,5,5,5,5,CLOSED
20250706,10:45,120,60,40,-,100,60,60,50,20,60,-,-,CLOSED,15,CLOSED,-,25,15,5,15,-,5,5,5,5,CLOSED,-,CLOSED,5,5,15,10,CLOSED
20250706,11:15,70,50,40,40,90,30,40,50,40,50,5,-,CLOSED,15,CLOSED,-,20,15,20,5,5,5,5,5,5,CLOSED,-,CLOSED,5,5,15,5,CLOSED
20250706,11:45,100,30,40,40,80,40,40,30,30,50,5,-,CLOSED,15,CLOSED,-,20,15,20,15,5,5,5,5,5,CLOSED,-,CLOSED,5,5,10,5,CLOSED
20250706,12:15,90,40,50,30,70,40,50,40,30,40,5,-,CLOSED,15,CLOSED,5,15,15,30,10,5,5,5,-,5,CLOSED,-,CLOSED,5,5,10,10,CLOSED
20250706,12:45,70,40,40,40,60,30,30,40,30,40,5,-,CLOSED,20,CLOSED,5,15,15,20,10,5,5,10,5,5,CLOSED,-,CLOSED,5,5,10,5,CLOSED
20250706,13:15,80,40,40,30,70,40,50,30,30,40,10,-,CLOSED,15,CLOSED,5,25,15,25,20,5,5,5,5,5,CLOSED,-,CLOSED,5,5,15,15,CLOSED
20250706,13:45,90,30,30,30,100,40,40,50,30,30,10,-,CLOSED,20,CLOSED,5,15,15,25,15,5,5,5,5,5,CLOSED,-,CLOSED,5,5,15,-,CLOSED
20250706,14:15,80,40,40,30,80,40,50,60,30,40,5,-,CLOSED,20,CLOSED,5,15,15,25,10,5,15,5,5,5,CLOSED,-,CLOSED,5,10,10,-,CLOSED
20250706,14:45,80,30,40,40,70,40,60,50,50,40,10,-,CLOSED,20,CLOSED,5,20,15,25,20,5,15,5,5,5,CLOSED,-,CLOSED,5,5,15,20,CLOSED
20250706,15:15,70,40,40,40,80,40,60,50,30,40,10,5,CLOSED,15,CLOSED,5,10,15,30,20,10,15,5,5,5,CLOSED,-,CLOSED,5,5,20,15,CLOSED
20250706,15:45,80,30,40,40,80,40,50,30,30,40,10,-,CLOSED,15,CLOSED,5,20,15,40,20,10,15,5,5,5,CLOSED,-,CLOSED,5,5,15,15,CLOSED
20250706,16:15,90,40,40,40,80,40,50,50,40,50,15,-,CLOSED,15,CLOSED,5,15,15,30,15,20,15,5,5,5,CLOSED,-,CLOSED,5,5,15,15,CLOSED
20250706,16:45,90,40,40,40,80,50,60,30,30,40,10,5,CLOSED,15,CLOSED,5,25,15,25,20,15,15,10,5,5,CLOSED,-,CLOSED,5,5,15,20,CLOSED
20250706,17:15,70,30,40,30,80,40,60,50,40,40,10,5,CLOSED,15,CLOSED,5,15,15,20,15,10,15,10,5,5,CLOSED,-,CLOSED,5,5,15,10,CLOSED
20250706,17:45,90,30,40,30,70,30,50,30,30,40,5,10,CLOSED,20,CLOSED,5,20,15,10,20,10,15,10,5,5,CLOSED,-,CLOSED,5,5,10,10,CLOSED
20250706,18:15,90,40,30,20,70,40,50,30,30,30,5,20,CLOSED,15,CLOSED,5,20,15,15,15,10,15,10,5,5,CLOSED,-,CLOSED,5,5,10,10,CLOSED
20250706,18:45,70,25,30,40,60,40,50,30,40,40,-,-,CLOSED,20,CLOSED,-,20,15,15,15,-,15,10,5,5,CLOSED,-,CLOSED,5,5,10,10,CLOSED
20250706,19:15,60,25,20,40,70,40,40,30,40,30,-,-,CLOSED,20,CLOSED,-,20,15,10,20,-,15,15,5,5,CLOSED,-,CLOSED,5,5,5,5,CLOSED
20250706,19:45,60,20,15,30,50,30,40,20,20,30,-,-,CLOSED,15,CLOSED,-,10,15,5,20,-,15,5,5,5,CLOSED,-,CLOSED,5,5,5,5,CLOSED
20250706,20:15,-,10,15,30,60,40,40,10,15,30,-,-,CLOSED,15,CLOSED,-,5,15,5,15,-,15,5,5,5,CLOSED,-,CLOSED,5,5,5,5,CLOSED
20250706,20:45,30,10,10,-,30,30,25,5,5,20,-,-,CLOSED,20,CLOSED,-,5,15,5,10,-,-,5,5,5,CLOSED,-,CLOSED,5,5,5,5,CLOSED
20250706,21:15,-,-,-,-,-,-,-,-,-,-,-,-,CLOSED,-,CLOSED,-,-,-,-,-,-,-,-,-,-,CLOSED,-,CLOSED,-,-,-,-,CLOSED
20250706,21:45,-,-,-,-,-,-,-,-,-,-,-,-,CLOSED,-,CLOSED,-,-,-,-,-,-,-,-,-,-,CLOSED,-,CLOSED,-,-,-,-,CLOSED
20250707,07:15,-,-,-,-,-,-,-,-,-,-,-,-,CLOSED,-,CLOSED,-,-,-,-,-,-,-,-,-,-,CLOSED,-,CLOSED,-,-,-,-,CLOSED
20250707,07:45,-,-,-,-,-,-,-,-,-,-,-,-,CLOSED,-,CLOSED,-,-,-,-,-,-,-,-,-,-,CLOSED,-,CLOSED,-,-,-,-,CLOSED
20250707,08:15,-,-,-,-,-,-,-,-,-,-,-,-,CLOSED,-,CLOSED,-,-,-,-,-,-,-,-,-,-,CLOSED,-,CLOSED,-,-,-,-,CLOSED
20250707,08:45,-,-,-,-,-,-,-,-,-,-,-,-,CLOSED,-,CLOSED,-,-,-,-,-,-,-,-,-,-,CLOSED,-,CLOSED,-,-,-,-,CLOSED
20250707,09:15,35,10,5,10,50,10,10,5,5,5,5,-,CLOSED,20,CLOSED,-,5,15,5,5,5,-,5,5,-,CLOSED,-,CLOSED,5,5,5,5,CLOSED
20250707,09:45,120,40,20,30,70,60,60,5,10,50,25,-,CLOSED,20,CLOSED,-,5,15,5,5,5,-,5,5,-,CLOSED,-,CLOSED,5,5,5,5,CLOSED
20250707,10:15,160,50,40,50,80,50,60,60,60,60,20,-,CLOSED,20,CLOSED,-,30,15,10,5,5,5,5,5,5,CLOSED,-,CLOSED,5,5,5,10,CLOSED
20250707,10:45,120,50,50,50,70,60,60,60,40,60,10,-,CLOSED,20,CLOSED,-,25,15,30,15,5,15,5,5,5,CLOSED,-,CLOSED,5,5,10,5,CLOSED
20250707,11:15,90,40,40,30,70,40,40,50,60,60,5,-,CLOSED,15,CLOSED,-,15,15,40,15,5,15,5,5,5,CLOSED,-,CLOSED,10,5,15,5,CLOSED
20250707,11:45,90,30,40,30,70,50,40,50,40,70,5,-,CLOSED,15,CLOSED,-,25,30,40,15,5,15,5,5,5,CLOSED,-,CLOSED,10,5,20,15,CLOSED
20250707,12:15,90,40,30,40,60,60,60,50,40,60,5,-,CLOSED,15,CLOSED,5,20,20,40,15,5,15,5,5,5,CLOSED,-,CLOSED,10,5,20,15,CLOSED
20250707,12:45,80,40,40,40,60,50,40,60,30,-,5,-,CLOSED,20,CLOSED,5,15,15,40,15,5,15,5,5,5,CLOSED,-,CLOSED,5,5,20,15,CLOSED
20250707,13:15,80,40,40,30,70,60,40,80,60,-,5,-,CLOSED,10,CLOSED,5,25,15,40,20,5,15,10,5,5,CLOSED,-,CLOSED,5,10,15,15,CLOSED
20250707,13:45,100,40,30,40,70,50,50,70,60,-,5,-,CLOSED,15,CLOSED,5,20,15,30,15,5,15,10,5,5,CLOSED,-,CLOSED,5,10,30,15,CLOSED
20250707,14:15,100,30,30,40,80,60,50,50,40,-,5,-,CLOSED,15,CLOSED,5,20,15,40,25,5,15,10,5,5,CLOSED,-,CLOSED,5,10,25,15,CLOSED
20250707,14:45,90,40,30,30,80,70,50,50,60,70,5,-,CLOSED,15,CLOSED,5,20,15,40,15,5,15,15,5,5,CLOSED,-,CLOSED,5,10,20,15,CLOSED
20250707,15:15,100,40,40,40,70,60,50,50,60,80,5,5,CLOSED,15,CLOSED,5,20,15,40,20,10,15,15,5,5,CLOSED,-,CLOSED,5,10,20,15,CLOSED
20250707,15:45,100,40,40,40,70,60,60,50,50,80,5,-,CLOSED,20,CLOSED,5,15,15,40,25,15,15,10,5,5,CLOSED,-,CLOSED,5,10,20,15,CLOSED
20250707,16:15,100,40,-,40,90,60,50,50,60,80,5,-,CLOSED,20,CLOSED,5,20,15,40,15,15,15,10,5,5,CLOSED,-,CLOSED,5,10,20,15,CLOSED
20250707,16:45,80,40,-,50,80,70,50,60,60,80,5,5,CLOSED,20,CLOSED,5,20,15,25,20,20,15,20,5,5,CLOSED,-,CLOSED,5,10,20,20,CLOSED
20250707,17:15,90,30,-,40,60,70,60,-,50,80,5,5,CLOSED,10,CLOSED,5,10,15,25,20,15,15,15,5,5,CLOSED,-,CLOSED,10,5,15,15,CLOSED
20250707,17:45,90,30,-,40,50,60,50,-,70,90,10,15,CLOSED,15,CLOSED,5,20,15,20,25,15,15,15,5,5,CLOSED,-,CLOSED,10,5,20,15,CLOSED
20250707,18:15,100,30,-,40,80,60,-,-,70,80,10,15,CLOSED,15,CLOSED,5,30,15,20,20,15,15,15,5,5,CLOSED,-,CLOSED,5,5,20,5,CLOSED
20250707,18:45,100,30,-,40,90,90,-,-,70,90,-,-,CLOSED,15,CLOSED,-,20,15,20,20,-,15,15,5,5,CLOSED,-,CLOSED,10,5,15,5,CLOSED
20250707,19:15,80,25,10,40,80,90,-,80,60,80,-,-,CLOSED,15,CLOSED,-,15,15,10,15,-,15,15,5,5,CLOSED,-,CLOSED,10,5,10,5,CLOSED
20250707,19:45,60,15,30,25,60,80,30,60,40,60,-,-,CLOSED,15,CLOSED,-,5,15,10,20,-,15,5,5,5,CLOSED,-,CLOSED,10,5,10,10,CLOSED
20250707,20:15,40,15,-,30,30,50,30,30,25,40,-,-,CLOSED,15,CLOSED,-,5,15,5,15,-,15,5,5,5,CLOSED,-,CLOSED,10,5,5,5,CLOSED
20250707,20:45,30,10,-,20,30,30,30,15,20,25,-,-,CLOSED,15,CLOSED,-,5,15,5,5,-,-,5,5,5,CLOSED,-,CLOSED,10,5,5,5,CLOSED
20250707,21:15,-,-,-,-,-,-,-,-,-,-,-,-,CLOSED,-,CLOSED,-,-,-,-,-,-,-,-,-,-,CLOSED,-,CLOSED,-,-,-,-,CLOSED
20250707,21:45,-,-,-,-,-,-,-,-,-,-,-,-,CLOSED,-,CLOSED,-,-,-,-,-,-,-,-,-,-,CLOSED,-,CLOSED,-,-,-,-,CLOSED
20250708,07:15,-,-,-,-,-,-,-,-,-,-,-,-,CLOSED,-,CLOSED,-,-,-,-,-,-,-,-,-,-,CLOSED,-,CLOSED,-,-,-,-,CLOSED
20250708,07:45,-,-,-,-,-,-,-,-,-,-,-,-,CLOSED,-,CLOSED,-,-,-,-,-,-,-,-,-,-,CLOSED,-,CLOSED,-,-,-,-,CLOSED
20250708,08:15,-,-,-,-,-,-,-,-,-,-,-,-,CLOSED,-,CLOSED,-,-,-,-,-,-,-,-,-,-,CLOSED,-,CLOSED,-,-,-,-,CLOSED
20250708,08:45,-,-,-,-,-,-,-,-,-,-,-,-,CLOSED,-,CLOSED,-,-,-,-,-,-,-,-,-,-,CLOSED,-,CLOSED,-,-,-,-,CLOSED
20250708,09:15,40,10,5,5,50,10,20,5,5,20,5,-,CLOSED,20,CLOSED,-,5,15,5,5,5,-,5,5,-,CLOSED,-,CLOSED,5,5,5,5,CLOSED
20250708,09:45,120,40,30,30,90,50,60,10,10,50,20,-,CLOSED,20,CLOSED,-,10,15,5,5,5,-,5,5,-,CLOSED,-,CLOSED,5,5,5,5,CLOSED
20250708,10:15,120,50,40,40,100,60,70,80,50,60,15,-,CLOSED,15,CLOSED,-,30,15,20,5,5,15,5,5,5,CLOSED,-,CLOSED,5,5,5,5,CLOSED
20250708,10:45,-,50,50,40,90,50,50,-,80,60,15,-,CLOSED,20,CLOSED,-,25,15,40,10,5,15,5,5,5,CLOSED,-,CLOSED,5,5,10,10,CLOSED
20250708,11:15,-,40,50,40,70,50,40,-,80,70,15,-,CLOSED,15,CLOSED,-,20,30,50,20,5,15,15,5,5,CLOSED,-,CLOSED,5,15,20,15,CLOSED
20250708,11:45,60,40,40,35,60,70,60,-,60,70,5,-,CLOSED,15,CLOSED,-,30,20,50,25,5,15,10,5,5,CLOSED,-,CLOSED,5,15,20,15,CLOSED
20250708,12:15,140,40,40,30,70,70,50,30,30,70,5,-,CLOSED,15,CLOSED,5,10,20,50,20,5,15,5,5,5,CLOSED,-,CLOSED,5,10,20,15,CLOSED
20250708,12:45,100,40,50,40,60,50,40,120,50,60,10,-,CLOSED,20,CLOSED,5,15,15,50,15,5,15,5,5,5,CLOSED,-,CLOSED,5,10,15,15,CLOSED
20250708,13:15,90,30,50,40,70,50,50,100,50,60,10,-,CLOSED,15,CLOSED,5,25,15,40,10,5,15,5,5,5,CLOSED,-,CLOSED,5,15,20,20,CLOSED
20250708,13:45,80,40,40,40,80,60,50,90,50,70,10,-,CLOSED,15,CLOSED,5,10,15,30,20,5,15,5,5,5,CLOSED,-,CLOSED,5,10,25,20,CLOSED
20250708,14:15,90,30,40,30,80,60,50,80,50,60,10,-,CLOSED,15,CLOSED,5,20,15,50,15,5,15,5,5,5,CLOSED,-,CLOSED,5,10,20,15,CLOSED
20250708,14:45,90,40,40,40,70,60,60,100,40,50,10,-,CLOSED,20,CLOSED,5,20,15,50,15,10,15,5,5,5,CLOSED,-,CLOSED,5,10,20,15,CLOSED
20250708,15:15,90,40,40,40,60,50,-,100,50,70,10,-,CLOSED,15,CLOSED,5,15,15,40,20,10,15,5,5,5,CLOSED,-,CLOSED,5,15,20,15,CLOSED
20250708,15:45,100,40,40,40,90,50,-,70,50,70,10,-,CLOSED,15,CLOSED,5,20,15,30,20,20,15,10,5,5,CLOSED,-,CLOSED,5,10,20,15,CLOSED
20250708,16:15,100,40,40,40,90,60,-,80,40,80,10,-,CLOSED,15,CLOSED,5,20,15,50,25,10,15,10,5,5,CLOSED,-,CLOSED,5,10,25,20,CLOSED
20250708,16:45,100,40,40,40,80,60,-,90,60,70,5,-,CLOSED,20,CLOSED,5,25,15,40,20,20,15,5,5,5,CLOSED,-,CLOSED,10,10,20,20,CLOSED
20250708,17:15,100,30,40,40,70,70,-,90,50,70,5,5,CLOSED,15,CLOSED,5,15,15,30,20,15,15,5,5,5,CLOSED,-,CLOSED,5,10,20,15,CLOSED
20250708,17:45,100,40,40,40,60,70,50,80,50,60,10,5,CLOSED,15,CLOSED,5,15,15,15,20,15,15,15,5,5,CLOSED,-,CLOSED,5,10,15,10,CLOSED
20250708,18:15,90,30,30,40,50,70,70,60,50,60,10,5,CLOSED,15,CLOSED,5,20,15,10,10,15,15,15,5,5,CLOSED,-,CLOSED,5,5,10,10,CLOSED
20250708,18:45,100,30,30,40,80,60,60,50,40,60,-,-,CLOSED,15,CLOSED,-,10,15,20,20,-,15,5,5,5,CLOSED,-,CLOSED,5,5,10,10,CLOSED
20250708,19:15,80,30,25,40,70,60,50,50,50,60,-,-,CLOSED,15,CLOSED,-,20,15,15,20,-,15,10,5,5,CLOSED,-,CLOSED,5,5,10,5,CLOSED
20250708,19:45,60,20,15,40,40,60,50,40,20,40,-,-,CLOSED,15,CLOSED,-,10,15,10,20,-,15,10,5,5,CLOSED,-,CLOSED,5,5,5,5,CLOSED
20250708,20:15,50,15,10,30,40,50,30,30,40,40,-,-,CLOSED,20,CLOSED,-,5,15,5,15,-,15,5,5,5,CLOSED,-,CLOSED,5,5,5,5,CLOSED
20250708,20:45,-,5,10,-,25,30,25,15,15,-,-,-,CLOSED,15,CLOSED,-,5,15,5,10,-,-,5,5,5,CLOSED,-,CLOSED,5,5,5,5,CLOSED
20250708,21:15,-,-,-,-,-,-,-,-,-,-,-,-,CLOSED,-,CLOSED,-,-,-,-,-,-,-,-,-,-,CLOSED,-,CLOSED,-,-,-,-,CLOSED
20250708,21:45,-,-,-,-,-,-,-,-,-,-,-,-,CLOSED,-,CLOSED,-,-,-,-,-,-,-,-,-,-,CLOSED,-,CLOSED,-,-,-,-,CLOSED
20250709,07:15,-,-,-,-,-,-,-,-,-,-,-,-,CLOSED,-,CLOSED,-,-,-,-,-,-,-,-,-,-,CLOSED,-,CLOSED,-,-,-,-,CLOSED
20250709,07:45,-,-,-,-,-,-,-,-,-,-,-,-,CLOSED,-,CLOSED,-,-,-,-,-,-,-,-,-,-,CLOSED,-,CLOSED,-,-,-,-,CLOSED
20250709,08:15,-,-,-,-,-,-,-,-,-,-,-,-,CLOSED,-,CLOSED,-,-,-,-,-,-,-,-,-,-,CLOSED,-,CLOSED,-,-,-,-,CLOSED
20250709,08:45,-,-,-,-,-,-,-,-,-,-,-,-,CLOSED,-,CLOSED,-,-,-,-,-,-,-,-,-,-,CLOSED,-,CLOSED,-,-,-,-,CLOSED
20250709,09:15,50,5,5,-,50,25,30,5,5,30,5,-,CLOSED,15,CLOSED,-,5,15,5,5,5,-,-,5,-,CLOSED,-,CLOSED,5,5,5,5,CLOSED
20250709,09:45,100,60,40,25,100,60,90,25,20,50,20,-,CLOSED,20,CLOSED,-,10,15,5,5,5,-,5,5,-,CLOSED,-,CLOSED,5,5,5,5,CLOSED
20250709,10:15,120,60,50,50,100,60,70,70,60,70,20,-,CLOSED,20,CLOSED,-,30,15,15,5,5,15,5,5,5,CLOSED,-,CLOSED,5,5,5,5,CLOSED
20250709,10:45,100,50,50,40,90,60,50,60,50,70,10,-,CLOSED,25,CLOSED,-,30,20,40,10,5,15,5,5,5,CLOSED,-,CLOSED,5,5,10,10,CLOSED
20250709,11:15,90,50,50,40,100,70,60,50,50,70,5,-,CLOSED,15,CLOSED,-,20,30,40,10,5,15,10,5,5,CLOSED,-,CLOSED,5,5,25,15,CLOSED
20250709,11:45,100,50,40,40,70,60,50,50,40,70,5,-,CLOSED,15,CLOSED,-,25,30,40,15,5,15,10,5,5,CLOSED,-,CLOSED,10,15,20,15,CLOSED
20250709,12:15,90,50,50,40,70,70,50,50,50,70,5,-,CLOSED,15,CLOSED,5,20,30,50,20,5,15,10,5,5,CLOSED,-,CLOSED,5,10,20,15,CLOSED
20250709,12:45,70,40,30,40,100,60,50,40,50,80,5,-,CLOSED,20,CLOSED,5,20,15,50,15,5,15,10,5,5,CLOSED,-,CLOSED,5,10,20,15,CLOSED
20250709,13:15,100,50,40,30,120,80,-,60,40,80,5,-,CLOSED,20,CLOSED,5,25,20,50,25,5,15,10,5,5,CLOSED,-,CLOSED,10,10,20,15,CLOSED
20250709,13:45,100,40,50,40,100,70,-,60,60,80,5,-,CLOSED,15,CLOSED,5,15,20,40,20,5,15,5,5,5,CLOSED,-,CLOSED,10,10,20,15,CLOSED
20250709,14:15,100,50,40,40,80,70,-,60,60,70,5,-,CLOSED,15,CLOSED,5,15,15,50,20,5,15,10,5,5,CLOSED,-,CLOSED,10,10,25,15,CLOSED
20250709,14:45,100,60,40,40,90,80,-,70,50,70,15,-,CLOSED,15,CLOSED,5,20,15,50,15,10,15,15,5,5,CLOSED,-,CLOSED,10,15,25,20,CLOSED
20250709,15:15,100,60,40,40,100,70,60,60,60,90,10,5,CLOSED,20,CLOSED,5,20,15,50,25,15,15,10,5,5,CLOSED,-,CLOSED,10,15,30,20,CLOSED
20250709,15:45,100,40,40,40,80,90,60,60,50,100,10,-,CLOSED,20,CLOSED,5,25,15,50,25,15,15,10,5,5,CLOSED,-,CLOSED,5,15,20,20,CLOSED
20250709,16:15,90,40,50,40,80,80,100,60,60,90,10,-,CLOSED,20,CLOSED,5,20,15,40,20,20,15,15,5,5,CLOSED,-,CLOSED,10,10,25,15,CLOSED
20250709,16:45,90,40,40,40,90,80,70,60,50,90,10,15,CLOSED,20,CLOSED,5,20,15,40,25,15,15,10,5,5,CLOSED,-,CLOSED,5,10,25,15,CLOSED
20250709,17:15,100,40,30,40,90,80,70,50,60,80,10,15,CLOSED,20,CLOSED,5,20,15,30,25,15,15,10,5,5,CLOSED,-,CLOSED,10,10,15,15,CLOSED
20250709,17:45,100,40,40,40,80,80,70,50,50,70,15,15,CLOSED,15,CLOSED,5,20,15,-,20,5,15,15,5,5,CLOSED,-,CLOSED,10,5,15,10,CLOSED
20250709,18:15,100,30,40,40,80,80,80,50,40,70,10,30,CLOSED,15,CLOSED,5,20,15,-,15,15,15,10,5,5,CLOSED,-,CLOSED,5,5,10,10,CLOSED
20250709,18:45,100,40,30,40,60,80,60,40,50,80,-,-,CLOSED,15,CLOSED,-,15,15,-,20,-,15,15,5,5,CLOSED,-,CLOSED,10,5,15,10,CLOSED
20250709,19:15,80,25,30,40,60,60,60,40,50,80,-,-,CLOSED,20,CLOSED,-,15,15,20,20,-,15,15,5,5,CLOSED,-,CLOSED,10,5,10,5,CLOSED
20250709,19:45,60,25,15,25,60,70,50,30,30,60,-,-,CLOSED,15,CLOSED,-,10,15,15,15,-,15,10,5,5,CLOSED,-,CLOSED,5,5,5,5,CLOSED
20250709,20:15,50,15,15,25,50,-,40,20,20,40,-,-,CLOSED,15,CLOSED,-,5,15,15,15,-,15,5,5,5,CLOSED,-,CLOSED,5,5,5,5,CLOSED
20250709,20:45,-,5,10,20,40,-,40,15,15,25,-,-,CLOSED,15,CLOSED,-,5,15,5,15,-,-,5,5,5,CLOSED,-,CLOSED,5,5,5,5,CLOSED
20250709,21:15,-,-,-,-,-,-,-,-,-,-,-,-,CLOSED,-,CLOSED,-,-,-,-,-,-,-,-,-,-,CLOSED,-,CLOSED,-,-,-,-,CLOSED
20250709,21:45,-,-,-,-,-,-,-,-,-,-,-,-,CLOSED,-,CLOSED,-,-,-,-,-,-,-,-,-,-,CLOSED,-,CLOSED,-,-,-,-,CLOSED
20250710,07:15,-,-,-,-,-,-,-,-,-,-,-,-,CLOSED,-,CLOSED,-,-,-,-,-,-,-,-,-,-,CLOSED,-,CLOSED,-,-,-,-,CLOSED
20250710,07:45,-,-,-,-,-,-,-,-,-,-,-,-,CLOSED,-,CLOSED,-,-,-,-,-,-,-,-,-,-,CLOSED,-,CLOSED,-,-,-,-,CLOSED
20250710,08:15,-,-,-,-,-,-,-,-,-,-,-,-,CLOSED,-,CLOSED,-,-,-,-,-,-,-,-,-,-,CLOSED,-,CLOSED,-,-,-,-,CLOSED
20250710,08:45,-,-,-,-,-,-,-,-,-,-,-,-,CLOSED,-,CLOSED,-,-,-,-,-,-,-,-,-,-,CLOSED,-,CLOSED,-,-,-,-,CLOSED
20250710,09:15,30,5,5,5,50,15,30,5,5,15,5,-,CLOSED,15,CLOSED,-,5,15,5,5,5,-,5,5,-,CLOSED,-,CLOSED,5,5,5,5,CLOSED
20250710,09:45,100,50,30,30,80,50,50,15,-,70,20,-,CLOSED,15,CLOSED,-,10,15,5,5,5,-,-,5,-,CLOSED,-,CLOSED,5,5,5,5,CLOSED
20250710,10:15,120,50,50,50,90,60,60,50,-,60,20,-,CLOSED,15,CLOSED,-,25,15,20,5,5,15,-,5,5,CLOSED,-,CLOSED,5,5,5,5,CLOSED
20250710,10:45,120,40,40,40,60,50,60,50,-,60,15,-,CLOSED,15,CLOSED,-,25,15,40,15,5,15,-,5,5,CLOSED,-,CLOSED,5,5,10,10,CLOSED
20250710,11:15,80,50,30,30,70,50,50,50,-,60,5,-,CLOSED,15,CLOSED,-,15,20,40,15,5,15,-,5,5,CLOSED,-,CLOSED,5,5,10,10,CLOSED
20250710,11:45,90,40,30,30,70,60,40,30,-,70,5,-,CLOSED,20,CLOSED,-,25,20,50,15,5,15,-,5,5,CLOSED,-,CLOSED,5,15,20,10,CLOSED
20250710,12:15,90,40,40,40,60,50,40,60,5,70,15,-,CLOSED,20,CLOSED,5,25,20,60,20,5,15,-,5,5,CLOSED,-,CLOSED,5,5,15,10,CLOSED
20250710,12:45,70,40,30,30,50,50,40,30,50,60,15,-,CLOSED,20,CLOSED,5,10,15,40,15,5,15,-,5,5,CLOSED,-,CLOSED,5,10,20,10,CLOSED
20250710,13:15,70,40,25,30,60,50,50,40,40,70,5,-,CLOSED,20,CLOSED,5,25,15,40,20,5,15,-,5,5,CLOSED,-,CLOSED,5,5,25,15,CLOSED
20250710,13:45,80,40,30,30,50,50,40,50,60,70,5,-,CLOSED,15,CLOSED,5,20,15,30,20,10,15,-,5,5,CLOSED,-,CLOSED,5,5,20,15,CLOSED
20250710,14:15,80,40,40,40,70,50,40,50,60,60,5,-,CLOSED,15,CLOSED,5,15,15,40,15,10,15,-,5,5,CLOSED,-,CLOSED,5,10,20,20,CLOSED
20250710,14:45,80,40,40,40,60,50,60,50,50,60,15,-,CLOSED,20,CLOSED,5,20,15,60,20,20,15,-,5,5,CLOSED,-,CLOSED,10,15,25,15,CLOSED
20250710,15:15,80,40,30,40,70,60,50,60,60,70,10,-,CLOSED,15,CLOSED,5,20,15,60,20,25,15,5,5,5,CLOSED,-,CLOSED,5,10,25,15,CLOSED
20250710,15:45,90,30,40,40,70,60,50,-,80,60,15,-,CLOSED,15,CLOSED,5,15,15,40,15,20,15,20,5,5,CLOSED,-,CLOSED,10,10,10,15,CLOSED
20250710,16:15,90,40,40,40,60,60,50,-,90,60,10,5,CLOSED,15,CLOSED,5,15,15,50,20,20,15,25,5,5,CLOSED,-,CLOSED,5,5,15,15,CLOSED
20250710,16:45,80,40,25,40,60,60,70,-,80,60,10,10,CLOSED,15,CLOSED,5,20,15,40,20,15,15,15,5,5,CLOSED,-,CLOSED,10,10,30,20,CLOSED
20250710,17:15,80,30,30,40,80,80,-,80,70,70,5,20,CLOSED,15,CLOSED,5,20,15,10,15,10,15,15,5,5,CLOSED,-,CLOSED,10,5,15,15,CLOSED
20250710,17:45,80,40,25,40,60,80,-,60,50,70,15,15,CLOSED,15,CLOSED,5,15,15,15,10,20,15,15,5,5,CLOSED,-,CLOSED,10,5,15,10,CLOSED
20250710,18:15,80,30,25,40,60,50,-,50,60,50,15,10,CLOSED,20,CLOSED,5,15,15,10,10,10,15,15,5,5,CLOSED,-,CLOSED,5,5,10,10,CLOSED
20250710,18:45,-,-,20,30,-,60,-,-,-,60,-,10,CLOSED,15,CLOSED,-,15,15,5,25,-,15,5,5,5,CLOSED,-,CLOSED,5,5,15,10,CLOSED
20250710,19:15,-,-,25,-,-,50,-,-,-,50,-,-,CLOSED,20,CLOSED,-,15,15,5,20,-,15,5,5,5,CLOSED,-,CLOSED,5,5,15,15,CLOSED
20250710,19:45,20,5,15,5,30,50,-,-,10,50,-,-,CLOSED,20,CLOSED,-,5,15,5,20,-,15,5,5,5,CLOSED,-,CLOSED,5,5,15,15,CLOSED
20250710,20:15,40,15,5,10,50,60,-,-,15,40,-,-,CLOSED,15,CLOSED,-,10,15,5,20,-,15,5,5,5,CLOSED,-,CLOSED,5,5,10,15,CLOSED
20250710,20:45,-,5,5,20,25,-,-,-,5,30,-,-,CLOSED,15,CLOSED,-,5,15,5,10,-,-,5,5,5,CLOSED,-,CLOSED,5,5,5,15,CLOSED
20250710,21:15,-,-,-,-,-,-,-,-,-,-,-,-,CLOSED,-,CLOSED,-,-,-,-,-,-,-,-,-,-,CLOSED,-,CLOSED,-,-,-,-,CLOSED
20250710,21:45,-,-,-,-,-,-,-,-,-,-,-,-,CLOSED,-,CLOSED,-,-,-,-,-,-,-,-,-,-,CLOSED,-,CLOSED,-,-,-,-,CLOSED
20250711,07:15,-,-,-,-,-,-,-,-,-,-,-,-,CLOSED,-,CLOSED,-,-,-,-,-,-,-,-,-,-,CLOSED,-,CLOSED,-,-,-,-,CLOSED
20250711,07:45,-,-,-,-,-,-,-,-,-,-,-,-,CLOSED,-,CLOSED,-,-,-,-,-,-,-,-,-,-,CLOSED,-,CLOSED,-,-,-,-,CLOSED
20250711,08:15,-,-,-,-,-,-,-,-,-,-,-,-,CLOSED,-,CLOSED,-,-,-,-,-,-,-,-,-,-,CLOSED,-,CLOSED,-,-,-,-,CLOSED
20250711,08:45,-,-,-,-,-,-,-,-,-,-,-,-,CLOSED,-,CLOSED,-,-,-,-,-,-,-,-,-,-,CLOSED,-,CLOSED,-,-,-,-,CLOSED
20250711,09:15,60,10,-,10,70,20,20,5,5,10,5,-,CLOSED,20,CLOSED,-,-,15,5,-,5,-,5,5,-,CLOSED,-,CLOSED,5,5,5,5,CLOSED
20250711,09:45,100,60,-,50,120,80,80,15,30,70,25,-,CLOSED,20,CLOSED,-,-,15,5,-,5,-,5,5,-,CLOSED,-,CLOSED,5,5,5,5,CLOSED
20250711,10:15,140,80,10,70,120,90,100,80,70,8,30,-,CLOSED,20,CLOSED,-,-,15,30,5,5,15,10,5,5,CLOSED,-,CLOSED,10,5,10,5,CLOSED
20250711,10:45,160,80,60,50,100,90,90,80,60,90,25,-,CLOSED,30,CLOSED,-,20,30,50,15,5,15,20,5,5,CLOSED,-,CLOSED,10,5,20,10,CLOSED
20250711,11:15,140,80,10,50,120,80,70,70,70,90,25,-,CLOSED,30,CLOSED,-,25,40,50,15,5,15,25,5,5,CLOSED,-,CLOSED,20,10,20,15,CLOSED
20250711,11:45,120,70,10,40,80,80,50,70,50,8,15,-,CLOSED,15,CLOSED,-,25,40,40,25,5,15,20,5,5,CLOSED,-,CLOSED,15,10,25,15,CLOSED
20250711,12:15,100,70,10,50,80,70,50,80,70,100,10,-,CLOSED,30,CLOSED,5,20,30,40,25,10,15,20,5,5,CLOSED,-,CLOSED,20,10,20,20,CLOSED
20250711,12:45,100,60,60,50,100,80,80,70,60,100,25,-,CLOSED,15,CLOSED,5,15,20,40,20,10,15,25,5,5,CLOSED,-,CLOSED,20,15,25,15,CLOSED
20250711,13:15,100,70,50,40,100,80,70,70,60,100,20,-,CLOSED,20,CLOSED,5,25,50,40,25,15,15,25,5,5,CLOSED,-,CLOSED,20,15,25,20,CLOSED
20250711,13:45,120,90,10,50,100,90,70,60,50,100,20,-,CLOSED,20,CLOSED,5,20,30,40,20,10,15,25,5,5,CLOSED,-,CLOSED,10,15,20,20,CLOSED
20250711,14:15,120,70,10,60,100,90,70,80,70,100,15,-,CLOSED,20,CLOSED,5,25,20,60,25,25,15,25,5,5,CLOSED,-,CLOSED,10,15,25,15,CLOSED
20250711,14:45,120,80,10,50,100,100,70,70,70,8,25,-,CLOSED,30,CLOSED,5,25,20,60,25,20,15,30,5,5,CLOSED,-,CLOSED,20,15,25,20,CLOSED
20250711,15:15,120,60,60,50,90,90,90,70,70,100,20,15,CLOSED,15,CLOSED,5,15,20,60,25,20,15,25,5,5,CLOSED,-,CLOSED,20,15,30,20,CLOSED
20250711,15:45,100,60,10,50,90,100,90,70,70,120,20,30,CLOSED,15,CLOSED,5,25,20,40,25,30,15,20,5,10,CLOSED,-,CLOSED,15,15,25,20,CLOSED
20250711,16:15,120,-,10,50,120,90,80,90,70,90,15,40,CLOSED,15,CLOSED,5,20,20,40,20,15,15,30,5,5,CLOSED,-,CLOSED,20,10,25,20,CLOSED
20250711,16:45,140,60,10,50,120,90,80,80,70,120,15,25,CLOSED,20,CLOSED,5,25,20,30,25,25,15,30,5,5,CLOSED,-,CLOSED,20,10,25,20,CLOSED
20250711,17:15,140,70,50,50,120,100,90,70,70,120,25,40,CLOSED,20,CLOSED,5,20,15,40,25,30,15,20,5,10,CLOSED,-,CLOSED,20,10,20,15,CLOSED
20250711,17:45,100,50,60,-,120,100,80,60,70,90,15,30,CLOSED,20,CLOSED,5,25,15,15,20,20,15,25,5,5,CLOSED,-,CLOSED,15,15,20,15,CLOSED
20250711,18:15,120,50,60,60,120,100,80,80,70,100,20,-,CLOSED,20,CLOSED,5,25,15,-,25,20,15,25,5,5,CLOSED,-,CLOSED,20,5,20,15,CLOSED
20250711,18:45,120,60,50,50,120,90,70,70,70,120,-,-,CLOSED,15,CLOSED,-,20,15,-,20,-,15,25,5,5,CLOSED,-,CLOSED,15,10,20,20,CLOSED
20250711,19:15,100,50,40,50,100,80,70,60,60,8,-,-,CLOSED,15,CLOSED,-,15,20,10,25,-,15,20,5,5,CLOSED,-,CLOSED,15,10,20,15,CLOSED
20250711,19:45,80,40,30,30,100,70,60,50,40,60,-,-,CLOSED,15,CLOSED,-,15,15,10,20,-,15,20,5,5,CLOSED,-,CLOSED,15,5,10,10,CLOSED
20250711,20:15,70,30,20,40,60,-,60,40,40,-,-,-,CLOSED,15,CLOSED,-,5,15,5,15,-,15,5,5,5,CLOSED,-,CLOSED,5,5,10,5,CLOSED
20250711,20:45,-,25,15,-,-,-,40,15,20,-,-,-,CLOSED,15,CLOSED,-,5,15,5,15,-,-,10,5,5,CLOSED,-,CLOSED,5,5,5,5,CLOSED
20250711,21:15,-,-,-,-,-,-,-,-,-,-,-,-,CLOSED,-,CLOSED,-,-,-,-,-,-,-,-,-,-,CLOSED,-,CLOSED,-,-,-,-,CLOSED
20250711,21:45,-,-,-,-,-,-,-,-,-,-,-,-,CLOSED,-,CLOSED,-,-,-,-,-,-,-,-,-,-,CLOSED,-,CLOSED,-,-,-,-,CLOSED
20250712,07:15,-,-,-,-,-,-,-,-,-,-,-,-,CLOSED,-,CLOSED,-,-,-,-,-,-,-,-,-,-,CLOSED,-,CLOSED,-,-,-,-,CLOSED
20250712,07:45,-,-,-,-,-,-,-,-,-,-,-,-,CLOSED,-,CLOSED,-,-,-,-,-,-,-,-,-,-,CLOSED,-,CLOSED,-,-,-,-,CLOSED
20250712,08:15,-,-,-,-,-,-,-,-,-,-,-,-,CLOSED,-,CLOSED,-,-,-,-,-,-,-,-,-,-,CLOSED,-,CLOSED,-,-,-,-,CLOSED
20250712,08:45,-,-,-,-,-,-,-,-,-,-,-,-,CLOSED,-,CLOSED,-,-,-,-,-,-,-,-,-,-,CLOSED,-,CLOSED,-,-,-,-,CLOSED
20250712,09:15,25,10,5,5,50,10,30,5,5,5,5,-,CLOSED,20,CLOSED,-,5,15,5,5,5,-,5,5,-,CLOSED,-,CLOSED,5,5,5,5,CLOSED
20250712,09:45,140,60,20,30,140,40,90,5,5,50,25,-,CLOSED,15,CLOSED,-,5,15,5,5,5,-,-,5,-,CLOSED,-,CLOSED,5,5,5,5,CLOSED
20250712,10:15,180,70,80,50,120,70,100,70,70,70,20,-,CLOSED,20,CLOSED,-,15,15,15,5,5,5,-,5,5,CLOSED,-,CLOSED,10,5,5,5,CLOSED
20250712,10:45,180,80,80,50,120,90,120,70,50,90,15,-,CLOSED,30,CLOSED,-,30,15,30,10,5,15,-,5,5,CLOSED,-,CLOSED,15,5,10,5,CLOSED
20250712,11:15,160,80,70,50,100,90,60,50,40,90,10,-,CLOSED,25,CLOSED,-,10,30,30,10,5,15,-,5,5,CLOSED,-,CLOSED,15,5,10,5,CLOSED
20250712,11:45,120,80,60,50,80,60,60,60,60,70,5,-,CLOSED,15,CLOSED,-,25,30,60,15,5,15,-,5,5,CLOSED,-,CLOSED,15,5,15,10,CLOSED
20250712,12:15,100,60,60,40,80,40,60,60,50,60,5,-,CLOSED,15,CLOSED,5,15,20,50,15,5,15,-,5,5,CLOSED,-,CLOSED,15,5,15,10,CLOSED
20250712,12:45,120,50,40,40,120,40,50,50,50,60,5,-,CLOSED,15,CLOSED,5,20,30,40,10,5,15,-,5,5,CLOSED,-,CLOSED,15,5,20,10,CLOSED
20250712,13:15,120,50,60,40,100,60,80,50,50,60,5,-,CLOSED,20,CLOSED,5,20,15,30,20,5,15,-,5,5,CLOSED,-,CLOSED,10,10,20,15,CLOSED
20250712,13:45,100,60,50,40,100,60,60,50,50,50,10,-,CLOSED,15,CLOSED,5,15,15,40,20,5,15,-,5,5,CLOSED,-,CLOSED,15,5,15,15,CLOSED
20250712,14:15,120,50,50,40,90,60,70,70,50,60,5,-,CLOSED,15,CLOSED,5,15,15,50,20,10,15,-,5,5,CLOSED,-,CLOSED,10,5,20,15,CLOSED
20250712,14:45,120,60,50,-,90,50,90,60,50,50,10,-,CLOSED,15,CLOSED,5,20,20,50,20,20,15,-,5,5,CLOSED,-,CLOSED,15,10,25,15,CLOSED
20250712,15:15,120,60,50,-,80,60,80,60,50,50,15,15,CLOSED,15,CLOSED,5,15,15,50,25,20,15,-,5,5,CLOSED,-,CLOSED,10,10,20,15,CLOSED
20250712,15:45,100,50,50,50,140,60,100,70,30,60,25,25,CLOSED,15,CLOSED,5,20,15,50,20,20,15,-,5,5,CLOSED,-,CLOSED,15,10,20,15,CLOSED
20250712,16:15,120,50,60,50,120,70,100,60,60,70,20,25,CLOSED,20,CLOSED,5,20,20,50,20,25,15,-,5,5,CLOSED,-,CLOSED,15,10,20,20,CLOSED
20250712,16:45,120,50,50,50,100,70,100,60,50,60,15,30,CLOSED,20,CLOSED,5,20,15,40,20,15,15,-,5,5,CLOSED,-,CLOSED,15,10,15,20,CLOSED
20250712,17:15,100,40,40,40,120,60,100,50,50,60,15,30,CLOSED,20,CLOSED,5,15,15,40,15,15,15,-,5,5,CLOSED,-,CLOSED,20,10,15,10,CLOSED
20250712,17:45,100,50,50,40,90,60,80,60,50,50,20,40,CLOSED,15,CLOSED,5,20,15,25,20,20,15,-,5,5,CLOSED,-,CLOSED,15,10,15,10,CLOSED
20250712,18:15,120,40,40,50,100,70,70,50,60,60,15,30,CLOSED,20,CLOSED,5,20,15,10,15,15,15,-,5,5,CLOSED,-,CLOSED,20,5,15,10,CLOSED
20250712,18:45,100,40,40,40,100,60,70,40,50,50,-,-,CLOSED,15,CLOSED,-,20,15,20,25,-,15,-,5,5,CLOSED,-,CLOSED,15,5,15,10,CLOSED
20250712,19:15,90,40,40,40,90,60,70,50,30,50,-,-,CLOSED,20,CLOSED,-,20,15,20,20,-,15,-,5,5,CLOSED,-,CLOSED,15,5,15,10,CLOSED
20250712,19:45,60,25,25,40,80,60,40,25,40,50,-,-,CLOSED,20,CLOSED,-,10,15,10,25,-,15,-,5,5,CLOSED,-,CLOSED,5,5,10,5,CLOSED
20250712,20:15,60,20,20,30,80,60,50,30,20,30,-,-,CLOSED,20,CLOSED,-,5,15,10,15,-,15,-,5,5,CLOSED,-,CLOSED,5,5,5,5,CLOSED
20250712,20:45,-,15,5,-,-,-,-,20,15,-,-,-,CLOSED,20,CLOSED,-,5,15,5,10,-,-,-,5,5,CLOSED,-,CLOSED,5,5,5,5,CLOSED
20250712,21:15,-,-,-,-,-,-,-,-,-,-,-,-,CLOSED,-,CLOSED,-,-,-,-,-,-,-,-,-,-,CLOSED,-,CLOSED,-,-,-,-,CLOSED
20250712,21:45,-,-,-,-,-,-,-,-,-,-,-,-,CLOSED,-,CLOSED,-,-,-,-,-,-,-,-,-,-,CLOSED,-,CLOSED,-,-,-,-,CLOSED
20250713,07:15,-,-,-,-,-,-,-,-,-,-,-,-,CLOSED,-,CLOSED,-,-,-,-,-,-,-,-,-,-,CLOSED,-,CLOSED,-,-,-,-,CLOSED
20250713,07:45,-,-,-,-,-,-,-,-,-,-,-,-,CLOSED,-,CLOSED,-,-,-,-,-,-,-,-,-,-,CLOSED,-,CLOSED,-,-,-,-,CLOSED
20250713,08:15,-,-,-,-,-,-,-,-,-,-,-,-,CLOSED,-,CLOSED,-,-,-,-,-,-,-,-,-,-,CLOSED,-,CLOSED,-,-,-,-,CLOSED
20250713,08:45,-,-,-,-,-,-,-,-,-,-,-,-,CLOSED,-,CLOSED,-,-,-,-,-,-,-,-,-,-,CLOSED,-,CLOSED,-,-,-,-,CLOSED
20250713,09:15,50,5,5,10,60,10,15,5,5,5,5,-,CLOSED,15,CLOSED,-,-,15,5,-,5,-,-,5,-,CLOSED,-,CLOSED,5,5,5,5,CLOSED
20250713,09:45,120,60,30,30,100,60,80,10,10,60,15,-,CLOSED,20,CLOSED,-,-,15,5,-,5,-,-,5,-,CLOSED,-,CLOSED,5,5,5,5,CLOSED
20250713,10:15,140,70,60,50,120,80,70,60,60,70,20,-,CLOSED,25,CLOSED,-,10,15,15,10,5,15,-,5,5,CLOSED,-,CLOSED,5,5,10,5,CLOSED
20250713,10:45,140,80,70,50,90,60,80,60,50,80,10,-,CLOSED,15,CLOSED,-,25,30,40,15,5,15,-,5,5,CLOSED,-,CLOSED,5,5,5,5,CLOSED
20250713,11:15,100,80,50,40,90,50,70,50,50,70,5,-,CLOSED,15,CLOSED,-,15,15,50,10,5,15,-,5,5,CLOSED,-,CLOSED,5,5,10,10,CLOSED
20250713,11:45,90,50,50,30,80,60,40,50,30,60,5,-,CLOSED,15,CLOSED,-,20,30,50,20,5,15,-,5,5,CLOSED,-,CLOSED,10,5,15,15,CLOSED
20250713,12:15,90,50,40,30,80,40,50,40,50,50,5,-,CLOSED,20,CLOSED,5,20,30,40,15,10,15,-,5,5,CLOSED,-,CLOSED,5,5,20,15,CLOSED
20250713,12:45,90,40,40,40,70,40,50,40,40,50,5,-,CLOSED,20,CLOSED,5,20,15,-,15,5,15,-,5,5,CLOSED,-,CLOSED,5,10,20,15,CLOSED
20250713,13:15,120,40,40,40,80,50,50,40,40,60,15,-,CLOSED,20,CLOSED,5,25,15,-,15,15,15,-,5,5,CLOSED,-,CLOSED,5,5,20,10,CLOSED
20250713,13:45,100,40,40,25,100,50,60,60,30,60,15,-,CLOSED,20,CLOSED,5,15,15,60,20,15,15,5,5,5,CLOSED,-,CLOSED,10,5,20,20,CLOSED
20250713,14:15,90,40,40,40,80,50,50,50,50,50,5,-,CLOSED,15,CLOSED,5,25,15,40,15,15,15,10,5,5,CLOSED,-,CLOSED,5,10,20,15,CLOSED
20250713,14:45,100,40,40,40,80,40,70,30,50,50,5,-,CLOSED,15,CLOSED,5,20,15,70,15,10,15,15,5,5,CLOSED,-,CLOSED,5,10,20,15,CLOSED
20250713,15:15,90,40,40,30,90,50,60,50,40,50,20,-,CLOSED,15,CLOSED,5,25,15,70,20,20,15,10,5,5,CLOSED,-,CLOSED,5,10,20,10,CLOSED
20250713,15:45,90,40,40,40,90,50,50,60,50,50,20,-,CLOSED,20,CLOSED,5,15,15,70,20,10,15,10,5,5,CLOSED,-,CLOSED,10,10,20,15,CLOSED
20250713,16:15,120,40,40,40,90,60,70,60,30,-,20,-,CLOSED,20,CLOSED,5,20,15,80,20,30,15,20,5,5,CLOSED,-,CLOSED,5,5,25,15,CLOSED
20250713,16:45,100,30,40,30,100,70,60,60,50,-,15,-,CLOSED,20,CLOSED,5,25,15,60,25,15,15,15,5,5,CLOSED,-,CLOSED,5,10,20,15,CLOSED
20250713,17:15,90,40,30,40,120,60,70,50,50,-,20,10,CLOSED,15,CLOSED,5,15,15,40,20,5,15,15,5,5,CLOSED,-,CLOSED,10,5,10,15,CLOSED
20250713,17:45,90,40,40,40,100,70,60,50,40,-,20,20,CLOSED,15,CLOSED,5,20,15,5,15,20,15,20,5,5,CLOSED,-,CLOSED,5,5,15,15,CLOSED
20250713,18:15,90,30,30,40,80,60,60,40,40,90,10,40,CLOSED,15,CLOSED,5,25,15,30,15,5,15,15,5,5,CLOSED,-,CLOSED,5,5,15,10,CLOSED
20250713,18:45,100,30,25,30,90,40,50,40,50,50,-,-,CLOSED,15,CLOSED,-,20,15,20,20,-,15,15,5,5,CLOSED,-,CLOSED,5,5,10,10,CLOSED
20250713,19:15,80,40,25,40,100,60,-,40,40,50,-,-,CLOSED,15,CLOSED,-,20,15,15,20,-,15,15,5,5,CLOSED,-,CLOSED,5,5,5,5,CLOSED
20250713,19:45,60,25,20,30,80,60,-,20,30,70,-,-,CLOSED,15,CLOSED,-,10,15,15,15,-,15,15,5,5,CLOSED,-,CLOSED,5,5,5,5,CLOSED
20250713,20:15,50,15,10,30,60,60,40,20,20,40,-,-,CLOSED,20,CLOSED,-,5,15,15,20,-,15,5,5,5,CLOSED,-,CLOSED,5,5,5,5,CLOSED
20250713,20:45,30,10,10,20,-,-,30,10,10,30,-,-,CLOSED,15,CLOSED,-,5,15,5,10,-,-,5,5,5,CLOSED,-,CLOSED,5,5,5,5,CLOSED
20250713,21:15,-,-,-,-,-,-,-,-,-,-,-,-,CLOSED,-,CLOSED,-,-,-,-,-,-,-,-,-,-,CLOSED,-,CLOSED,-,-,-,-,CLOSED
20250713,21:45,-,-,-,-,-,-,-,-,-,-,-,-,CLOSED,-,CLOSED,-,-,-,-,-,-,-,-,-,-,CLOSED,-,CLOSED,-,-,-,-,CLOSED
20250714,07:15,-,-,-,-,-,-,-,-,-,-,-,-,CLOSED,-,CLOSED,-,-,-,-,-,-,-,-,-,-,CLOSED,-,CLOSED,-,-,-,-,CLOSED
20250714,07:45,-,-,-,-,-,-,-,-,-,-,-,-,CLOSED,-,CLOSED,-,-,-,-,-,-,-,-,-,-,CLOSED,-,CLOSED,-,-,-,-,CLOSED
20250714,08:15,-,-,-,-,-,-,-,-,-,-,-,-,CLOSED,-,CLOSED,-,-,-,-,-,-,-,-,-,-,CLOSED,-,CLOSED,-,-,-,-,CLOSED
20250714,08:45,-,-,-,-,-,-,-,-,-,-,-,-,CLOSED,-,CLOSED,-,-,-,-,-,-,-,-,-,-,CLOSED,-,CLOSED,-,-,-,-,CLOSED
20250714,09:15,50,5,5,5,60,5,25,5,5,20,10,-,CLOSED,20,CLOSED,-,5,15,5,5,5,-,5,5,-,CLOSED,-,CLOSED,5,5,5,5,CLOSED
20250714,09:45,90,40,20,25,100,40,60,5,5,60,20,-,CLOSED,20,CLOSED,-,10,15,5,5,5,-,5,5,-,CLOSED,-,CLOSED,5,5,5,5,CLOSED
20250714,10:15,120,40,40,30,120,60,80,50,10,60,25,-,CLOSED,15,CLOSED,-,15,15,5,5,5,5,5,5,5,CLOSED,-,CLOSED,5,5,5,5,CLOSED
20250714,10:45,100,50,40,40,80,70,60,50,25,-,20,-,CLOSED,20,CLOSED,-,20,15,5,10,5,5,5,5,5,CLOSED,-,CLOSED,5,5,5,5,CLOSED
20250714,11:15,80,50,40,40,60,60,60,80,60,-,15,-,CLOSED,20,CLOSED,-,10,20,5,15,5,5,5,5,5,CLOSED,-,CLOSED,5,5,30,20,CLOSED
20250714,11:45,80,40,40,-,70,60,40,50,40,20,10,-,CLOSED,15,CLOSED,-,25,20,5,15,5,5,5,5,5,CLOSED,-,CLOSED,5,10,25,15,CLOSED
20250714,12:15,80,30,50,-,70,60,40,60,40,80,10,-,CLOSED,20,CLOSED,5,20,20,5,15,10,5,5,5,5,CLOSED,-,CLOSED,5,5,20,15,CLOSED
20250714,12:45,70,40,40,40,80,50,50,40,40,90,10,-,CLOSED,20,CLOSED,5,5,15,5,5,5,15,5,5,5,CLOSED,-,CLOSED,5,5,15,10,CLOSED
20250714,13:15,80,30,30,40,70,50,60,40,50,70,5,-,CLOSED,20,CLOSED,5,20,15,5,10,5,15,15,5,5,CLOSED,-,CLOSED,5,5,20,15,CLOSED
20250714,13:45,80,40,40,30,60,60,50,50,50,60,5,-,CLOSED,15,CLOSED,5,10,15,10,10,5,15,15,5,5,CLOSED,-,CLOSED,5,5,15,15,CLOSED
20250714,14:15,80,40,40,40,70,50,40,60,60,80,5,-,CLOSED,15,CLOSED,5,10,15,15,10,5,15,15,5,5,CLOSED,-,CLOSED,5,5,15,15,CLOSED
20250714,14:45,90,40,40,40,70,40,50,60,60,90,5,-,CLOSED,15,CLOSED,5,25,15,15,15,5,15,15,5,5,CLOSED,-,CLOSED,10,5,15,20,CLOSED
20250714,15:15,90,40,40,40,50,50,60,50,50,90,5,5,CLOSED,15,CLOSED,5,15,15,15,20,10,15,15,5,5,CLOSED,-,CLOSED,10,5,15,10,CLOSED
20250714,15:45,90,30,30,40,70,50,50,50,50,100,5,5,CLOSED,15,CLOSED,5,10,15,10,20,10,15,20,5,5,CLOSED,-,CLOSED,10,5,20,10,CLOSED
20250714,16:15,80,30,30,40,70,60,-,80,60,100,5,5,CLOSED,15,CLOSED,5,15,15,-,20,10,15,15,5,5,CLOSED,-,CLOSED,10,5,20,15,CLOSED
20250714,16:45,70,30,30,40,70,70,-,40,50,100,10,25,CLOSED,20,CLOSED,5,25,15,-,20,20,15,15,5,5,CLOSED,-,CLOSED,10,5,15,15,CLOSED
20250714,17:15,80,30,30,40,80,60,-,30,50,100,10,15,CLOSED,15,CLOSED,5,15,15,20,15,10,15,20,5,5,CLOSED,-,CLOSED,10,5,15,10,CLOSED
20250714,17:45,90,30,30,40,50,70,-,-,60,90,5,15,CLOSED,15,CLOSED,5,20,15,20,20,10,15,10,5,5,CLOSED,-,CLOSED,5,5,10,10,CLOSED
20250714,18:15,80,30,30,40,60,70,-,-,60,70,5,25,CLOSED,15,CLOSED,5,20,15,20,15,10,15,15,5,5,CLOSED,-,CLOSED,5,5,15,5,CLOSED
20250714,18:45,70,25,20,40,70,60,-,-,50,60,-,-,CLOSED,15,CLOSED,-,20,15,15,20,-,15,15,5,5,CLOSED,-,CLOSED,10,5,10,5,CLOSED
20250714,19:15,70,20,15,30,70,60,-,50,50,60,-,-,CLOSED,15,CLOSED,-,10,15,20,20,-,15,5,5,5,CLOSED,-,CLOSED,10,5,10,5,CLOSED
20250714,19:45,70,20,15,30,50,50,50,70,30,60,-,-,CLOSED,15,CLOSED,-,10,15,5,25,-,15,5,5,5,CLOSED,-,CLOSED,5,5,5,5,CLOSED
20250714,20:15,50,10,10,30,40,40,50,40,25,40,-,-,CLOSED,15,CLOSED,-,10,15,5,20,-,15,5,5,5,CLOSED,-,CLOSED,5,5,5,5,CLOSED
20250714,20:45,20,5,5,25,30,-,40,15,10,25,-,-,CLOSED,15,CLOSED,-,5,15,5,10,-,-,5,5,5,CLOSED,-,CLOSED,5,5,5,5,CLOSED
20250714,21:15,-,-,-,-,-,-,-,-,-,-,-,-,CLOSED,-,CLOSED,-,-,-,-,-,-,-,-,-,-,CLOSED,-,CLOSED,-,-,-,-,CLOSED
20250714,21:45,-,-,-,-,-,-,-,-,-,-,-,-,CLOSED,-,CLOSED,-,-,-,-,-,-,-,-,-,-,CLOSED,-,CLOSED,-,-,-,-,CLOSED
20250715,07:15,-,-,-,-,-,-,-,-,-,-,-,-,CLOSED,-,CLOSED,-,-,-,-,-,-,-,-,-,-,CLOSED,-,CLOSED,-,-,-,-,CLOSED
20250715,07:45,-,-,-,-,-,-,-,-,-,-,-,-,CLOSED,-,CLOSED,-,-,-,-,-,-,-,-,-,-,CLOSED,-,CLOSED,-,-,-,-,CLOSED
20250715,08:15,-,-,-,-,-,-,-,-,-,-,-,-,CLOSED,-,CLOSED,-,-,-,-,-,-,-,-,-,-,CLOSED,-,CLOSED,-,-,-,-,CLOSED
20250715,08:45,-,-,-,-,-,-,-,-,-,-,-,-,CLOSED,-,CLOSED,-,-,-,-,-,-,-,-,-,-,CLOSED,-,CLOSED,-,-,-,-,CLOSED
20250715,09:15,-,30,5,10,50,10,40,5,5,10,5,-,CLOSED,15,CLOSED,-,5,15,5,5,5,-,5,5,-,CLOSED,-,CLOSED,5,5,5,5,CLOSED
20250715,09:45,40,50,25,30,90,60,60,15,10,60,20,-,CLOSED,10,CLOSED,-,10,15,5,5,5,-,5,5,-,CLOSED,-,CLOSED,5,5,5,5,CLOSED
20250715,10:15,70,40,40,50,80,60,50,40,60,60,20,-,CLOSED,15,CLOSED,-,15,15,10,5,5,15,5,10,5,CLOSED,-,CLOSED,5,5,5,5,CLOSED
20250715,10:45,100,50,40,50,80,50,50,50,50,50,15,-,CLOSED,15,CLOSED,-,15,15,20,15,5,15,15,5,5,CLOSED,-,CLOSED,5,5,5,5,CLOSED
20250715,11:15,80,40,40,40,10,40,50,40,50,50,5,-,CLOSED,20,CLOSED,-,10,15,30,10,5,15,10,5,5,CLOSED,-,CLOSED,5,5,5,5,CLOSED
20250715,11:45,90,30,30,40,50,40,50,50,50,60,5,-,CLOSED,15,CLOSED,-,25,15,50,10,5,15,10,5,5,CLOSED,-,CLOSED,5,5,5,5,CLOSED
20250715,12:15,70,40,30,40,60,50,40,40,30,70,5,-,CLOSED,15,CLOSED,5,15,15,40,15,5,15,10,5,5,CLOSED,-,CLOSED,5,5,10,10,CLOSED
20250715,12:45,80,30,30,30,60,40,40,40,40,50,5,-,CLOSED,15,CLOSED,5,15,15,15,10,5,15,10,5,5,CLOSED,-,CLOSED,5,5,15,15,CLOSED
20250715,13:15,90,40,30,30,50,40,60,50,40,60,5,-,CLOSED,15,CLOSED,5,25,15,15,15,5,15,10,5,5,CLOSED,-,CLOSED,5,5,15,10,CLOSED
20250715,13:45,80,30,40,40,40,50,50,30,40,70,5,-,CLOSED,15,CLOSED,5,10,15,20,20,5,15,10,5,5,CLOSED,-,CLOSED,5,5,15,5,CLOSED
20250715,14:15,100,30,30,30,60,50,60,50,25,60,5,-,CLOSED,15,CLOSED,5,25,15,5,20,5,15,5,5,5,CLOSED,-,CLOSED,5,10,20,15,CLOSED
20250715,14:45,90,25,40,30,60,50,60,40,30,70,5,-,CLOSED,15,CLOSED,5,20,15,5,20,5,15,5,5,5,CLOSED,-,CLOSED,5,15,20,15,CLOSED
20250715,15:15,90,30,30,40,50,50,60,50,50,70,5,5,CLOSED,15,CLOSED,5,15,15,-,20,15,15,5,5,5,CLOSED,-,CLOSED,5,10,25,15,CLOSED
20250715,15:45,80,30,40,40,50,50,50,40,40,60,5,5,CLOSED,15,CLOSED,5,15,15,-,20,10,15,10,5,5,CLOSED,-,CLOSED,10,5,20,10,CLOSED
20250715,16:15,70,30,30,40,60,50,40,40,40,50,5,5,CLOSED,20,CLOSED,5,10,15,5,15,10,15,15,5,5,CLOSED,-,CLOSED,10,5,15,15,CLOSED
20250715,16:45,60,20,20,40,50,40,60,40,50,40,5,15,CLOSED,20,CLOSED,5,20,15,-,20,10,15,10,5,5,CLOSED,-,CLOSED,10,5,15,10,CLOSED
20250715,17:15,80,20,25,15,60,40,70,30,20,60,5,15,CLOSED,-,CLOSED,-,15,15,-,25,20,15,10,5,5,CLOSED,-,CLOSED,5,5,10,15,CLOSED
20250715,17:45,70,5,20,10,40,30,50,40,-,40,5,15,CLOSED,-,CLOSED,-,25,15,5,30,20,15,10,5,5,CLOSED,-,CLOSED,5,5,15,10,CLOSED
20250715,18:15,60,5,20,10,50,50,50,25,-,40,-,-,CLOSED,15,CLOSED,-,30,15,5,25,-,15,10,5,5,CLOSED,-,CLOSED,5,5,10,10,CLOSED
20250715,18:45,60,5,15,10,40,40,40,40,-,30,-,-,CLOSED,20,CLOSED,-,15,15,5,25,-,15,10,5,5,CLOSED,-,CLOSED,5,5,15,10,CLOSED
20250715,19:15,50,20,5,30,40,30,40,15,40,40,-,-,CLOSED,20,CLOSED,-,5,15,5,15,-,15,5,5,5,CLOSED,-,CLOSED,5,5,10,5,CLOSED
20250715,19:45,40,10,-,30,40,30,40,20,30,30,-,-,CLOSED,20,CLOSED,-,10,15,5,15,-,15,5,5,5,CLOSED,-,CLOSED,5,5,5,5,CLOSED
20250715,20:15,30,5,5,10,30,30,30,10,5,30,-,-,CLOSED,20,CLOSED,-,5,15,5,15,-,15,5,5,5,CLOSED,-,CLOSED,5,5,5,5,CLOSED
20250715,20:45,25,5,-,10,20,30,20,5,5,15,-,-,CLOSED,25,CLOSED,-,5,15,5,10,-,-,5,5,5,CLOSED,-,CLOSED,5,5,5,5,CLOSED
20250715,21:15,-,-,-,-,-,-,-,-,-,-,-,-,CLOSED,-,CLOSED,-,-,-,-,-,-,-,-,-,-,CLOSED,-,CLOSED,-,-,-,-,CLOSED
20250715,21:45,-,-,-,-,-,-,-,-,-,-,-,-,CLOSED,-,CLOSED,-,-,-,-,-,-,-,-,-,-,CLOSED,-,CLOSED,-,-,-,-,CLOSED
20250716,07:15,-,-,-,-,-,-,-,-,-,-,-,-,CLOSED,-,CLOSED,-,-,-,-,-,-,-,-,-,-,CLOSED,-,CLOSED,-,-,-,-,CLOSED
20250716,07:45,-,-,-,-,-,-,-,-,-,-,-,-,CLOSED,-,CLOSED,-,-,-,-,-,-,-,-,-,-,CLOSED,-,CLOSED,-,-,-,-,CLOSED
20250716,08:15,-,-,-,-,-,-,-,-,-,-,-,-,CLOSED,-,CLOSED,-,-,-,-,-,-,-,-,-,-,CLOSED,-,CLOSED,-,-,-,-,CLOSED
20250716,08:45,-,-,-,-,-,-,-,-,-,-,-,-,CLOSED,-,CLOSED,-,-,-,-,-,-,-,-,-,-,CLOSED,-,CLOSED,-,-,-,-,CLOSED
20250716,09:15,20,5,-,10,50,10,15,5,5,10,5,-,CLOSED,5,CLOSED,-,5,15,5,5,5,-,5,5,-,CLOSED,-,CLOSED,5,5,5,5,CLOSED
20250716,09:45,100,50,-,40,80,50,60,10,15,50,30,-,CLOSED,20,CLOSED,-,10,15,5,5,5,-,5,5,-,CLOSED,-,CLOSED,5,5,5,5,CLOSED
20250716,10:15,-,40,30,40,70,50,70,50,40,70,15,-,CLOSED,20,CLOSED,-,20,15,10,5,5,15,5,5,5,CLOSED,-,CLOSED,5,5,5,5,CLOSED
20250716,10:45,-,40,-,60,60,40,40,30,50,70,5,-,CLOSED,15,CLOSED,-,10,15,20,10,5,15,5,5,5,CLOSED,-,CLOSED,5,5,5,5,CLOSED
20250716,11:15,120,40,-,60,60,40,40,-,60,50,5,-,CLOSED,20,CLOSED,-,10,15,20,15,5,15,5,10,5,CLOSED,-,CLOSED,5,5,15,5,CLOSED
20250716,11:45,-,40,10,40,70,50,40,-,40,60,5,-,CLOSED,15,CLOSED,-,25,15,20,20,5,15,10,5,5,CLOSED,-,CLOSED,5,5,15,10,CLOSED
20250716,12:15,-,40,50,40,60,40,40,-,40,70,10,-,CLOSED,15,CLOSED,5,15,15,20,15,5,15,10,5,5,CLOSED,-,CLOSED,5,5,15,10,CLOSED
20250716,12:45,-,30,40,40,50,40,40,30,30,70,10,-,CLOSED,20,CLOSED,5,15,15,25,10,5,15,10,5,5,CLOSED,-,CLOSED,5,5,15,10,CLOSED
20250716,13:15,-,30,40,30,50,50,40,100,30,50,10,-,CLOSED,15,CLOSED,5,25,15,10,15,10,15,10,5,5,CLOSED,-,CLOSED,5,10,15,10,CLOSED
20250716,13:45,60,30,30,40,50,50,40,80,50,50,15,-,CLOSED,15,CLOSED,5,15,15,15,20,10,15,10,5,5,CLOSED,-,CLOSED,5,5,15,10,CLOSED
20250716,14:15,140,40,-,40,50,40,40,70,50,50,15,-,CLOSED,15,CLOSED,5,15,15,25,5,10,15,10,5,5,CLOSED,-,CLOSED,5,5,15,10,CLOSED
20250716,14:45,100,40,-,40,60,40,40,120,50,50,15,-,CLOSED,15,CLOSED,5,25,15,25,15,10,15,10,5,5,CLOSED,-,CLOSED,5,5,15,5,CLOSED
20250716,15:15,140,30,-,40,70,40,50,90,50,50,15,5,CLOSED,15,CLOSED,5,15,15,15,28,10,15,10,5,5,CLOSED,-,CLOSED,5,5,15,10,CLOSED
20250716,15:45,120,30,25,30,60,30,40,50,40,60,15,5,CLOSED,15,CLOSED,5,10,15,-,20,10,15,10,5,5,CLOSED,-,CLOSED,5,5,15,10,CLOSED
20250716,16:15,120,30,60,40,60,40,60,60,30,50,15,5,CLOSED,20,CLOSED,5,15,15,-,15,10,15,10,5,5,CLOSED,-,CLOSED,5,5,15,5,CLOSED
20250716,16:45,120,25,40,30,50,40,40,50,40,40,15,5,CLOSED,15,CLOSED,5,20,15,20,15,15,15,10,5,5,CLOSED,-,CLOSED,10,5,10,10,CLOSED
20250716,17:15,120,25,40,40,50,40,50,50,40,40,15,5,CLOSED,20,CLOSED,5,15,15,10,15,10,15,10,5,5,CLOSED,-,CLOSED,5,5,10,15,CLOSED
20250716,17:45,120,25,40,30,40,30,40,40,40,40,15,5,CLOSED,20,CLOSED,5,15,15,5,15,5,15,5,5,5,CLOSED,-,CLOSED,5,5,5,10,CLOSED
20250716,18:15,100,20,40,40,50,40,40,50,50,40,15,5,CLOSED,20,CLOSED,5,15,15,5,15,5,15,5,5,5,CLOSED,-,CLOSED,5,5,5,5,CLOSED
20250716,18:45,80,20,30,30,40,30,40,30,30,30,-,-,CLOSED,15,CLOSED,-,15,15,5,15,-,15,5,5,5,CLOSED,-,CLOSED,5,5,5,5,CLOSED
20250716,19:15,80,15,-,30,50,30,30,40,30,30,-,-,CLOSED,15,CLOSED,-,15,15,5,20,-,15,5,5,5,CLOSED,-,CLOSED,5,5,5,5,CLOSED
20250716,19:45,80,10,-,30,40,40,30,20,25,40,-,-,CLOSED,15,CLOSED,-,10,15,5,20,-,15,5,5,5,CLOSED,-,CLOSED,5,5,5,5,CLOSED
20250716,20:15,60,5,20,25,30,30,20,15,25,30,-,-,CLOSED,10,CLOSED,-,5,15,5,15,-,15,5,5,5,CLOSED,-,CLOSED,5,5,5,5,CLOSED
20250716,20:45,-,5,15,20,20,15,15,5,5,15,-,-,CLOSED,15,CLOSED,-,5,15,5,10,-,-,5,5,5,CLOSED,-,CLOSED,5,5,5,5,CLOSED
20250716,21:15,-,-,-,-,-,-,-,-,-,-,-,-,CLOSED,-,CLOSED,-,-,-,-,-,-,-,-,-,-,CLOSED,-,CLOSED,-,-,-,-,CLOSED
20250716,21:45,-,-,-,-,-,-,-,-,-,-,-,-,CLOSED,-,CLOSED,-,-,-,-,-,-,-,-,-,-,CLOSED,-,CLOSED,-,-,-,-,CLOSED
20250717,07:15,-,-,-,-,-,-,-,-,-,-,-,-,CLOSED,-,CLOSED,-,-,-,-,-,-,-,-,-,-,CLOSED,-,CLOSED,-,-,-,-,CLOSED
20250717,07:45,-,-,-,-,-,-,-,-,-,-,-,-,CLOSED,-,CLOSED,-,-,-,-,-,-,-,-,-,-,CLOSED,-,CLOSED,-,-,-,-,CLOSED
20250717,08:15,-,-,-,-,-,-,-,-,-,-,-,-,CLOSED,-,CLOSED,-,-,-,-,-,-,-,-,-,-,CLOSED,-,CLOSED,-,-,-,-,CLOSED
20250717,08:45,-,-,-,-,-,-,-,-,-,-,-,-,CLOSED,-,CLOSED,-,-,-,-,-,-,-,-,-,-,CLOSED,-,CLOSED,-,-,-,-,CLOSED
20250717,09:15,40,5,5,5,40,10,15,5,-,-,5,-,CLOSED,20,CLOSED,-,5,15,5,5,5,-,5,5,-,CLOSED,-,CLOSED,5,5,5,5,CLOSED
20250717,09:45,120,40,35,40,120,60,70,30,-,-,25,-,CLOSED,20,CLOSED,-,10,15,5,5,5,-,5,5,-,CLOSED,-,CLOSED,5,5,5,5,CLOSED
20250717,10:15,100,60,50,40,100,70,70,70,-,70,20,-,CLOSED,20,CLOSED,-,25,15,20,5,5,5,5,5,5,CLOSED,-,CLOSED,5,5,10,5,CLOSED
20250717,10:45,140,60,50,40,90,70,70,60,20,90,15,-,CLOSED,20,CLOSED,-,25,15,40,10,5,15,10,5,5,CLOSED,-,CLOSED,10,5,10,10,CLOSED
20250717,11:15,120,50,50,40,70,60,60,60,70,80,10,-,CLOSED,20,CLOSED,-,15,15,40,10,5,15,20,5,5,CLOSED,-,CLOSED,10,5,10,15,CLOSED
20250717,11:45,100,50,50,40,70,60,50,60,70,70,15,-,CLOSED,20,CLOSED,-,25,15,50,20,10,15,15,5,5,CLOSED,-,CLOSED,10,5,20,15,CLOSED
20250717,12:15,100,40,50,40,60,70,40,50,70,80,15,-,CLOSED,15,CLOSED,5,20,15,60,10,10,15,15,5,5,CLOSED,-,CLOSED,10,5,20,20,CLOSED
20250717,12:45,90,40,40,40,90,60,50,60,60,80,20,-,CLOSED,15,CLOSED,5,15,15,40,10,10,15,10,5,5,CLOSED,-,CLOSED,10,5,20,15,CLOSED
20250717,13:15,90,50,50,40,80,70,60,60,60,80,10,-,CLOSED,15,CLOSED,5,25,15,60,25,10,15,20,5,5,CLOSED,-,CLOSED,10,15,20,20,CLOSED
20250717,13:45,120,50,50,40,90,60,70,50,70,90,10,-,CLOSED,20,CLOSED,5,20,15,60,15,5,15,15,5,5,CLOSED,-,CLOSED,10,10,25,20,CLOSED
20250717,14:15,100,50,50,40,70,70,50,70,70,90,5,-,CLOSED,20,CLOSED,5,20,15,60,15,10,15,15,5,5,CLOSED,-,CLOSED,10,15,20,20,CLOSED
20250717,14:45,100,40,40,40,90,60,60,70,60,100,5,-,CLOSED,15,CLOSED,5,25,15,50,20,25,15,20,5,5,CLOSED,-,CLOSED,10,15,25,20,CLOSED
20250717,15:15,100,40,40,40,90,50,60,60,80,90,10,10,CLOSED,20,CLOSED,5,15,15,60,25,15,15,20,5,5,CLOSED,-,CLOSED,10,15,25,20,CLOSED
20250717,15:45,100,40,40,40,100,70,60,60,70,80,10,20,CLOSED,15,CLOSED,5,20,15,60,25,10,15,15,5,5,CLOSED,-,CLOSED,15,10,10,15,CLOSED
20250717,16:15,100,40,40,40,100,70,60,70,80,120,10,20,CLOSED,15,CLOSED,5,20,15,60,20,10,15,20,5,5,CLOSED,-,CLOSED,10,10,15,25,CLOSED
20250717,16:45,90,50,40,50,100,90,70,70,70,100,15,25,CLOSED,15,CLOSED,5,20,15,50,25,15,15,20,5,5,CLOSED,-,CLOSED,15,5,15,20,CLOSED
20250717,17:15,100,50,30,50,90,90,80,70,60,90,10,20,CLOSED,15,CLOSED,5,15,15,40,20,15,15,15,5,5,CLOSED,-,CLOSED,10,5,15,15,CLOSED
20250717,17:45,100,40,40,40,90,70,60,60,70,90,20,25,CLOSED,15,CLOSED,5,-,15,20,-,10,15,15,5,5,CLOSED,-,CLOSED,15,5,15,20,CLOSED
20250717,18:15,100,40,30,40,90,70,60,50,60,90,15,-,CLOSED,20,CLOSED,5,-,15,20,-,20,15,15,5,5,CLOSED,-,CLOSED,10,5,15,15,CLOSED
20250717,18:45,80,30,30,30,100,60,60,50,60,70,-,-,CLOSED,20,CLOSED,-,-,15,25,-,-,15,20,5,5,CLOSED,-,CLOSED,10,5,15,10,CLOSED
20250717,19:15,80,30,30,40,80,60,60,50,60,70,-,-,CLOSED,20,CLOSED,-,-,15,25,-,-,15,15,5,5,CLOSED,-,CLOSED,10,5,20,10,CLOSED
20250717,19:45,70,25,20,30,70,60,50,30,25,70,-,-,CLOSED,20,CLOSED,-,5,15,20,15,-,15,15,5,5,CLOSED,-,CLOSED,10,5,10,5,CLOSED
20250717,20:15,60,15,15,30,60,50,40,30,25,50,-,-,CLOSED,20,CLOSED,-,5,15,5,20,-,15,5,5,5,CLOSED,-,CLOSED,5,5,5,5,CLOSED
20250717,20:45,-,5,10,15,-,-,25,15,15,-,-,-,CLOSED,20,CLOSED,-,5,15,5,10,-,-,5,5,5,CLOSED,-,CLOSED,5,5,5,5,CLOSED
20250717,21:15,-,-,-,-,-,-,-,-,-,-,-,-,CLOSED,-,CLOSED,-,-,-,-,-,-,-,-,-,-,CLOSED,-,CLOSED,-,-,-,-,CLOSED
20250717,21:45,-,-,-,-,-,-,-,-,-,-,-,-,CLOSED,-,CLOSED,-,-,-,-,-,-,-,-,-,-,CLOSED,-,CLOSED,-,-,-,-,CLOSED
20250718,07:15,-,-,-,-,-,-,-,-,-,-,-,-,CLOSED,-,CLOSED,-,-,-,-,-,-,-,-,-,-,CLOSED,-,CLOSED,-,-,-,-,CLOSED
20250718,07:45,-,-,-,-,-,-,-,-,-,-,-,-,CLOSED,-,CLOSED,-,-,-,-,-,-,-,-,-,-,CLOSED,-,CLOSED,-,-,-,-,CLOSED
20250718,08:15,-,-,-,-,-,-,-,-,-,-,-,-,CLOSED,-,CLOSED,-,-,-,-,-,-,-,-,-,-,CLOSED,-,CLOSED,-,-,-,-,CLOSED
20250718,08:45,-,-,-,-,-,-,-,-,-,-,-,-,CLOSED,-,CLOSED,-,-,-,-,-,-,-,-,-,-,CLOSED,-,CLOSED,-,-,-,-,CLOSED
20250718,09:15,-,15,5,5,50,10,15,5,5,10,10,-,CLOSED,20,CLOSED,-,5,15,5,5,5,-,5,5,-,CLOSED,-,CLOSED,5,5,5,5,CLOSED
20250718,09:45,100,50,20,30,120,50,70,5,10,60,20,-,CLOSED,10,CLOSED,-,10,15,5,5,5,-,5,5,-,CLOSED,-,CLOSED,5,5,5,5,CLOSED
20250718,10:15,100,60,50,40,100,50,70,50,60,80,25,-,CLOSED,15,CLOSED,-,25,15,20,5,5,5,5,5,5,CLOSED,-,CLOSED,5,5,5,5,CLOSED
20250718,10:45,120,50,50,40,80,50,60,60,50,100,20,-,CLOSED,15,CLOSED,-,20,15,40,10,5,5,5,5,5,CLOSED,-,CLOSED,5,5,10,5,CLOSED
20250718,11:15,90,50,40,40,80,60,50,50,50,60,5,-,CLOSED,20,CLOSED,-,15,15,50,10,5,5,5,5,5,CLOSED,-,CLOSED,5,5,15,10,CLOSED
20250718,11:45,100,40,40,40,70,50,50,10,50,70,5,-,CLOSED,15,CLOSED,-,25,20,40,15,5,5,10,5,5,CLOSED,-,CLOSED,5,5,15,10,CLOSED
20250718,12:15,90,40,40,40,70,60,40,10,40,70,10,-,CLOSED,20,CLOSED,5,15,15,30,15,5,15,10,5,5,CLOSED,-,CLOSED,5,5,20,15,CLOSED
20250718,12:45,120,40,40,30,80,60,40,50,50,80,5,-,CLOSED,20,CLOSED,5,15,15,40,20,5,15,5,5,5,CLOSED,-,CLOSED,5,5,20,15,CLOSED
20250718,13:15,100,40,40,40,90,40,50,50,50,80,5,-,CLOSED,20,CLOSED,5,25,15,50,20,5,15,5,5,5,CLOSED,-,CLOSED,5,10,20,15,CLOSED
20250718,13:45,100,50,30,30,100,50,50,10,40,60,5,-,CLOSED,20,CLOSED,5,20,15,60,15,10,15,15,5,5,CLOSED,-,CLOSED,5,15,20,15,CLOSED
20250718,14:15,100,40,40,40,80,50,50,60,50,60,5,-,CLOSED,20,CLOSED,5,15,15,40,25,5,15,10,5,5,CLOSED,-,CLOSED,10,10,20,15,CLOSED
20250718,14:45,100,40,40,40,70,50,60,60,50,90,10,-,CLOSED,15,CLOSED,5,25,15,50,25,15,15,10,5,5,CLOSED,-,CLOSED,5,15,25,20,CLOSED
20250718,15:15,80,40,30,40,100,60,70,60,60,80,15,5,CLOSED,15,CLOSED,5,15,15,60,20,15,15,10,5,5,CLOSED,-,CLOSED,5,15,25,20,CLOSED
20250718,15:45,100,40,40,30,100,60,50,50,60,80,20,25,CLOSED,15,CLOSED,5,20,15,60,20,10,15,15,5,5,CLOSED,-,CLOSED,10,10,15,15,CLOSED
20250718,16:15,100,40,40,40,90,60,60,60,40,70,15,20,CLOSED,15,CLOSED,5,20,15,50,20,15,15,15,5,5,CLOSED,-,CLOSED,20,10,15,15,CLOSED
20250718,16:45,90,40,40,40,90,50,70,60,60,70,10,20,CLOSED,15,CLOSED,5,20,15,40,20,20,15,20,5,5,CLOSED,-,CLOSED,10,10,15,10,CLOSED
20250718,17:15,90,40,-,40,90,60,60,50,60,70,5,20,CLOSED,20,CLOSED,5,15,15,40,20,15,15,15,5,5,CLOSED,-,CLOSED,10,10,15,15,CLOSED
20250718,17:45,100,40,-,50,100,60,50,60,60,60,5,15,CLOSED,20,CLOSED,5,20,15,15,25,20,15,15,5,5,CLOSED,-,CLOSED,10,10,15,10,CLOSED
20250718,18:15,100,30,40,40,100,60,60,50,60,70,10,25,CLOSED,20,CLOSED,5,20,15,20,20,15,15,15,5,5,CLOSED,-,CLOSED,10,10,15,10,CLOSED
20250718,18:45,90,30,40,30,100,70,60,50,50,60,-,-,CLOSED,15,CLOSED,-,20,15,25,25,-,15,15,5,5,CLOSED,-,CLOSED,20,5,15,5,CLOSED
20250718,19:15,80,30,30,40,90,60,60,40,50,60,-,-,CLOSED,20,CLOSED,-,20,15,15,20,-,15,15,5,5,CLOSED,-,CLOSED,5,5,15,10,CLOSED
20250718,19:45,70,30,30,30,70,60,50,40,50,-,-,-,CLOSED,15,CLOSED,-,10,15,5,20,-,15,15,5,5,CLOSED,-,CLOSED,10,5,10,5,CLOSED
20250718,20:15,50,20,10,30,60,50,40,30,25,-,-,-,CLOSED,15,CLOSED,-,5,15,5,15,-,15,5,5,5,CLOSED,-,CLOSED,5,5,5,5,CLOSED
20250718,20:45,-,10,5,20,-,-,30,-,15,-,-,-,CLOSED,20,CLOSED,-,5,15,5,15,-,-,5,5,5,CLOSED,-,CLOSED,5,5,5,5,CLOSED
20250718,21:15,-,-,-,-,-,-,-,-,-,-,-,-,CLOSED,-,CLOSED,-,-,-,-,-,-,-,-,-,-,CLOSED,-,CLOSED,-,-,-,-,CLOSED
20250718,21:45,-,-,-,-,-,-,-,-,-,-,-,-,CLOSED,-,CLOSED,-,-,-,-,-,-,-,-,-,-,CLOSED,-,CLOSED,-,-,-,-,CLOSED
20250719,07:15,-,-,-,-,-,-,-,-,-,-,-,-,CLOSED,-,CLOSED,-,-,-,-,-,-,-,-,-,-,CLOSED,-,CLOSED,-,-,-,-,CLOSED
20250719,07:45,-,-,-,-,-,-,-,-,-,-,-,-,CLOSED,-,CLOSED,-,-,-,-,-,-,-,-,-,-,CLOSED,-,CLOSED,-,-,-,-,CLOSED
20250719,08:15,-,-,-,-,-,-,-,-,-,-,-,-,CLOSED,-,CLOSED,-,-,-,-,-,-,-,-,-,-,CLOSED,-,CLOSED,-,-,-,-,CLOSED
20250719,08:45,-,-,-,-,-,-,-,-,-,-,-,-,CLOSED,-,CLOSED,-,-,-,-,-,-,-,-,-,-,CLOSED,-,CLOSED,-,-,-,-,CLOSED
20250719,09:15,60,20,20,10,90,20,50,5,5,-,15,-,CLOSED,20,CLOSED,-,5,15,5,5,5,-,5,5,-,CLOSED,-,CLOSED,5,5,5,5,CLOSED
20250719,09:45,120,70,50,40,120,60,80,30,40,50,20,-,CLOSED,20,CLOSED,-,5,15,5,5,5,-,5,5,-,CLOSED,-,CLOSED,5,5,5,5,CLOSED
20250719,10:15,140,60,60,50,100,60,60,50,50,60,5,-,CLOSED,20,CLOSED,-,5,15,25,5,5,15,5,5,5,CLOSED,-,CLOSED,5,5,10,5,CLOSED
20250719,10:45,140,50,50,40,80,60,60,40,40,60,5,-,CLOSED,20,CLOSED,-,10,15,40,5,5,15,5,5,5,CLOSED,-,CLOSED,5,5,10,5,CLOSED
20250719,11:15,120,40,40,30,80,40,40,40,40,70,5,-,CLOSED,20,CLOSED,-,5,15,50,5,5,15,5,5,5,CLOSED,-,CLOSED,5,5,10,5,CLOSED
20250719,11:45,100,30,30,30,70,40,50,40,30,60,5,-,CLOSED,15,CLOSED,-,15,15,30,5,5,15,5,5,5,CLOSED,-,CLOSED,5,5,15,5,CLOSED
20250719,12:15,100,40,40,30,60,30,50,40,50,50,5,-,CLOSED,15,CLOSED,5,10,15,50,10,5,15,5,5,5,CLOSED,-,CLOSED,5,10,15,5,CLOSED
20250719,12:45,90,40,40,40,80,40,50,30,30,50,5,-,CLOSED,15,CLOSED,5,5,15,60,10,5,15,5,5,5,CLOSED,-,CLOSED,5,10,15,5,CLOSED
20250719,13:15,90,30,30,30,80,50,50,50,40,40,5,-,CLOSED,15,CLOSED,5,15,15,50,10,5,15,5,5,5,CLOSED,-,CLOSED,5,10,20,5,CLOSED
20250719,13:45,90,40,30,40,60,30,40,40,30,50,5,-,CLOSED,15,CLOSED,5,15,15,40,10,5,15,5,5,5,CLOSED,-,CLOSED,5,10,20,5,CLOSED
20250719,14:15,100,30,40,30,80,40,60,40,40,40,5,-,CLOSED,20,CLOSED,5,5,15,40,10,5,15,5,5,5,CLOSED,-,CLOSED,5,5,20,10,CLOSED
20250719,14:45,90,40,40,40,80,50,70,40,50,40,5,-,CLOSED,20,CLOSED,5,15,15,50,5,15,15,5,5,5,CLOSED,-,CLOSED,5,10,20,10,CLOSED
20250719,15:15,90,30,40,30,70,40,60,40,40,60,15,10,CLOSED,20,CLOSED,5,10,15,50,10,15,15,10,5,5,CLOSED,-,CLOSED,10,15,15,10,CLOSED
20250719,15:45,100,40,50,40,90,40,60,50,40,50,15,20,CLOSED,15,CLOSED,5,15,15,-,20,15,15,10,5,5,CLOSED,-,CLOSED,15,10,20,10,CLOSED
20250719,16:15,100,50,40,40,80,50,70,40,40,40,15,15,CLOSED,15,CLOSED,5,10,15,-,20,20,15,10,5,5,CLOSED,-,CLOSED,10,5,20,15,CLOSED
20250719,16:45,100,30,40,30,90,50,90,40,50,50,10,20,CLOSED,15,CLOSED,5,15,15,30,15,15,15,15,5,5,CLOSED,-,CLOSED,15,5,20,15,CLOSED
20250719,17:15,90,30,30,40,90,50,90,40,50,40,15,30,CLOSED,15,CLOSED,5,10,15,40,10,15,15,15,5,5,CLOSED,-,CLOSED,5,10,15,10,CLOSED
20250719,17:45,100,30,30,40,90,30,60,40,30,50,15,30,CLOSED,15,CLOSED,5,15,15,40,10,10,15,15,5,5,CLOSED,-,CLOSED,5,5,15,10,CLOSED
20250719,18:15,-,40,-,40,120,40,60,30,40,40,20,30,CLOSED,20,CLOSED,5,15,15,20,15,15,15,10,5,5,CLOSED,-,CLOSED,5,5,15,5,CLOSED
20250719,18:45,-,30,-,50,120,50,60,40,40,50,-,-,CLOSED,15,CLOSED,-,15,15,25,15,-,15,15,5,5,CLOSED,-,CLOSED,5,5,15,5,CLOSED
20250719,19:15,60,30,30,30,80,40,60,30,40,50,-,-,CLOSED,15,CLOSED,-,5,15,25,15,-,15,15,5,5,CLOSED,-,CLOSED,5,5,10,10,CLOSED
20250719,19:45,70,30,30,30,60,40,50,25,15,40,-,-,CLOSED,15,CLOSED,-,5,15,15,15,-,15,5,5,5,CLOSED,-,CLOSED,5,5,10,5,CLOSED
20250719,20:15,80,10,10,25,50,40,40,15,10,25,-,-,CLOSED,20,CLOSED,-,5,15,5,10,-,15,5,5,5,CLOSED,-,CLOSED,5,5,10,5,CLOSED
20250719,20:45,-,5,5,-,40,25,25,10,5,15,-,-,CLOSED,20,CLOSED,-,5,15,5,10,-,-,5,5,5,CLOSED,-,CLOSED,5,5,10,5,CLOSED
20250719,21:15,-,-,-,-,-,-,-,-,-,-,-,-,CLOSED,-,CLOSED,-,-,-,-,-,-,-,-,-,-,CLOSED,-,CLOSED,-,-,-,-,CLOSED
20250719,21:45,-,-,-,-,-,-,-,-,-,-,-,-,CLOSED,-,CLOSED,-,-,-,-,-,-,-,-,-,-,CLOSED,-,CLOSED,-,-,-,-,CLOSED
20250720,07:15,-,-,-,-,-,-,-,-,-,-,-,-,CLOSED,-,CLOSED,-,-,-,-,-,-,-,-,-,-,CLOSED,-,CLOSED,-,-,-,-,CLOSED
20250720,07:45,-,-,-,-,-,-,-,-,-,-,-,-,CLOSED,-,CLOSED,-,-,-,-,-,-,-,-,-,-,CLOSED,-,CLOSED,-,-,-,-,CLOSED
20250720,08:15,-,-,-,-,-,-,-,-,-,-,-,-,CLOSED,-,CLOSED,-,-,-,-,-,-,-,-,-,-,CLOSED,-,CLOSED,-,-,-,-,CLOSED
20250720,08:45,-,-,-,-,-,-,-,-,-,-,-,-,CLOSED,-,CLOSED,-,-,-,-,-,-,-,-,-,-,CLOSED,-,CLOSED,-,-,-,-,CLOSED
20250720,09:15,-,25,15,15,120,30,60,5,5,30,15,-,CLOSED,20,CLOSED,-,5,15,5,5,5,-,5,5,-,CLOSED,-,CLOSED,5,5,5,5,CLOSED
20250720,09:45,-,80,70,60,120,50,100,40,50,70,20,-,CLOSED,20,CLOSED,-,5,15,5,5,5,-,5,5,-,CLOSED,-,CLOSED,5,5,5,5,CLOSED
20250720,10:15,-,120,90,50,140,80,100,80,70,100,30,-,CLOSED,20,CLOSED,-,15,30,40,5,5,15,15,5,5,CLOSED,-,CLOSED,5,5,10,5,CLOSED
20250720,10:45,70,140,100,60,100,120,120,90,70,140,20,-,CLOSED,40,CLOSED,-,20,30,60,5,5,15,15,5,5,CLOSED,-,CLOSED,10,15,20,10,CLOSED
20250720,11:15,180,90,100,40,120,100,120,90,60,120,5,-,CLOSED,20,CLOSED,-,15,30,50,5,5,15,20,5,5,CLOSED,-,CLOSED,15,15,25,20,CLOSED
20250720,11:45,160,80,80,50,90,90,100,90,70,100,5,-,CLOSED,30,CLOSED,-,25,30,60,15,10,15,20,5,5,CLOSED,-,CLOSED,15,15,25,20,CLOSED
20250720,12:15,160,70,70,40,100,90,100,80,60,120,5,-,CLOSED,15,CLOSED,5,10,30,70,15,10,15,10,5,5,CLOSED,-,CLOSED,15,15,25,25,CLOSED
20250720,12:45,160,80,-,50,120,50,80,70,50,120,5,-,CLOSED,20,CLOSED,5,5,40,60,15,10,15,10,5,5,CLOSED,-,CLOSED,15,15,25,25,CLOSED
20250720,13:15,160,80,30,40,120,70,80,80,50,100,10,-,CLOSED,20,CLOSED,5,20,30,60,20,30,15,20,5,5,CLOSED,-,CLOSED,5,20,30,20,CLOSED
20250720,13:45,120,70,80,40,120,80,100,70,50,90,10,-,CLOSED,30,CLOSED,5,15,30,70,15,15,15,20,5,5,CLOSED,-,CLOSED,20,20,25,20,CLOSED
20250720,14:15,120,70,60,50,120,70,100,70,50,70,10,-,CLOSED,20,CLOSED,5,20,40,70,20,20,15,15,5,5,CLOSED,-,CLOSED,10,20,25,20,CLOSED
20250720,14:45,140,70,70,50,100,60,100,70,60,100,10,-,CLOSED,40,CLOSED,5,25,-,60,15,20,15,15,10,5,CLOSED,-,CLOSED,10,15,25,15,CLOSED
20250720,15:15,140,80,80,40,100,80,90,60,50,-,15,5,CLOSED,40,CLOSED,5,10,15,70,20,20,15,15,5,5,CLOSED,-,CLOSED,10,20,30,20,CLOSED
20250720,15:45,160,90,100,50,120,100,120,90,60,-,25,-,CLOSED,30,CLOSED,5,20,30,70,20,20,15,10,5,5,CLOSED,-,CLOSED,20,15,25,25,CLOSED
20250720,16:15,160,80,90,50,140,100,120,90,70,-,20,-,CLOSED,40,CLOSED,5,15,30,70,20,20,15,15,5,5,CLOSED,-,CLOSED,20,20,30,25,CLOSED
20250720,16:45,160,70,80,40,140,100,120,80,60,-,15,-,CLOSED,40,CLOSED,20,25,30,50,25,25,15,25,15,5,CLOSED,-,CLOSED,15,15,30,20,CLOSED
20250720,17:15,160,70,60,40,140,90,120,70,60,120,15,-,CLOSED,20,CLOSED,5,10,15,40,10,25,15,25,5,5,CLOSED,-,CLOSED,15,15,25,20,CLOSED
20250720,17:45,140,70,60,50,120,70,120,70,60,80,15,20,CLOSED,20,CLOSED,5,15,15,30,15,20,15,15,5,5,CLOSED,-,CLOSED,15,15,25,20,CLOSED
20250720,18:15,120,50,60,40,120,80,120,60,50,80,15,30,CLOSED,20,CLOSED,5,15,15,40,15,-,15,20,5,5,CLOSED,-,CLOSED,10,10,15,20,CLOSED
20250720,18:45,120,50,50,50,120,90,100,50,50,100,-,-,CLOSED,20,CLOSED,-,15,20,40,20,-,15,20,5,5,CLOSED,-,CLOSED,20,5,20,10,CLOSED
20250720,19:15,100,50,50,40,100,70,70,50,60,90,-,-,CLOSED,15,CLOSED,-,15,15,30,20,-,15,20,5,5,CLOSED,-,CLOSED,15,5,20,10,CLOSED
20250720,19:45,-,40,30,40,90,60,60,50,30,80,-,-,CLOSED,15,CLOSED,-,10,15,25,15,-,15,15,5,5,CLOSED,-,CLOSED,15,10,20,10,CLOSED
20250720,20:15,-,30,30,30,70,50,50,30,30,-,-,-,CLOSED,20,CLOSED,-,5,15,10,15,-,15,15,5,5,CLOSED,-,CLOSED,5,5,10,5,CLOSED
20250720,20:45,-,20,15,30,-,-,-,-,15,-,-,-,CLOSED,15,CLOSED,-,5,15,5,5,-,-,5,5,5,CLOSED,-,CLOSED,5,5,5,5,CLOSED
20250720,21:15,-,-,-,-,-,-,-,-,-,-,-,-,CLOSED,-,CLOSED,-,-,-,-,-,-,-,-,-,-,CLOSED,-,CLOSED,-,-,-,-,CLOSED
20250720,21:45,-,-,-,-,-,-,-,-,-,-,-,-,CLOSED,-,CLOSED,-,-,-,-,-,-,-,-,-,-,CLOSED,-,CLOSED,-,-,-,-,CLOSED
20250721,07:15,-,-,-,-,-,-,-,-,-,-,-,-,CLOSED,-,CLOSED,-,-,-,-,-,-,-,-,-,-,CLOSED,-,CLOSED,-,-,-,-,CLOSED
20250721,07:45,-,-,-,-,-,-,-,-,-,-,-,-,CLOSED,-,CLOSED,-,-,-,-,-,-,-,-,-,-,CLOSED,-,CLOSED,-,-,-,-,CLOSED
20250721,08:15,-,-,-,-,-,-,-,-,-,-,-,-,CLOSED,-,CLOSED,-,-,-,-,-,-,-,-,-,-,CLOSED,-,CLOSED,-,-,-,-,CLOSED
20250721,08:45,-,-,-,-,-,-,-,-,-,-,-,-,CLOSED,-,CLOSED,-,-,-,-,-,-,-,-,-,-,CLOSED,-,CLOSED,-,-,-,-,CLOSED
20250721,09:15,40,20,15,10,120,30,50,5,5,50,10,-,CLOSED,20,CLOSED,-,5,15,5,5,5,-,5,-,-,CLOSED,-,CLOSED,5,5,5,5,CLOSED
20250721,09:45,140,70,60,40,120,70,90,25,15,70,25,-,CLOSED,20,CLOSED,-,5,15,10,5,5,-,5,-,-,CLOSED,-,CLOSED,5,5,5,5,CLOSED
20250721,10:15,140,80,50,40,120,70,80,60,60,90,20,-,CLOSED,20,CLOSED,-,15,15,30,5,5,15,5,-,5,CLOSED,-,CLOSED,5,5,10,5,CLOSED
20250721,10:45,120,60,60,40,90,60,60,60,60,90,5,-,CLOSED,20,CLOSED,-,20,15,40,5,5,15,15,5,5,CLOSED,-,CLOSED,10,10,15,10,CLOSED
20250721,11:15,100,60,60,40,90,60,60,50,50,70,5,-,CLOSED,20,CLOSED,-,10,15,50,5,5,15,10,5,5,CLOSED,-,CLOSED,5,10,15,10,CLOSED
20250721,11:45,-,60,60,40,70,50,60,50,40,70,5,-,CLOSED,15,CLOSED,-,20,15,40,15,5,15,5,5,5,CLOSED,-,CLOSED,5,5,20,10,CLOSED
20250721,12:15,-,40,40,30,70,60,70,40,50,80,5,-,CLOSED,15,CLOSED,5,15,15,30,15,5,15,10,5,5,CLOSED,-,CLOSED,10,10,20,10,CLOSED
20250721,12:45,-,40,40,40,80,40,60,50,30,90,5,-,CLOSED,20,CLOSED,5,15,15,30,5,5,15,5,5,5,CLOSED,-,CLOSED,10,15,25,20,CLOSED
20250721,13:15,100,50,40,40,90,40,60,60,50,100,5,-,CLOSED,20,CLOSED,5,20,15,60,15,10,15,5,5,5,CLOSED,-,CLOSED,10,10,20,20,CLOSED
20250721,13:45,120,30,40,40,60,60,50,40,50,80,5,-,CLOSED,20,CLOSED,5,10,15,70,15,5,15,5,5,5,CLOSED,-,CLOSED,5,10,25,20,CLOSED
20250721,14:15,100,40,40,30,70,60,60,60,30,90,5,-,CLOSED,15,CLOSED,5,5,15,70,15,5,15,5,5,5,CLOSED,-,CLOSED,10,15,20,15,CLOSED
20250721,14:45,80,50,40,30,100,50,70,50,50,80,5,-,CLOSED,15,CLOSED,5,15,15,60,20,20,15,10,5,5,CLOSED,-,CLOSED,5,20,25,20,CLOSED
20250721,15:15,80,40,40,30,90,50,70,60,50,70,15,-,CLOSED,25,CLOSED,5,15,15,60,20,15,15,10,5,5,CLOSED,-,CLOSED,10,15,25,20,CLOSED
20250721,15:45,120,40,40,40,90,50,80,60,40,70,20,-,CLOSED,15,CLOSED,5,15,15,60,15,15,15,10,5,5,CLOSED,-,CLOSED,10,15,20,20,CLOSED
20250721,16:15,120,40,40,40,90,50,80,50,40,60,20,-,CLOSED,15,CLOSED,5,10,15,50,25,10,15,15,5,5,CLOSED,-,CLOSED,10,10,20,15,CLOSED
20250721,16:45,100,30,40,40,90,50,70,50,40,70,20,-,CLOSED,15,CLOSED,5,15,15,40,15,25,15,15,5,5,CLOSED,-,CLOSED,5,15,20,15,CLOSED
20250721,17:15,120,30,30,40,90,50,80,50,60,60,15,5,CLOSED,20,CLOSED,5,10,15,30,15,15,15,10,5,5,CLOSED,-,CLOSED,5,15,20,15,CLOSED
20250721,17:45,120,40,40,40,100,40,60,50,50,60,15,10,CLOSED,20,CLOSED,5,10,15,20,15,15,15,15,5,5,CLOSED,-,CLOSED,10,10,15,10,CLOSED
20250721,18:15,100,30,30,40,100,50,60,40,40,60,10,15,CLOSED,20,CLOSED,5,15,15,15,15,15,15,15,5,5,CLOSED,-,CLOSED,10,5,10,10,CLOSED
20250721,18:45,100,25,30,40,100,50,-,50,50,50,-,20,CLOSED,20,CLOSED,-,10,15,25,15,-,15,10,5,5,CLOSED,-,CLOSED,10,5,10,10,CLOSED
20250721,19:15,100,30,25,40,80,60,-,40,50,50,-,-,CLOSED,20,CLOSED,-,15,15,20,15,-,15,10,5,5,CLOSED,-,CLOSED,5,5,10,5,CLOSED
20250721,19:45,70,25,20,30,60,50,-,30,20,40,-,-,CLOSED,20,CLOSED,-,10,15,15,15,-,15,10,5,10,CLOSED,-,CLOSED,10,5,10,5,CLOSED
20250721,20:15,60,15,10,30,60,30,40,25,15,30,-,-,CLOSED,15,CLOSED,-,10,15,10,15,-,15,5,5,10,CLOSED,-,CLOSED,5,5,5,5,CLOSED
20250721,20:45,-,5,5,30,60,40,40,15,5,15,-,-,CLOSED,15,CLOSED,-,10,15,5,5,-,-,5,5,10,CLOSED,-,CLOSED,5,5,5,5,CLOSED
20250721,21:15,-,-,-,-,-,-,-,-,-,-,-,-,CLOSED,-,CLOSED,-,-,-,-,-,-,-,-,-,-,CLOSED,-,CLOSED,-,-,-,-,CLOSED
20250721,21:45,-,-,-,-,-,-,-,-,-,-,-,-,CLOSED,-,CLOSED,-,-,-,-,-,-,-,-,-,-,CLOSED,-,CLOSED,-,-,-,-,CLOSED
20250722,07:15,-,-,-,-,-,-,-,-,-,-,-,-,CLOSED,-,CLOSED,-,-,-,-,-,-,-,-,-,-,CLOSED,-,-,-,-,-,-,CLOSED
20250722,07:45,-,-,-,-,-,-,-,-,-,-,-,-,CLOSED,-,CLOSED,-,-,-,-,-,-,-,-,-,-,CLOSED,-,-,-,-,-,-,CLOSED
20250722,08:15,-,-,-,-,-,-,-,-,-,-,-,-,CLOSED,-,CLOSED,-,-,-,-,-,-,-,-,-,-,CLOSED,-,-,-,-,-,-,CLOSED
20250722,08:45,-,-,-,-,-,-,-,-,-,-,-,-,CLOSED,-,CLOSED,-,-,-,-,-,-,-,-,-,-,CLOSED,-,-,-,-,-,-,CLOSED
20250722,09:15,50,5,5,-,60,15,20,5,5,5,5,-,CLOSED,5,CLOSED,-,5,15,5,5,5,-,-,5,-,CLOSED,-,5,5,5,5,5,CLOSED
20250722,09:45,120,60,25,30,100,50,80,5,5,50,15,-,CLOSED,20,CLOSED,-,5,15,5,5,5,-,5,5,-,CLOSED,-,5,5,5,5,5,CLOSED
20250722,10:15,120,60,50,50,120,50,70,70,50,70,25,-,CLOSED,20,CLOSED,-,15,15,20,5,5,15,5,5,5,CLOSED,-,5,5,5,5,5,CLOSED
20250722,10:45,120,60,50,40,100,60,60,60,50,80,10,-,CLOSED,25,CLOSED,-,15,15,40,5,5,15,10,5,5,CLOSED,-,15,5,10,10,10,CLOSED
20250722,11:15,120,60,50,40,100,60,70,50,40,90,5,-,CLOSED,20,CLOSED,-,15,15,40,5,5,15,10,5,5,CLOSED,-,25,5,10,15,15,CLOSED
20250722,11:45,90,50,40,30,90,60,60,40,50,90,15,-,CLOSED,20,CLOSED,-,20,15,50,5,5,15,10,5,5,CLOSED,-,20,10,15,25,15,CLOSED
20250722,12:15,90,40,40,30,70,50,50,50,40,120,15,-,CLOSED,15,CLOSED,5,15,15,60,10,5,15,10,5,5,CLOSED,-,15,10,10,20,15,CLOSED
20250722,12:45,100,30,30,40,80,40,60,60,40,90,5,-,CLOSED,15,CLOSED,5,5,15,60,15,5,15,10,5,5,CLOSED,-,15,10,15,20,15,CLOSED
20250722,13:15,100,40,40,40,80,60,50,50,50,70,10,-,CLOSED,15,CLOSED,5,20,15,50,20,5,15,15,5,5,CLOSED,-,25,10,15,20,15,CLOSED
20250722,13:45,100,40,40,40,90,50,60,50,70,70,10,-,CLOSED,20,CLOSED,5,15,15,50,15,15,15,5,5,5,CLOSED,-,15,10,15,20,10,CLOSED
20250722,14:15,100,40,40,40,80,50,60,60,50,90,10,-,CLOSED,20,CLOSED,5,5,15,-,15,10,15,10,5,5,CLOSED,-,15,10,15,25,15,CLOSED
20250722,14:45,100,40,40,30,80,50,70,60,50,80,5,-,CLOSED,20,CLOSED,5,20,15,-,15,15,15,10,5,5,CLOSED,-,20,10,20,30,25,CLOSED
20250722,15:15,90,40,40,40,80,60,80,70,60,80,15,-,CLOSED,15,CLOSED,5,10,15,60,15,15,15,15,5,5,CLOSED,-,20,10,20,25,15,CLOSED
20250722,15:45,90,40,40,40,90,60,70,60,70,70,25,-,CLOSED,15,CLOSED,5,15,15,70,15,20,15,15,5,5,CLOSED,-,20,10,10,20,15,CLOSED
20250722,16:15,100,40,40,40,80,70,70,60,60,90,10,-,CLOSED,15,CLOSED,15,15,15,80,10,10,15,15,5,5,CLOSED,-,25,10,20,15,20,CLOSED
20250722,16:45,100,40,30,40,90,50,60,60,60,80,5,5,CLOSED,20,CLOSED,15,20,15,70,15,15,15,15,5,5,CLOSED,-,25,10,15,20,15,CLOSED
20250722,17:15,90,30,40,40,100,50,70,50,60,60,10,15,CLOSED,20,CLOSED,15,15,15,40,15,10,15,20,5,5,CLOSED,-,15,10,10,25,15,CLOSED
20250722,17:45,100,30,30,40,90,50,60,60,50,70,10,10,CLOSED,20,CLOSED,15,5,15,15,10,10,15,15,5,5,CLOSED,-,15,10,5,15,10,CLOSED
20250722,18:15,100,40,-,40,80,60,60,40,50,70,5,10,CLOSED,20,CLOSED,15,20,15,25,10,15,15,15,5,5,CLOSED,-,15,10,5,10,10,CLOSED
20250722,18:45,80,30,-,40,70,50,70,40,60,50,-,-,CLOSED,20,CLOSED,-,15,15,25,20,-,15,20,5,5,CLOSED,-,25,10,5,10,10,CLOSED
20250722,19:15,90,20,20,40,70,50,50,40,50,60,-,-,CLOSED,20,CLOSED,-,10,15,20,15,-,15,15,5,5,CLOSED,-,15,10,5,10,10,CLOSED
20250722,19:45,80,20,20,30,60,40,40,30,30,50,-,-,CLOSED,15,CLOSED,-,5,15,20,20,-,15,5,5,5,CLOSED,-,10,5,5,5,5,CLOSED
20250722,20:15,70,15,15,20,40,40,40,20,5,40,-,-,CLOSED,15,CLOSED,-,5,15,5,15,-,15,5,5,5,CLOSED,-,5,5,5,5,5,CLOSED
20250722,20:45,50,5,-,30,30,40,30,10,15,30,-,-,CLOSED,15,CLOSED,-,5,15,5,10,-,-,5,5,5,CLOSED,-,5,5,5,5,5,CLOSED
20250722,21:15,-,-,-,-,-,-,-,-,-,-,-,-,CLOSED,-,CLOSED,-,-,-,-,-,-,-,-,-,-,CLOSED,-,-,-,-,-,-,CLOSED
20250722,21:45,-,-,-,-,-,-,-,-,-,-,-,-,CLOSED,-,CLOSED,-,-,-,-,-,-,-,-,-,-,CLOSED,-,-,-,-,-,-,CLOSED
20250723,07:15,-,-,-,-,-,-,-,-,-,-,-,-,CLOSED,-,CLOSED,-,-,-,-,-,-,-,-,-,-,CLOSED,-,-,-,-,-,-,CLOSED
20250723,07:45,-,-,-,-,-,-,-,-,-,-,-,-,CLOSED,-,CLOSED,-,-,-,-,-,-,-,-,-,-,CLOSED,-,-,-,-,-,-,CLOSED
20250723,08:15,-,-,-,-,-,-,-,-,-,-,-,-,CLOSED,-,CLOSED,-,-,-,-,-,-,-,-,-,-,CLOSED,-,-,-,-,-,-,CLOSED
20250723,08:45,-,-,-,-,-,-,-,-,-,-,-,-,CLOSED,-,CLOSED,-,-,-,-,-,-,-,-,-,-,CLOSED,-,-,-,-,-,-,CLOSED
20250723,09:15,80,5,5,5,70,15,50,5,5,30,5,-,CLOSED,15,CLOSED,-,5,15,5,5,5,-,5,5,-,CLOSED,-,5,5,5,5,5,CLOSED
20250723,09:45,120,50,30,30,100,60,60,20,10,60,30,-,CLOSED,20,CLOSED,-,10,15,5,5,5,-,5,5,-,CLOSED,-,5,5,5,5,5,CLOSED
20250723,10:15,100,60,50,50,100,60,80,50,50,70,10,-,CLOSED,20,CLOSED,-,20,15,40,5,5,5,10,5,5,CLOSED,-,5,5,5,15,5,CLOSED
20250723,10:45,100,60,50,40,70,60,60,60,50,70,5,-,CLOSED,15,CLOSED,-,20,20,30,5,5,5,10,5,5,CLOSED,-,20,10,5,15,10,CLOSED
20250723,11:15,120,40,40,40,70,60,40,50,50,60,5,-,CLOSED,15,CLOSED,-,10,20,40,5,5,5,10,5,5,CLOSED,-,25,10,10,15,15,CLOSED
20250723,11:45,120,40,40,30,80,50,50,40,40,60,5,-,CLOSED,15,CLOSED,-,20,15,30,10,5,15,15,5,5,CLOSED,-,15,10,15,25,15,CLOSED
20250723,12:15,100,40,40,40,70,50,60,50,30,70,5,-,CLOSED,15,CLOSED,5,10,15,40,10,5,15,10,5,5,CLOSED,-,15,5,15,15,15,CLOSED
20250723,12:45,90,30,30,40,70,40,40,50,50,70,5,-,CLOSED,15,CLOSED,5,5,15,40,5,5,15,10,5,5,CLOSED,-,10,5,15,15,20,CLOSED
20250723,13:15,90,40,30,40,90,40,60,50,50,70,10,-,CLOSED,15,CLOSED,5,20,15,-,20,5,15,10,5,5,CLOSED,-,10,5,15,15,15,CLOSED
20250723,13:45,80,40,40,40,70,50,60,50,50,60,10,-,CLOSED,15,CLOSED,5,15,15,5,10,5,15,10,5,5,CLOSED,-,15,10,15,30,15,CLOSED
20250723,14:15,90,40,40,40,90,50,60,50,40,70,10,-,CLOSED,15,CLOSED,5,10,15,40,5,5,15,10,5,5,CLOSED,-,20,5,15,25,25,CLOSED
20250723,14:45,80,30,40,30,70,40,60,50,50,70,10,-,CLOSED,15,CLOSED,5,15,15,-,15,5,15,5,5,5,CLOSED,-,10,10,15,20,20,CLOSED
20250723,15:15,100,40,40,40,80,40,60,50,50,60,10,-,CLOSED,20,CLOSED,5,10,15,-,20,15,15,10,5,5,CLOSED,-,15,15,15,25,20,CLOSED
20250723,15:45,80,30,40,40,70,50,70,60,50,60,10,-,CLOSED,20,CLOSED,5,15,15,30,10,15,15,10,5,5,CLOSED,-,15,15,20,20,20,CLOSED
20250723,16:15,90,30,40,40,80,50,70,60,40,60,10,-,CLOSED,15,CLOSED,5,10,15,60,15,10,15,5,5,5,CLOSED,-,20,15,20,20,15,CLOSED
20250723,16:45,90,40,40,40,80,50,60,40,50,60,5,5,CLOSED,20,CLOSED,5,15,15,70,15,15,15,15,5,5,CLOSED,-,15,15,10,20,15,CLOSED
20250723,17:15,100,30,30,40,60,50,60,40,50,60,5,10,CLOSED,15,CLOSED,5,10,15,70,20,20,15,15,5,5,CLOSED,-,10,15,5,10,10,CLOSED
20250723,17:45,100,30,30,40,60,40,60,60,60,60,5,10,CLOSED,15,CLOSED,5,10,15,40,15,10,15,15,5,5,CLOSED,-,10,15,10,10,10,CLOSED
20250723,18:15,90,40,25,40,70,50,60,40,40,70,5,20,CLOSED,15,CLOSED,5,15,15,25,15,20,15,10,5,5,CLOSED,-,15,5,5,10,10,CLOSED
20250723,18:45,80,30,25,30,60,50,60,30,50,50,-,-,CLOSED,15,CLOSED,-,15,15,40,10,-,15,5,5,5,CLOSED,-,10,5,5,10,10,CLOSED
20250723,19:15,60,40,-,40,70,50,50,40,40,60,-,-,CLOSED,15,CLOSED,-,10,15,15,15,-,15,15,5,5,CLOSED,-,15,5,5,10,5,CLOSED
20250723,19:45,70,30,-,30,50,40,50,30,25,40,-,-,CLOSED,15,CLOSED,-,5,15,20,15,-,15,10,5,5,CLOSED,-,10,5,5,5,5,CLOSED
20250723,20:15,50,15,5,20,50,40,50,20,15,40,-,-,CLOSED,20,CLOSED,-,5,15,25,10,-,15,5,5,5,CLOSED,-,5,5,5,5,5,CLOSED
20250723,20:45,30,-,5,25,-,30,30,5,5,20,-,-,CLOSED,20,CLOSED,-,5,15,5,5,-,-,5,5,5,CLOSED,-,5,5,5,5,5,CLOSED
20250723,21:15,-,-,-,-,-,-,-,-,-,-,-,-,CLOSED,-,CLOSED,-,-,-,-,-,-,-,-,-,-,CLOSED,-,-,-,-,-,-,CLOSED
20250723,21:45,-,-,-,-,-,-,-,-,-,-,-,-,CLOSED,-,CLOSED,-,-,-,-,-,-,-,-,-,-,CLOSED,-,-,-,-,-,-,CLOSED
20250724,07:15,-,-,-,-,-,-,-,-,-,-,-,-,CLOSED,-,CLOSED,-,-,-,-,-,-,-,-,-,-,CLOSED,-,-,CLOSED,-,-,-,CLOSED
20250724,07:45,-,-,-,-,-,-,-,-,-,-,-,-,CLOSED,-,CLOSED,-,-,-,-,-,-,-,-,-,-,CLOSED,-,-,CLOSED,-,-,-,CLOSED
20250724,08:15,-,-,-,-,-,-,-,-,-,-,-,-,CLOSED,-,CLOSED,-,-,-,-,-,-,-,-,-,-,CLOSED,-,-,CLOSED,-,-,-,CLOSED
20250724,08:45,-,-,-,-,-,-,-,-,-,-,-,-,CLOSED,-,CLOSED,-,-,-,-,-,-,-,-,-,-,CLOSED,-,-,CLOSED,-,-,-,CLOSED
20250724,09:15,40,-,15,20,60,10,30,5,5,20,10,-,CLOSED,20,CLOSED,-,5,15,5,5,5,-,5,5,-,CLOSED,-,5,CLOSED,5,5,5,CLOSED
20250724,09:45,120,-,40,40,90,60,60,40,40,-,20,-,CLOSED,20,CLOSED,-,5,15,5,5,5,-,5,5,-,CLOSED,-,5,CLOSED,5,5,5,CLOSED
20250724,10:15,120,-,60,50,120,90,90,60,60,-,25,-,CLOSED,20,CLOSED,-,20,20,30,5,5,15,10,5,5,CLOSED,-,10,CLOSED,5,15,5,CLOSED
20250724,10:45,80,50,40,40,80,80,80,10,50,50,10,-,CLOSED,20,CLOSED,-,15,20,40,5,5,15,10,5,5,CLOSED,-,15,CLOSED,10,15,15,CLOSED
20250724,11:15,90,50,30,30,100,70,-,60,50,60,5,-,CLOSED,20,CLOSED,-,15,20,50,5,5,15,10,5,5,CLOSED,-,15,CLOSED,15,20,20,CLOSED
20250724,11:45,80,40,40,30,60,50,-,50,40,70,5,-,CLOSED,15,CLOSED,-,10,20,60,5,5,15,5,5,5,CLOSED,-,15,CLOSED,15,20,20,CLOSED
20250724,12:15,90,80,40,30,90,50,-,50,60,90,10,-,CLOSED,15,CLOSED,5,10,20,40,5,5,15,5,5,5,CLOSED,-,15,CLOSED,15,20,15,CLOSED
20250724,12:45,100,60,40,40,80,40,30,-,50,90,5,-,CLOSED,15,CLOSED,5,5,15,50,10,5,15,10,5,5,CLOSED,-,15,CLOSED,15,25,10,CLOSED
20250724,13:15,100,50,30,40,60,50,90,-,70,120,5,-,CLOSED,15,CLOSED,5,15,15,50,15,5,15,10,5,5,CLOSED,-,20,CLOSED,15,30,15,CLOSED
20250724,13:45,80,-,40,25,90,70,10,-,60,100,5,-,CLOSED,15,CLOSED,5,10,15,-,15,5,15,10,5,5,CLOSED,-,25,CLOSED,20,25,20,CLOSED
20250724,14:15,100,-,40,50,100,60,60,60,70,90,5,-,CLOSED,15,CLOSED,5,15,15,-,20,5,15,10,5,5,CLOSED,-,15,CLOSED,20,30,20,CLOSED
20250724,14:45,90,-,40,40,70,40,10,90,50,90,5,-,CLOSED,15,CLOSED,5,20,15,50,15,20,15,10,5,5,CLOSED,-,15,CLOSED,15,30,25,CLOSED
20250724,15:15,80,-,40,40,70,60,80,80,50,90,10,-,CLOSED,15,CLOSED,5,20,15,60,15,15,15,15,5,5,CLOSED,-,20,CLOSED,20,25,25,CLOSED
20250724,15:45,90,30,40,40,100,60,80,80,50,90,15,-,CLOSED,20,CLOSED,5,15,15,-,15,5,15,15,5,5,CLOSED,-,15,CLOSED,20,25,20,CLOSED
20250724,16:15,90,60,30,40,100,60,80,80,50,80,15,-,CLOSED,20,CLOSED,5,10,15,-,10,10,15,10,5,5,CLOSED,-,15,CLOSED,15,25,20,CLOSED
20250724,16:45,90,50,40,40,90,60,90,80,60,80,15,-,CLOSED,20,CLOSED,5,15,15,90,15,20,15,15,5,5,CLOSED,-,20,CLOSED,15,20,15,CLOSED
20250724,17:15,80,50,30,30,80,50,80,80,40,80,15,5,CLOSED,20,CLOSED,5,10,15,90,15,10,15,15,5,5,CLOSED,-,20,CLOSED,15,15,20,CLOSED
20250724,17:45,80,50,30,40,70,60,90,50,50,80,20,15,CLOSED,20,CLOSED,5,5,15,-,10,10,15,15,5,5,CLOSED,-,15,CLOSED,5,15,10,CLOSED
20250724,18:15,80,50,20,40,70,50,90,50,50,70,15,15,CLOSED,15,CLOSED,5,15,15,-,10,15,15,10,5,5,CLOSED,-,15,CLOSED,5,15,10,CLOSED
20250724,18:45,80,40,30,40,60,50,80,50,50,70,-,-,CLOSED,15,CLOSED,-,20,15,40,15,-,15,15,5,5,CLOSED,-,15,CLOSED,5,10,10,CLOSED
20250724,19:15,70,40,20,30,70,40,60,60,40,70,-,-,CLOSED,15,CLOSED,-,10,15,25,15,-,15,15,5,5,CLOSED,-,15,CLOSED,10,10,10,CLOSED
20250724,19:45,70,40,10,30,50,40,40,60,20,50,-,-,CLOSED,15,CLOSED,-,5,15,30,15,-,15,15,5,5,CLOSED,-,5,CLOSED,10,10,5,CLOSED
20250724,20:15,60,-,10,30,40,40,30,30,15,30,-,-,CLOSED,20,CLOSED,-,5,15,15,15,-,15,10,5,5,CLOSED,-,5,CLOSED,5,5,5,CLOSED
20250724,20:45,20,-,10,20,30,30,40,10,10,-,-,-,CLOSED,15,CLOSED,-,5,15,10,5,-,-,5,5,5,CLOSED,-,5,CLOSED,5,5,5,CLOSED
20250724,21:15,-,-,-,-,-,-,-,-,-,-,-,-,CLOSED,-,CLOSED,-,-,-,-,-,-,-,-,-,-,CLOSED,-,-,CLOSED,-,-,-,CLOSED
20250724,21:45,-,-,-,-,-,-,-,-,-,-,-,-,CLOSED,-,CLOSED,-,-,-,-,-,-,-,-,-,-,CLOSED,-,-,CLOSED,-,-,-,CLOSED
20250725,07:15,-,-,-,-,-,-,-,-,-,-,-,-,CLOSED,-,CLOSED,-,-,-,-,-,-,-,-,-,-,CLOSED,-,-,CLOSED,-,-,-,CLOSED
20250725,07:45,-,-,-,-,-,-,-,-,-,-,-,-,CLOSED,-,CLOSED,-,-,-,-,-,-,-,-,-,-,CLOSED,-,-,CLOSED,-,-,-,CLOSED
20250725,08:15,-,-,-,-,-,-,-,-,-,-,-,-,CLOSED,-,CLOSED,-,-,-,-,-,-,-,-,-,-,CLOSED,-,-,CLOSED,-,-,-,CLOSED
20250725,08:45,-,-,-,-,-,-,-,-,-,-,-,-,CLOSED,-,CLOSED,-,-,-,-,-,-,-,-,-,-,CLOSED,-,-,CLOSED,-,-,-,CLOSED
20250725,09:15,50,15,-,5,60,10,30,-,5,20,5,-,CLOSED,20,CLOSED,-,5,15,5,5,5,-,5,5,-,CLOSED,-,5,CLOSED,5,5,5,CLOSED
20250725,09:45,100,60,15,25,100,70,80,5,15,60,20,-,CLOSED,20,CLOSED,-,5,15,5,5,5,-,5,5,-,CLOSED,-,5,CLOSED,5,5,5,CLOSED
20250725,10:15,120,60,-,50,120,70,80,70,50,70,25,-,CLOSED,20,CLOSED,-,20,15,30,5,5,5,5,5,5,CLOSED,-,5,CLOSED,5,10,5,CLOSED
20250725,10:45,120,80,-,50,100,70,60,60,50,80,10,-,CLOSED,20,CLOSED,-,20,15,40,5,5,5,15,5,5,CLOSED,-,15,CLOSED,15,10,5,CLOSED
20250725,11:15,120,60,30,50,80,60,50,60,60,70,15,-,CLOSED,20,CLOSED,-,10,15,50,5,5,5,15,5,5,CLOSED,-,15,CLOSED,10,20,15,CLOSED
20250725,11:45,100,40,50,30,70,40,70,40,40,70,5,-,CLOSED,15,CLOSED,-,20,15,50,10,5,5,10,5,5,CLOSED,-,15,CLOSED,10,20,15,CLOSED
20250725,12:15,80,40,40,40,70,50,60,50,40,80,5,-,CLOSED,15,CLOSED,5,10,15,60,10,5,5,10,5,5,CLOSED,-,10,CLOSED,15,20,10,CLOSED
20250725,12:45,90,30,50,40,60,40,50,60,40,70,5,-,CLOSED,15,CLOSED,5,15,15,70,5,5,5,5,5,5,CLOSED,-,15,CLOSED,15,20,15,CLOSED
20250725,13:15,100,40,60,40,80,40,50,50,40,60,10,-,CLOSED,15,CLOSED,5,15,15,50,10,10,15,10,5,5,CLOSED,-,15,CLOSED,15,20,15,CLOSED
20250725,13:45,100,30,60,40,80,40,40,50,40,70,5,-,CLOSED,20,CLOSED,5,15,15,50,15,5,15,10,5,5,CLOSED,-,15,CLOSED,15,20,15,CLOSED
20250725,14:15,100,50,50,40,80,30,60,60,40,70,5,-,CLOSED,20,CLOSED,5,10,15,40,15,5,15,10,5,5,CLOSED,-,10,CLOSED,20,20,15,CLOSED
20250725,14:45,90,30,50,40,80,60,60,50,50,60,5,-,CLOSED,20,CLOSED,5,20,15,40,15,20,15,10,5,5,CLOSED,-,10,CLOSED,20,30,20,CLOSED
20250725,15:15,90,40,50,40,80,50,60,40,60,60,15,-,CLOSED,20,CLOSED,5,15,15,40,15,15,15,10,5,5,CLOSED,-,15,CLOSED,10,25,20,CLOSED
20250725,15:45,100,30,40,40,80,40,60,50,40,70,20,-,CLOSED,15,CLOSED,5,15,15,60,15,5,15,10,5,5,CLOSED,-,5,CLOSED,20,25,20,CLOSED
20250725,16:15,90,40,50,40,80,50,70,40,40,70,15,-,CLOSED,15,CLOSED,5,15,15,60,10,10,15,5,5,5,CLOSED,-,15,CLOSED,15,25,20,CLOSED
20250725,16:45,100,40,40,40,90,50,60,60,50,60,20,-,CLOSED,15,CLOSED,5,20,15,50,20,20,15,15,5,5,CLOSED,-,5,CLOSED,15,20,20,CLOSED
20250725,17:15,100,30,40,40,100,50,60,50,30,50,20,15,CLOSED,20,CLOSED,5,10,15,40,15,20,15,15,5,5,CLOSED,-,15,CLOSED,10,15,20,CLOSED
20250725,17:45,90,40,40,40,90,40,70,40,60,50,15,25,CLOSED,20,CLOSED,5,10,15,15,15,10,15,10,5,5,CLOSED,-,20,CLOSED,10,15,15,CLOSED
20250725,18:15,80,30,40,40,90,50,60,50,50,50,15,30,CLOSED,20,CLOSED,5,20,15,25,10,10,15,15,5,5,CLOSED,-,15,CLOSED,5,10,15,CLOSED
20250725,18:45,80,30,40,40,90,40,70,30,40,40,-,-,CLOSED,20,CLOSED,-,15,15,20,15,-,15,15,5,5,CLOSED,-,15,CLOSED,5,15,10,CLOSED
20250725,19:15,80,30,30,40,80,40,60,40,40,50,-,-,CLOSED,20,CLOSED,-,10,15,20,15,-,15,15,5,5,CLOSED,-,10,CLOSED,5,15,10,CLOSED
20250725,19:45,70,25,25,30,60,40,40,25,30,40,-,-,CLOSED,20,CLOSED,-,5,15,15,15,-,15,10,5,5,CLOSED,-,5,CLOSED,5,15,10,CLOSED
20250725,20:15,60,10,20,30,40,40,50,20,10,30,-,-,CLOSED,15,CLOSED,-,5,15,10,15,-,15,10,5,5,CLOSED,-,5,CLOSED,5,5,5,CLOSED
20250725,20:45,-,10,10,30,40,25,40,15,10,20,-,-,CLOSED,15,CLOSED,-,5,15,5,5,-,-,5,5,5,CLOSED,-,5,CLOSED,5,5,5,CLOSED
20250725,21:15,-,-,-,-,-,-,-,-,-,-,-,-,CLOSED,-,CLOSED,-,-,-,-,-,-,-,-,-,-,CLOSED,-,-,CLOSED,-,-,-,CLOSED
20250725,21:45,-,-,-,-,-,-,-,-,-,-,-,-,CLOSED,-,CLOSED,-,-,-,-,-,-,-,-,-,-,CLOSED,-,-,CLOSED,-,-,-,CLOSED
20250726,07:15,-,-,-,-,-,-,-,-,-,-,-,-,CLOSED,-,CLOSED,-,-,-,-,-,-,-,-,-,-,CLOSED,-,-,CLOSED,-,-,-,CLOSED
20250726,07:45,-,-,-,-,-,-,-,-,-,-,-,-,CLOSED,-,CLOSED,-,-,-,-,-,-,-,-,-,-,CLOSED,-,-,CLOSED,-,-,-,CLOSED
20250726,08:15,-,-,-,-,-,-,-,-,-,-,-,-,CLOSED,-,CLOSED,-,-,-,-,-,-,-,-,-,-,CLOSED,-,-,CLOSED,-,-,-,CLOSED
20250726,08:45,-,-,-,-,-,-,-,-,-,-,-,-,CLOSED,-,CLOSED,-,-,-,-,-,-,-,-,-,-,CLOSED,-,-,CLOSED,-,-,-,CLOSED
20250726,09:15,60,5,5,5,60,20,40,5,5,25,10,-,CLOSED,20,CLOSED,-,5,15,5,5,5,-,5,-,-,CLOSED,-,5,CLOSED,5,5,5,CLOSED
20250726,09:45,120,60,40,40,120,60,70,15,15,60,20,-,CLOSED,20,CLOSED,-,5,15,5,5,5,-,5,5,-,CLOSED,-,5,CLOSED,5,5,5,CLOSED
20250726,10:15,120,60,60,40,90,70,80,70,60,70,20,-,CLOSED,15,CLOSED,-,20,15,30,5,5,15,5,5,5,CLOSED,-,5,CLOSED,5,10,5,CLOSED
20250726,10:45,120,60,50,50,60,50,60,60,60,70,15,-,CLOSED,15,CLOSED,-,15,15,60,10,5,15,10,5,5,CLOSED,-,10,CLOSED,10,10,5,CLOSED
20250726,11:15,100,50,60,40,80,40,50,40,40,60,5,-,CLOSED,20,CLOSED,-,10,15,60,5,5,15,10,5,5,CLOSED,-,15,CLOSED,10,15,10,CLOSED
20250726,11:45,100,40,40,30,80,40,50,50,25,50,5,-,CLOSED,20,CLOSED,-,15,15,50,5,5,15,5,5,5,CLOSED,-,10,CLOSED,5,20,10,CLOSED
20250726,12:15,90,40,40,30,70,40,50,40,30,60,5,-,CLOSED,15,CLOSED,5,15,15,40,15,5,15,5,5,5,CLOSED,-,10,CLOSED,10,10,15,CLOSED
20250726,12:45,90,30,50,40,60,40,70,50,40,50,5,-,CLOSED,15,CLOSED,5,5,15,40,5,5,15,5,5,5,CLOSED,-,10,CLOSED,10,15,15,CLOSED
20250726,13:15,120,50,40,40,80,40,50,40,40,50,5,-,CLOSED,15,CLOSED,5,20,15,40,10,10,15,5,5,5,CLOSED,-,10,CLOSED,10,15,15,CLOSED
20250726,13:45,90,30,40,40,80,30,50,40,40,40,5,-,CLOSED,15,CLOSED,5,15,15,50,15,10,15,10,5,5,CLOSED,-,10,CLOSED,10,20,15,CLOSED
20250726,14:15,100,30,40,30,70,40,50,50,30,60,5,-,CLOSED,15,CLOSED,5,5,15,40,15,10,15,10,5,5,CLOSED,-,5,CLOSED,10,20,10,CLOSED
20250726,14:45,100,40,40,40,80,50,70,40,50,50,15,-,CLOSED,15,CLOSED,5,15,15,40,15,15,15,10,5,5,CLOSED,-,5,CLOSED,5,20,10,CLOSED
20250726,15:15,100,30,40,50,90,40,80,50,50,50,10,-,CLOSED,20,CLOSED,5,15,15,60,15,15,15,5,5,5,CLOSED,-,5,CLOSED,15,25,15,CLOSED
20250726,15:45,100,40,40,40,90,50,80,50,30,60,25,-,CLOSED,15,CLOSED,5,15,15,60,15,15,15,5,5,5,CLOSED,-,10,CLOSED,15,25,15,CLOSED
20250726,16:15,100,40,40,50,90,50,80,40,50,60,15,-,CLOSED,25,CLOSED,5,15,15,40,10,15,15,10,5,5,CLOSED,-,15,CLOSED,10,20,10,CLOSED
20250726,16:45,80,30,40,50,70,40,60,60,50,60,15,-,CLOSED,30,CLOSED,5,15,15,40,15,20,15,15,5,5,CLOSED,-,15,CLOSED,15,20,10,CLOSED
20250726,17:15,100,40,30,40,90,40,70,50,50,50,15,-,CLOSED,15,CLOSED,5,10,15,30,15,20,15,10,5,5,CLOSED,-,10,CLOSED,10,20,10,CLOSED
20250726,17:45,100,40,40,50,120,50,80,40,30,40,20,5,CLOSED,15,CLOSED,5,15,15,20,10,15,15,10,5,5,CLOSED,-,15,CLOSED,10,15,10,CLOSED
20250726,18:15,100,30,30,40,100,50,70,-,60,60,10,20,CLOSED,20,CLOSED,5,10,15,35,10,20,15,15,5,5,CLOSED,-,15,CLOSED,10,15,10,CLOSED
20250726,18:45,-,40,50,50,90,50,70,-,50,50,-,-,CLOSED,20,CLOSED,-,15,15,40,20,-,15,15,5,5,CLOSED,-,15,CLOSED,5,15,10,CLOSED
20250726,19:15,80,40,30,40,90,50,70,-,50,50,-,-,CLOSED,15,CLOSED,-,10,15,30,15,-,15,15,5,5,CLOSED,-,15,CLOSED,5,15,5,CLOSED
20250726,19:45,80,30,15,30,70,40,60,60,25,60,-,-,CLOSED,15,CLOSED,-,10,15,15,15,-,15,15,5,5,CLOSED,-,5,CLOSED,5,10,10,CLOSED
20250726,20:15,60,15,20,30,70,30,50,50,15,25,-,-,CLOSED,15,CLOSED,-,5,15,20,15,-,15,10,5,5,CLOSED,-,5,CLOSED,5,5,5,CLOSED
20250726,20:45,-,10,10,30,-,40,30,20,10,20,-,-,CLOSED,15,CLOSED,-,5,15,5,5,-,-,5,5,5,CLOSED,-,5,CLOSED,5,5,5,CLOSED
20250726,21:15,-,-,-,-,-,-,-,-,-,-,-,-,CLOSED,-,CLOSED,-,-,-,-,-,-,-,-,-,-,CLOSED,-,-,CLOSED,-,-,-,CLOSED
20250726,21:45,-,-,-,-,-,-,-,-,-,-,-,-,CLOSED,-,CLOSED,-,-,-,-,-,-,-,-,-,-,CLOSED,-,-,CLOSED,-,-,-,CLOSED
20250727,07:15,-,-,-,-,-,-,-,-,-,-,-,-,CLOSED,-,CLOSED,-,-,-,-,-,-,-,-,-,-,CLOSED,-,-,CLOSED,-,-,-,CLOSED
20250727,07:45,-,-,-,-,-,-,-,-,-,-,-,-,CLOSED,-,CLOSED,-,-,-,-,-,-,-,-,-,-,CLOSED,-,-,CLOSED,-,-,-,CLOSED
20250727,08:15,-,-,-,-,-,-,-,-,-,-,-,-,CLOSED,-,CLOSED,-,-,-,-,-,-,-,-,-,-,CLOSED,-,-,CLOSED,-,-,-,CLOSED
20250727,08:45,-,-,-,-,-,-,-,-,-,-,-,-,CLOSED,-,CLOSED,-,-,-,-,-,-,-,-,-,-,CLOSED,-,-,CLOSED,-,-,-,CLOSED
20250727,09:15,50,5,-,10,50,10,25,5,5,15,10,-,CLOSED,10,CLOSED,-,5,15,5,5,5,-,5,5,-,CLOSED,-,5,CLOSED,5,5,5,CLOSED
20250727,09:45,120,40,25,25,120,60,80,15,10,60,15,-,CLOSED,15,CLOSED,-,5,15,5,5,5,-,5,5,-,CLOSED,-,5,CLOSED,5,5,5,CLOSED
20250727,10:15,120,60,60,50,100,70,100,50,50,80,25,-,CLOSED,20,CLOSED,-,20,15,20,5,5,15,5,5,5,CLOSED,-,5,CLOSED,5,10,5,CLOSED
20250727,10:45,120,60,40,40,120,60,80,60,50,80,5,-,CLOSED,15,CLOSED,-,15,15,40,5,5,15,15,5,5,CLOSED,-,10,CLOSED,5,15,5,CLOSED
20250727,11:15,-,60,50,40,100,50,50,50,40,80,5,-,CLOSED,15,CLOSED,-,10,15,40,5,5,15,10,5,5,CLOSED,-,15,CLOSED,5,15,5,CLOSED
20250727,11:45,-,50,60,40,80,60,50,40,40,70,5,-,CLOSED,15,CLOSED,-,20,15,30,5,5,15,20,5,5,CLOSED,-,15,CLOSED,5,15,5,CLOSED
20250727,12:15,90,40,50,40,80,40,60,60,60,50,5,-,CLOSED,20,CLOSED,5,15,15,50,10,5,15,15,5,5,CLOSED,-,15,CLOSED,10,15,10,CLOSED
20250727,12:45,120,30,40,40,80,40,40,70,40,50,5,-,CLOSED,20,CLOSED,5,5,15,40,5,5,15,5,5,5,CLOSED,-,15,CLOSED,15,20,15,CLOSED
20250727,13:15,100,40,50,-,80,40,70,50,40,60,5,-,CLOSED,15,CLOSED,5,15,15,40,15,5,15,15,5,5,CLOSED,-,5,CLOSED,15,20,15,CLOSED
20250727,13:45,100,40,40,-,80,50,60,50,40,60,10,-,CLOSED,15,CLOSED,5,15,15,50,10,5,15,10,5,5,CLOSED,-,10,CLOSED,10,20,10,CLOSED
20250727,14:15,120,40,40,-,80,50,60,50,40,70,10,-,CLOSED,15,CLOSED,5,15,15,30,5,5,15,10,5,5,CLOSED,-,15,CLOSED,10,10,10,CLOSED
20250727,14:45,120,50,40,-,90,40,60,50,50,70,10,-,CLOSED,15,CLOSED,5,15,15,-,15,10,15,10,5,5,CLOSED,-,20,CLOSED,10,25,10,CLOSED
20250727,15:15,100,40,40,-,90,40,70,50,40,60,5,5,CLOSED,15,CLOSED,5,15,15,50,15,25,15,15,5,5,CLOSED,-,10,CLOSED,15,20,15,CLOSED
20250727,15:45,100,40,40,30,90,60,80,50,50,50,15,5,CLOSED,20,CLOSED,5,15,15,40,10,15,15,10,5,5,CLOSED,-,25,CLOSED,15,25,20,CLOSED
20250727,16:15,120,40,50,40,90,50,70,40,40,60,10,10,CLOSED,20,CLOSED,5,5,15,40,10,15,15,10,5,5,CLOSED,-,15,CLOSED,15,20,20,CLOSED
20250727,16:45,120,30,40,40,90,50,60,40,60,60,15,15,CLOSED,20,CLOSED,5,20,15,40,15,15,15,10,5,5,CLOSED,-,15,CLOSED,10,20,15,CLOSED
20250727,17:15,140,30,40,40,100,40,60,50,40,-,15,15,CLOSED,15,CLOSED,5,5,15,50,15,15,15,15,5,5,CLOSED,-,10,CLOSED,10,20,5,CLOSED
20250727,17:45,120,40,40,40,100,50,60,50,60,-,15,20,CLOSED,15,CLOSED,5,15,15,40,15,15,15,10,5,5,CLOSED,-,15,CLOSED,10,20,15,CLOSED
20250727,18:15,120,30,30,40,120,60,70,40,40,20,25,20,CLOSED,15,CLOSED,5,15,15,15,15,20,15,15,5,5,CLOSED,-,15,CLOSED,10,15,10,CLOSED
20250727,18:45,120,40,30,40,100,40,60,50,40,-,-,-,CLOSED,15,CLOSED,-,15,15,30,15,-,15,15,5,5,CLOSED,-,15,CLOSED,10,10,5,CLOSED
20250727,19:15,100,30,30,40,90,40,70,50,40,-,-,-,CLOSED,20,CLOSED,-,10,15,20,15,-,15,15,5,5,CLOSED,-,10,CLOSED,10,15,10,CLOSED
20250727,19:45,-,30,25,30,80,50,70,30,40,40,-,-,CLOSED,20,CLOSED,-,5,15,-,15,-,15,15,5,5,CLOSED,-,5,CLOSED,10,15,10,CLOSED
20250727,20:15,-,15,20,30,50,50,30,25,25,40,-,-,CLOSED,20,CLOSED,-,5,15,-,15,-,15,5,5,5,CLOSED,-,5,CLOSED,10,5,5,CLOSED
20250727,20:45,30,10,-,-,-,40,30,5,5,-,-,-,CLOSED,25,CLOSED,-,5,15,10,5,-,-,5,5,5,CLOSED,-,5,CLOSED,10,5,5,CLOSED
20250727,21:15,-,-,-,-,-,-,-,-,-,-,-,-,CLOSED,-,CLOSED,-,-,-,-,-,-,-,-,-,-,CLOSED,-,-,CLOSED,-,-,-,CLOSED
20250727,21:45,-,-,-,-,-,-,-,-,-,-,-,-,CLOSED,-,CLOSED,-,-,-,-,-,-,-,-,-,-,CLOSED,-,-,CLOSED,-,-,-,CLOSED
20250728,07:15,-,-,-,-,-,-,-,-,-,-,-,-,CLOSED,-,CLOSED,-,-,-,-,-,-,-,-,-,-,CLOSED,-,-,CLOSED,-,-,-,CLOSED
20250728,07:45,-,-,-,-,-,-,-,-,-,-,-,-,CLOSED,-,CLOSED,-,-,-,-,-,-,-,-,-,-,CLOSED,-,-,CLOSED,-,-,-,CLOSED
20250728,08:15,-,-,-,-,-,-,-,-,-,-,-,-,CLOSED,-,CLOSED,-,-,-,-,-,-,-,-,-,-,CLOSED,-,-,CLOSED,-,-,-,CLOSED
20250728,08:45,-,-,-,-,-,-,-,-,-,-,-,-,CLOSED,-,CLOSED,-,-,-,-,-,-,-,-,-,-,CLOSED,-,-,CLOSED,-,-,-,CLOSED
20250728,09:15,50,10,5,10,10,5,50,5,5,10,5,-,CLOSED,20,CLOSED,-,5,15,5,5,5,-,5,5,-,CLOSED,-,5,CLOSED,5,5,5,CLOSED
20250728,09:45,120,60,30,30,140,60,10,10,10,70,15,-,CLOSED,20,CLOSED,-,5,15,5,5,5,-,5,5,-,CLOSED,-,5,CLOSED,5,5,5,CLOSED
20250728,10:15,140,70,60,40,120,80,100,60,60,70,25,-,CLOSED,20,CLOSED,-,25,15,25,5,5,15,5,5,5,CLOSED,-,5,CLOSED,5,10,5,CLOSED
20250728,10:45,120,70,60,50,120,80,10,60,50,100,10,-,CLOSED,20,CLOSED,-,20,30,50,5,5,15,10,5,5,CLOSED,-,15,CLOSED,10,25,10,CLOSED
20250728,11:15,120,80,50,-,120,70,60,50,60,100,10,-,CLOSED,20,CLOSED,-,20,40,40,5,5,15,15,5,5,CLOSED,-,15,CLOSED,15,25,20,CLOSED
20250728,11:45,120,70,40,30,120,100,60,70,40,120,5,-,CLOSED,20,CLOSED,-,20,30,40,15,5,15,15,5,5,CLOSED,-,25,CLOSED,15,25,20,CLOSED
20250728,12:15,120,60,50,50,10,90,80,70,50,120,5,-,CLOSED,20,CLOSED,5,15,20,60,15,5,15,10,5,5,CLOSED,-,15,CLOSED,20,25,25,CLOSED
20250728,12:45,90,50,50,40,100,70,80,60,70,120,5,-,CLOSED,15,CLOSED,5,10,15,50,10,5,15,15,5,5,CLOSED,-,15,CLOSED,15,25,20,CLOSED
20250728,13:15,120,60,50,40,120,60,10,60,40,120,5,-,CLOSED,20,CLOSED,5,25,30,60,25,5,15,15,5,5,CLOSED,-,25,CLOSED,20,25,20,CLOSED
20250728,13:45,160,50,40,50,100,70,80,60,50,120,20,-,CLOSED,15,CLOSED,5,15,20,60,20,5,15,10,5,5,CLOSED,-,25,CLOSED,20,30,20,CLOSED
20250728,14:15,140,50,-,40,120,70,80,70,70,80,5,-,CLOSED,15,CLOSED,5,10,30,60,15,5,15,15,5,5,CLOSED,-,15,CLOSED,20,25,25,CLOSED
20250728,14:45,140,60,-,50,90,70,80,60,60,120,5,-,CLOSED,25,CLOSED,5,15,30,60,20,25,15,20,5,5,CLOSED,-,25,CLOSED,20,40,25,CLOSED
20250728,15:15,140,70,30,30,120,70,90,70,70,120,15,-,CLOSED,20,CLOSED,5,15,15,60,20,20,15,20,5,5,CLOSED,-,25,CLOSED,20,30,20,CLOSED
20250728,15:45,120,50,50,40,100,80,90,70,60,160,20,-,CLOSED,25,CLOSED,5,20,30,50,20,20,15,10,5,5,CLOSED,-,30,CLOSED,20,30,25,CLOSED
20250728,16:15,100,50,50,40,120,80,100,70,60,140,10,-,CLOSED,20,CLOSED,5,20,30,50,15,15,15,15,5,5,CLOSED,-,20,CLOSED,20,35,20,CLOSED
20250728,16:45,120,40,50,40,100,80,100,70,70,100,10,-,CLOSED,20,CLOSED,5,20,15,60,15,15,15,15,5,5,CLOSED,-,25,CLOSED,20,15,20,CLOSED
20250728,17:15,120,50,50,40,120,80,90,60,60,90,15,-,CLOSED,15,CLOSED,5,15,15,30,15,20,15,15,5,5,CLOSED,-,25,CLOSED,15,20,15,CLOSED
20250728,17:45,120,40,50,40,120,80,90,60,50,120,15,10,CLOSED,15,CLOSED,5,10,15,30,15,10,15,20,5,5,CLOSED,-,15,CLOSED,15,20,20,CLOSED
20250728,18:15,100,30,40,40,120,80,90,80,50,100,20,20,CLOSED,15,CLOSED,5,20,15,40,10,20,15,20,5,5,CLOSED,-,15,CLOSED,10,15,10,CLOSED
20250728,18:45,120,50,40,40,100,70,90,50,70,90,-,-,CLOSED,15,CLOSED,-,20,15,20,20,-,15,15,5,5,CLOSED,-,15,CLOSED,10,10,10,CLOSED
20250728,19:15,90,30,50,40,90,70,80,50,60,90,-,-,CLOSED,20,CLOSED,-,5,15,25,15,-,15,20,5,5,CLOSED,-,20,CLOSED,10,20,15,CLOSED
20250728,19:45,80,30,20,30,60,50,50,40,30,60,-,-,CLOSED,20,CLOSED,-,5,15,25,20,-,15,15,5,5,CLOSED,-,10,CLOSED,5,20,10,CLOSED
20250728,20:15,60,30,20,30,60,40,40,30,40,40,-,-,CLOSED,20,CLOSED,-,5,15,15,10,-,15,10,5,5,CLOSED,-,10,CLOSED,5,20,5,CLOSED
20250728,20:45,-,10,10,-,-,-,30,20,10,-,-,-,CLOSED,25,CLOSED,-,5,15,5,5,-,-,5,5,5,CLOSED,-,5,CLOSED,5,5,5,CLOSED
20250728,21:15,-,-,-,-,-,-,-,-,-,-,-,-,CLOSED,-,CLOSED,-,-,-,-,-,-,-,-,-,-,CLOSED,-,-,CLOSED,-,-,-,CLOSED
20250728,21:45,-,-,-,-,-,-,-,-,-,-,-,-,CLOSED,-,CLOSED,-,-,-,-,-,-,-,-,-,-,CLOSED,-,-,CLOSED,-,-,-,CLOSED
20250729,07:15,-,-,-,-,-,-,-,-,-,-,-,-,CLOSED,-,CLOSED,-,-,-,-,-,-,-,-,-,-,CLOSED,-,-,CLOSED,-,-,-,CLOSED
20250729,07:45,-,-,-,-,-,-,-,-,-,-,-,-,CLOSED,-,CLOSED,-,-,-,-,-,-,-,-,-,-,CLOSED,-,-,CLOSED,-,-,-,CLOSED
20250729,08:15,-,-,-,-,-,-,-,-,-,-,-,-,CLOSED,-,CLOSED,-,-,-,-,-,-,-,-,-,-,CLOSED,-,-,CLOSED,-,-,-,CLOSED
20250729,08:45,-,-,-,-,-,-,-,-,-,-,-,-,CLOSED,-,CLOSED,-,-,-,-,-,-,-,-,-,-,CLOSED,-,-,CLOSED,-,-,-,CLOSED
20250729,09:15,50,10,5,10,60,10,30,5,5,-,5,-,CLOSED,20,CLOSED,-,5,15,5,5,5,-,5,5,-,CLOSED,-,5,CLOSED,5,5,5,CLOSED
20250729,09:45,80,50,25,30,100,60,70,30,30,-,20,-,CLOSED,20,CLOSED,-,5,15,5,5,5,-,5,5,-,CLOSED,-,5,CLOSED,5,5,5,CLOSED
20250729,10:15,140,60,50,60,120,80,80,10,70,-,20,-,CLOSED,35,CLOSED,-,20,15,40,5,5,15,5,5,5,CLOSED,-,15,CLOSED,5,5,10,CLOSED
20250729,10:45,140,60,60,50,90,80,80,60,60,10,20,-,CLOSED,40,CLOSED,-,20,20,40,5,5,15,15,5,5,CLOSED,-,15,CLOSED,15,10,15,CLOSED
20250729,11:15,120,60,60,40,90,90,60,40,60,70,10,-,CLOSED,15,CLOSED,-,5,15,40,5,5,15,10,5,5,CLOSED,-,15,CLOSED,15,20,15,CLOSED
20250729,11:45,100,50,50,30,80,70,60,50,40,80,10,-,CLOSED,20,CLOSED,-,20,15,60,10,5,15,10,5,5,CLOSED,-,-,CLOSED,15,20,15,CLOSED
20250729,12:15,100,40,40,40,70,60,70,60,50,80,10,-,CLOSED,15,CLOSED,5,15,15,50,15,5,15,15,5,5,CLOSED,-,-,CLOSED,20,30,15,CLOSED
20250729,12:45,100,40,40,40,90,60,70,60,50,90,10,-,CLOSED,20,CLOSED,5,5,15,30,5,5,15,5,5,5,CLOSED,-,5,CLOSED,15,20,15,CLOSED
20250729,13:15,100,40,40,30,80,60,60,50,50,100,10,-,CLOSED,15,CLOSED,5,20,15,50,20,5,15,10,5,5,CLOSED,-,15,CLOSED,10,20,15,CLOSED
20250729,13:45,90,40,40,40,80,60,60,60,40,90,10,-,CLOSED,15,CLOSED,5,5,15,50,15,15,15,10,5,5,CLOSED,-,20,CLOSED,15,25,20,CLOSED
20250729,14:15,100,40,50,-,70,60,60,50,50,100,10,-,CLOSED,15,CLOSED,5,10,15,50,10,10,15,5,5,5,CLOSED,-,15,CLOSED,20,20,20,CLOSED
20250729,14:45,90,40,40,-,90,50,60,50,60,100,10,-,CLOSED,20,CLOSED,5,25,15,40,10,15,15,10,5,5,CLOSED,-,15,CLOSED,25,20,20,CLOSED
20250729,15:15,90,40,40,40,90,60,60,10,60,90,10,-,CLOSED,15,CLOSED,5,15,15,40,15,10,15,5,5,5,CLOSED,-,15,CLOSED,20,30,20,CLOSED
20250729,15:45,100,40,40,40,100,60,90,10,60,120,15,-,CLOSED,15,CLOSED,5,15,15,50,15,15,15,15,5,5,CLOSED,-,20,CLOSED,15,25,20,CLOSED
20250729,16:15,120,40,40,40,100,60,80,50,50,80,10,-,CLOSED,15,CLOSED,5,15,15,40,15,15,15,10,5,5,CLOSED,-,20,CLOSED,15,40,20,CLOSED
20250729,16:45,90,40,40,50,100,70,80,60,40,90,10,-,CLOSED,15,CLOSED,5,20,15,40,20,20,15,15,5,5,CLOSED,-,25,CLOSED,15,20,20,CLOSED
20250729,17:15,90,30,40,40,100,70,80,60,50,90,10,5,CLOSED,15,CLOSED,5,15,15,40,15,10,15,10,5,5,CLOSED,-,25,CLOSED,15,25,20,CLOSED
20250729,17:45,90,40,30,40,100,60,80,10,70,100,20,10,CLOSED,20,CLOSED,5,20,15,20,10,15,15,15,5,5,CLOSED,-,15,CLOSED,15,20,15,CLOSED
20250729,18:15,90,30,30,40,100,60,70,60,60,90,15,20,CLOSED,15,CLOSED,5,15,15,30,10,10,15,15,5,5,CLOSED,-,15,CLOSED,5,15,10,CLOSED
20250729,18:45,100,40,30,40,100,50,70,50,50,100,-,-,CLOSED,20,CLOSED,-,15,20,25,15,-,15,20,5,5,CLOSED,-,20,CLOSED,5,15,10,CLOSED
20250729,19:15,80,30,30,40,100,50,60,40,40,90,-,-,CLOSED,20,CLOSED,-,10,15,20,15,-,15,20,5,5,CLOSED,-,15,CLOSED,5,15,15,CLOSED
20250729,19:45,70,25,20,30,70,40,50,50,20,80,-,-,CLOSED,15,CLOSED,-,5,15,20,15,-,15,15,5,5,CLOSED,-,10,CLOSED,5,15,5,CLOSED
20250729,20:15,60,15,10,30,50,40,50,25,20,60,-,-,CLOSED,20,CLOSED,-,5,15,10,10,-,15,10,5,5,CLOSED,-,10,CLOSED,5,5,5,CLOSED
20250729,20:45,-,10,10,-,30,30,30,15,10,30,-,-,CLOSED,20,CLOSED,-,5,15,5,5,-,-,5,5,5,CLOSED,-,10,CLOSED,5,5,5,CLOSED
20250729,21:15,-,-,-,-,-,-,-,-,-,-,-,-,CLOSED,-,CLOSED,-,-,-,-,-,-,-,-,-,-,CLOSED,-,-,CLOSED,-,-,-,CLOSED
20250729,21:45,-,-,-,-,-,-,-,-,-,-,-,-,CLOSED,-,CLOSED,-,-,-,-,-,-,-,-,-,-,CLOSED,-,-,CLOSED,-,-,-,CLOSED
20250730,07:15,-,-,-,-,-,-,-,-,-,-,-,-,CLOSED,-,CLOSED,-,-,-,-,-,-,-,-,-,-,CLOSED,-,-,CLOSED,-,-,-,CLOSED
20250730,07:45,-,-,-,-,-,-,-,-,-,-,-,-,CLOSED,-,CLOSED,-,-,-,-,-,-,-,-,-,-,CLOSED,-,-,CLOSED,-,-,-,CLOSED
20250730,08:15,-,-,-,-,-,-,-,-,-,-,-,-,CLOSED,-,CLOSED,-,-,-,-,-,-,-,-,-,-,CLOSED,-,-,CLOSED,-,-,-,CLOSED
20250730,08:45,-,-,-,-,-,-,-,-,-,-,-,-,CLOSED,-,CLOSED,-,-,-,-,-,-,-,-,-,-,CLOSED,-,-,CLOSED,-,-,-,CLOSED
20250730,09:15,60,5,-,20,60,10,25,5,5,30,5,-,CLOSED,-,CLOSED,-,5,15,5,5,5,-,5,5,-,CLOSED,-,5,CLOSED,5,5,5,CLOSED
20250730,09:45,140,50,-,40,120,60,100,20,10,60,15,-,CLOSED,-,CLOSED,-,10,15,5,5,5,-,5,5,-,CLOSED,-,5,CLOSED,5,5,5,CLOSED
20250730,10:15,140,60,-,60,120,8,100,70,50,80,30,-,CLOSED,-,CLOSED,-,25,20,40,5,5,5,5,5,5,CLOSED,-,10,CLOSED,5,10,5,CLOSED
20250730,10:45,140,60,60,40,120,8,70,70,60,100,20,-,CLOSED,15,CLOSED,-,15,20,50,5,5,15,10,5,5,CLOSED,-,25,CLOSED,10,15,15,CLOSED
20250730,11:15,90,60,50,40,120,70,40,60,60,90,10,-,CLOSED,15,CLOSED,-,15,20,40,5,5,15,15,5,5,CLOSED,-,20,CLOSED,15,30,25,CLOSED
20250730,11:45,90,40,40,30,90,60,60,50,30,80,5,-,CLOSED,15,CLOSED,-,20,15,50,10,5,15,15,5,5,CLOSED,-,20,CLOSED,20,25,20,CLOSED
20250730,12:15,100,50,50,30,70,60,70,50,50,80,5,-,CLOSED,15,CLOSED,5,15,15,40,15,5,15,15,5,5,CLOSED,-,20,CLOSED,15,25,10,CLOSED
20250730,12:45,100,40,50,40,100,60,60,60,50,100,5,-,CLOSED,15,CLOSED,5,5,15,50,5,5,15,10,5,5,CLOSED,-,20,CLOSED,15,20,15,CLOSED
20250730,13:15,100,40,50,60,80,50,60,60,50,100,10,-,CLOSED,15,CLOSED,5,20,15,-,20,5,15,20,5,5,CLOSED,-,20,CLOSED,15,20,15,CLOSED
20250730,13:45,120,30,40,50,90,50,70,60,50,80,10,-,CLOSED,15,CLOSED,5,5,15,-,15,10,15,15,5,5,CLOSED,-,25,CLOSED,15,25,15,CLOSED
20250730,14:15,120,40,50,40,90,60,80,60,50,100,5,-,CLOSED,15,CLOSED,5,5,15,40,10,10,15,10,5,5,CLOSED,-,20,CLOSED,15,20,15,CLOSED
20250730,14:45,100,40,60,40,90,60,80,60,50,90,10,-,CLOSED,20,CLOSED,5,20,15,40,20,15,15,15,5,5,CLOSED,-,15,CLOSED,20,25,20,CLOSED
20250730,15:15,100,40,40,40,100,60,70,50,50,100,10,-,CLOSED,15,CLOSED,5,15,15,70,20,10,15,10,5,5,CLOSED,-,20,CLOSED,20,25,20,CLOSED
20250730,15:45,100,40,50,40,100,50,60,60,80,70,15,5,CLOSED,20,CLOSED,5,20,15,70,15,10,15,15,5,5,CLOSED,-,20,CLOSED,15,30,20,CLOSED
20250730,16:15,100,40,50,40,100,60,70,70,70,70,10,10,CLOSED,15,CLOSED,5,10,15,70,10,10,15,15,5,5,CLOSED,-,10,CLOSED,15,30,20,CLOSED
20250730,16:45,120,30,40,40,90,70,70,50,50,70,5,-,CLOSED,15,CLOSED,5,15,15,60,15,20,15,15,5,5,CLOSED,-,15,CLOSED,15,20,15,CLOSED
20250730,17:15,100,30,40,40,100,60,70,50,50,60,5,-,CLOSED,15,CLOSED,5,10,15,30,15,15,15,15,5,5,CLOSED,-,25,CLOSED,15,15,15,CLOSED
20250730,17:45,90,40,40,40,100,50,70,50,30,70,10,5,CLOSED,15,CLOSED,5,5,15,20,10,10,15,15,5,5,CLOSED,-,10,CLOSED,5,15,15,CLOSED
20250730,18:15,90,30,30,40,90,60,60,50,60,-,10,15,CLOSED,20,CLOSED,5,15,15,40,15,15,15,15,5,5,CLOSED,-,15,CLOSED,10,15,10,CLOSED
20250730,18:45,90,30,30,40,100,60,60,50,70,-,-,-,CLOSED,15,CLOSED,-,15,15,30,15,-,15,15,5,5,CLOSED,-,15,CLOSED,10,15,10,CLOSED
20250730,19:15,80,30,40,40,100,70,70,50,40,-,-,-,CLOSED,15,CLOSED,-,15,15,30,15,-,15,15,5,5,CLOSED,-,15,CLOSED,5,15,10,CLOSED
20250730,19:45,60,20,25,30,70,60,60,40,30,40,-,-,CLOSED,20,CLOSED,-,10,15,-,15,-,15,15,5,5,CLOSED,-,5,CLOSED,5,10,5,CLOSED
20250730,20:15,50,10,15,30,50,50,40,30,15,50,-,-,CLOSED,20,CLOSED,-,5,15,10,10,-,15,5,5,5,CLOSED,-,5,CLOSED,5,10,5,CLOSED
20250730,20:45,-,5,10,-,-,-,25,15,15,-,-,-,CLOSED,15,CLOSED,-,5,15,5,5,-,-,5,5,5,CLOSED,-,5,CLOSED,5,5,5,CLOSED
20250730,21:15,-,-,-,-,-,-,-,-,-,-,-,-,CLOSED,-,CLOSED,-,-,-,-,-,-,-,-,-,-,CLOSED,-,-,CLOSED,-,-,-,CLOSED
20250730,21:45,-,-,-,-,-,-,-,-,-,-,-,-,CLOSED,-,CLOSED,-,-,-,-,-,-,-,-,-,-,CLOSED,-,-,CLOSED,-,-,-,CLOSED
20250731,07:15,-,-,-,-,-,-,-,-,-,-,-,-,CLOSED,-,CLOSED,-,-,-,-,-,-,-,-,-,-,CLOSED,-,-,CLOSED,-,-,-,CLOSED
20250731,07:45,-,-,-,-,-,-,-,-,-,-,-,-,CLOSED,-,CLOSED,-,-,-,-,-,-,-,-,-,-,CLOSED,-,-,CLOSED,-,-,-,CLOSED
20250731,08:15,-,-,-,-,-,-,-,-,-,-,-,-,CLOSED,-,CLOSED,-,-,-,-,-,-,-,-,-,-,CLOSED,-,-,CLOSED,-,-,-,CLOSED
20250731,08:45,-,-,-,-,-,-,-,-,-,-,-,-,CLOSED,-,CLOSED,-,-,-,-,-,-,-,-,-,-,CLOSED,-,-,CLOSED,-,-,-,CLOSED
20250731,09:15,50,5,5,15,70,5,30,5,5,15,5,-,CLOSED,20,CLOSED,-,5,15,-,5,5,-,5,5,-,CLOSED,-,5,CLOSED,5,5,5,CLOSED
20250731,09:45,120,30,20,30,120,60,70,20,20,70,25,-,CLOSED,15,CLOSED,-,5,15,-,5,5,-,5,5,-,CLOSED,-,5,CLOSED,5,5,5,CLOSED
20250731,10:15,140,80,60,50,140,70,90,80,70,80,30,-,CLOSED,20,CLOSED,-,20,15,-,5,5,15,15,5,5,CLOSED,-,10,CLOSED,5,10,10,CLOSED
20250731,10:45,140,60,60,50,120,60,80,80,70,90,20,-,CLOSED,15,CLOSED,-,15,20,-,5,5,15,20,5,5,CLOSED,-,20,CLOSED,15,20,15,CLOSED
20250731,11:15,120,80,50,40,120,70,70,70,60,80,10,-,CLOSED,15,CLOSED,-,10,15,40,5,5,15,20,5,5,CLOSED,-,30,CLOSED,20,25,15,CLOSED
20250731,11:45,100,60,50,40,90,70,50,-,70,100,10,-,CLOSED,15,CLOSED,-,15,20,50,10,10,15,10,5,5,CLOSED,-,25,CLOSED,20,15,15,CLOSED
20250731,12:15,100,50,50,40,100,60,90,-,70,100,15,-,CLOSED,15,CLOSED,5,15,15,-,15,5,15,20,5,5,CLOSED,-,25,CLOSED,20,25,20,CLOSED
20250731,12:45,120,50,40,30,120,70,70,-,80,100,10,-,CLOSED,15,CLOSED,5,15,20,-,10,5,15,20,5,5,CLOSED,-,15,CLOSED,20,30,25,CLOSED
20250731,13:15,120,40,50,50,90,70,70,-,80,120,5,-,CLOSED,15,CLOSED,5,20,15,40,15,15,15,20,5,5,CLOSED,-,15,CLOSED,25,30,25,CLOSED
20250731,13:45,100,40,50,40,90,70,80,100,70,100,15,-,CLOSED,15,CLOSED,5,15,15,40,10,15,15,15,5,5,CLOSED,-,15,CLOSED,20,30,25,CLOSED
20250731,14:15,100,60,50,40,80,60,70,140,70,80,20,-,CLOSED,15,CLOSED,5,15,15,70,5,20,15,15,5,5,CLOSED,-,20,CLOSED,20,25,20,CLOSED
20250731,14:45,120,40,60,40,90,60,80,120,70,140,10,-,CLOSED,15,CLOSED,5,20,15,70,15,20,15,20,5,5,CLOSED,-,20,CLOSED,25,25,20,CLOSED
20250731,15:15,90,40,60,40,120,70,80,-,90,100,10,5,CLOSED,15,CLOSED,5,15,15,90,20,20,15,15,5,5,CLOSED,-,20,CLOSED,20,30,20,CLOSED
20250731,15:45,100,40,40,40,120,80,80,-,100,100,15,5,CLOSED,15,CLOSED,5,15,30,-,20,15,15,20,5,5,CLOSED,-,40,CLOSED,20,30,25,CLOSED
20250731,16:15,120,50,40,50,120,80,100,30,90,140,15,5,CLOSED,20,CLOSED,5,15,15,-,15,20,15,15,5,5,CLOSED,-,30,CLOSED,15,30,25,CLOSED
20250731,16:45,100,40,50,50,90,70,90,180,70,140,10,10,CLOSED,15,CLOSED,5,15,15,70,20,20,15,20,5,5,CLOSED,-,15,CLOSED,15,25,25,CLOSED
20250731,17:15,140,40,40,40,100,70,70,140,70,140,5,10,CLOSED,15,CLOSED,5,10,15,90,15,20,15,20,5,5,CLOSED,-,25,CLOSED,15,15,20,CLOSED
20250731,17:45,120,30,40,40,120,70,70,120,70,90,15,10,CLOSED,15,CLOSED,5,15,15,40,15,10,15,15,5,5,CLOSED,-,25,CLOSED,15,25,20,CLOSED
20250731,18:15,80,40,40,40,90,70,90,120,70,100,15,20,CLOSED,15,CLOSED,5,15,15,50,15,10,15,15,5,5,CLOSED,-,15,CLOSED,10,25,20,CLOSED
20250731,18:45,80,30,30,40,100,60,80,100,50,90,-,-,CLOSED,15,CLOSED,-,20,15,50,20,-,15,20,5,5,CLOSED,-,20,CLOSED,10,10,10,CLOSED
20250731,19:15,90,40,40,40,80,80,70,100,60,70,-,-,CLOSED,15,CLOSED,-,10,15,40,15,-,15,20,5,5,CLOSED,-,25,CLOSED,10,15,10,CLOSED
20250731,19:45,70,30,25,40,70,60,50,60,50,50,-,-,CLOSED,15,CLOSED,-,5,15,20,15,-,15,10,5,5,CLOSED,-,15,CLOSED,5,10,10,CLOSED
20250731,20:15,60,15,15,25,60,50,50,50,20,40,-,-,CLOSED,15,CLOSED,-,5,15,30,15,-,15,10,5,5,CLOSED,-,5,CLOSED,5,5,5,CLOSED
20250731,20:45,-,15,10,30,40,-,40,-,20,20,-,-,CLOSED,20,CLOSED,-,5,15,5,15,-,-,5,5,5,CLOSED,-,5,CLOSED,5,5,5,CLOSED
20250731,21:15,-,-,-,-,-,-,-,-,-,-,-,-,CLOSED,-,CLOSED,-,-,-,-,-,-,-,-,-,-,CLOSED,-,-,CLOSED,-,-,-,CLOSED
20250731,21:45,-,-,-,-,-,-,-,-,-,-,-,-,CLOSED,-,CLOSED,-,-,-,-,-,-,-,-,-,-,CLOSED,-,-,CLOSED,-,-,-,CLOSED
20250802,07:15,-,-,-,-,-,-,-,-,-,-,-,-,CLOSED,-,CLOSED,-,-,-,-,-,-,-,-,-,-,CLOSED,-,-,CLOSED,-,-,-,CLOSED
20250802,07:45,-,-,-,-,-,-,-,-,-,-,-,-,CLOSED,-,CLOSED,-,-,-,-,-,-,-,-,-,-,CLOSED,-,-,CLOSED,-,-,-,CLOSED
20250802,08:15,-,-,-,-,-,-,-,-,-,-,-,-,CLOSED,-,CLOSED,-,-,-,-,-,-,-,-,-,-,CLOSED,-,-,CLOSED,-,-,-,CLOSED
20250802,08:45,-,-,-,-,-,-,-,-,-,-,-,-,CLOSED,-,CLOSED,-,-,-,-,-,-,-,-,-,-,CLOSED,-,-,CLOSED,-,-,-,CLOSED
20250802,09:15,25,-,10,20,50,10,40,5,5,20,5,-,CLOSED,15,CLOSED,-,5,15,-,5,5,-,5,5,-,CLOSED,-,5,CLOSED,5,5,5,CLOSED
20250802,09:45,120,-,30,40,140,50,80,20,15,50,25,-,CLOSED,15,CLOSED,-,5,15,5,5,5,-,5,5,-,CLOSED,-,5,CLOSED,5,5,5,CLOSED
20250802,10:15,140,60,-,60,140,80,70,80,80,-,25,-,CLOSED,15,CLOSED,-,20,15,20,5,5,5,10,5,5,CLOSED,-,10,CLOSED,5,10,10,CLOSED
20250802,10:45,140,120,-,60,90,90,90,80,80,-,20,-,CLOSED,20,CLOSED,-,15,15,40,5,5,15,20,5,5,CLOSED,-,25,CLOSED,10,25,15,CLOSED
20250802,11:15,120,50,70,40,80,80,90,-,90,-,5,-,CLOSED,20,CLOSED,-,10,15,40,5,5,15,15,5,5,CLOSED,-,25,CLOSED,15,10,15,CLOSED
20250802,11:45,100,50,50,40,100,50,90,-,60,70,5,-,CLOSED,15,CLOSED,-,15,15,50,5,5,15,15,5,5,CLOSED,-,15,CLOSED,15,20,15,CLOSED
20250802,12:15,90,60,40,40,90,60,50,-,50,80,10,-,CLOSED,15,CLOSED,5,15,15,50,5,5,15,10,5,5,CLOSED,-,15,CLOSED,15,15,15,CLOSED
20250802,12:45,100,50,50,40,60,50,50,90,50,90,5,-,CLOSED,20,CLOSED,5,5,15,50,5,5,15,15,5,5,CLOSED,-,15,CLOSED,10,10,15,CLOSED
20250802,13:15,100,40,40,40,80,50,70,90,40,70,5,-,CLOSED,15,CLOSED,5,15,15,60,20,20,15,15,5,5,CLOSED,-,10,CLOSED,10,15,15,CLOSED
20250802,13:45,90,40,40,40,100,60,70,90,40,40,10,-,CLOSED,15,CLOSED,5,10,15,50,15,10,15,15,5,5,CLOSED,-,15,CLOSED,10,20,10,CLOSED
20250802,14:15,100,40,50,40,100,70,60,50,40,90,10,-,CLOSED,15,CLOSED,5,5,15,40,5,5,15,15,5,5,CLOSED,-,15,CLOSED,10,15,10,CLOSED
20250802,14:45,90,40,50,40,100,40,60,80,50,70,15,-,CLOSED,15,CLOSED,5,20,15,40,15,15,15,10,5,5,CLOSED,-,15,CLOSED,15,15,20,CLOSED
20250802,15:15,100,40,50,40,120,40,80,70,60,70,10,5,CLOSED,20,CLOSED,5,15,15,60,15,20,15,15,5,5,CLOSED,-,15,CLOSED,15,20,15,CLOSED
20250802,15:45,100,40,40,40,70,40,80,80,40,70,15,20,CLOSED,20,CLOSED,5,15,15,60,15,15,15,5,5,5,CLOSED,-,15,CLOSED,15,20,15,CLOSED
20250802,16:15,100,60,40,60,120,50,70,40,40,70,10,15,CLOSED,20,CLOSED,5,15,15,60,15,15,15,20,5,5,CLOSED,-,10,CLOSED,15,20,10,CLOSED
20250802,16:45,90,40,50,-,90,40,60,70,50,60,20,20,CLOSED,20,CLOSED,5,15,15,60,20,15,15,20,5,5,CLOSED,-,15,CLOSED,15,20,10,CLOSED
20250802,17:15,100,30,40,40,80,40,70,70,40,50,10,15,CLOSED,20,CLOSED,5,5,15,30,15,15,15,5,5,5,CLOSED,-,10,CLOSED,10,20,10,CLOSED
20250802,17:45,100,40,40,50,120,40,80,60,40,60,10,15,CLOSED,15,CLOSED,5,15,15,15,15,15,15,15,5,5,CLOSED,-,15,CLOSED,5,15,5,CLOSED
20250802,18:15,100,30,40,40,100,40,70,50,40,60,15,25,CLOSED,15,CLOSED,5,20,15,25,10,15,15,15,5,5,CLOSED,-,10,CLOSED,5,10,10,CLOSED
20250802,18:45,80,30,30,40,80,40,80,60,40,50,-,-,CLOSED,15,CLOSED,-,15,15,30,10,-,15,15,5,5,CLOSED,-,20,CLOSED,5,10,10,CLOSED
20250802,19:15,80,40,30,40,90,30,70,50,40,40,-,-,CLOSED,20,CLOSED,-,10,15,15,15,-,15,15,5,5,CLOSED,-,10,CLOSED,5,15,10,CLOSED
20250802,19:45,60,30,30,50,70,40,50,40,30,40,-,-,CLOSED,20,CLOSED,-,5,15,15,15,-,15,15,5,5,CLOSED,-,10,CLOSED,5,10,5,CLOSED
20250802,20:15,50,20,20,30,60,30,30,40,5,40,-,-,CLOSED,15,CLOSED,-,5,15,15,10,-,15,5,5,5,CLOSED,-,5,CLOSED,5,5,5,CLOSED
20250802,20:45,-,10,10,-,-,30,40,-,15,20,-,-,CLOSED,25,CLOSED,-,5,15,5,5,-,-,5,5,5,CLOSED,-,5,CLOSED,5,5,5,CLOSED
20250802,21:15,-,-,-,-,-,-,-,-,-,-,-,-,CLOSED,-,CLOSED,-,-,-,-,-,-,-,-,-,-,CLOSED,-,-,CLOSED,-,-,-,CLOSED
20250802,21:45,-,-,-,-,-,-,-,-,-,-,-,-,CLOSED,-,CLOSED,-,-,-,-,-,-,-,-,-,-,CLOSED,-,-,CLOSED,-,-,-,CLOSED
20250803,07:15,-,-,-,-,-,-,-,-,-,-,-,-,CLOSED,-,CLOSED,-,-,-,-,-,-,-,-,-,-,CLOSED,-,-,CLOSED,-,-,-,CLOSED
20250803,07:45,-,-,-,-,-,-,-,-,-,-,-,-,CLOSED,-,CLOSED,-,-,-,-,-,-,-,-,-,-,CLOSED,-,-,CLOSED,-,-,-,CLOSED
20250803,08:15,-,-,-,-,-,-,-,-,-,-,-,-,CLOSED,-,CLOSED,-,-,-,-,-,-,-,-,-,-,CLOSED,-,-,CLOSED,-,-,-,CLOSED
20250803,08:45,-,-,-,-,-,-,-,-,-,-,-,-,CLOSED,-,CLOSED,-,-,-,-,-,-,-,-,-,-,CLOSED,-,-,CLOSED,-,-,-,CLOSED
20250803,09:15,40,10,-,20,70,20,40,5,5,20,5,-,CLOSED,20,CLOSED,-,5,15,5,5,5,-,5,5,-,CLOSED,-,5,CLOSED,5,5,5,CLOSED
20250803,09:45,140,50,-,40,120,60,90,40,30,60,20,-,CLOSED,20,CLOSED,-,5,15,5,5,5,-,5,5,-,CLOSED,-,5,CLOSED,5,5,5,CLOSED
20250803,10:15,140,50,50,40,100,70,80,60,40,90,25,-,CLOSED,20,CLOSED,-,20,15,40,5,5,15,5,5,5,CLOSED,-,5,CLOSED,5,10,10,CLOSED
20250803,10:45,90,60,70,40,90,60,60,50,50,60,15,-,CLOSED,20,CLOSED,-,15,15,40,5,5,15,5,5,5,CLOSED,-,15,CLOSED,10,10,10,CLOSED
20250803,11:15,90,60,40,40,70,60,60,50,40,60,5,-,CLOSED,20,CLOSED,-,15,15,40,5,5,15,10,5,5,CLOSED,-,15,CLOSED,10,10,10,CLOSED
20250803,11:45,90,30,50,25,70,50,40,50,40,60,5,-,CLOSED,15,CLOSED,-,20,15,30,10,5,15,10,5,5,CLOSED,-,15,CLOSED,10,20,15,CLOSED
20250803,12:15,90,40,40,30,80,50,50,40,40,60,5,-,CLOSED,15,CLOSED,5,10,15,50,10,5,15,10,5,5,CLOSED,-,10,CLOSED,10,15,15,CLOSED
20250803,12:45,90,30,40,40,80,30,40,50,50,60,5,-,CLOSED,20,CLOSED,5,5,15,40,5,5,15,5,5,5,CLOSED,-,10,CLOSED,10,15,15,CLOSED
20250803,13:15,90,40,50,30,70,50,60,50,40,50,5,-,CLOSED,20,CLOSED,5,20,15,40,15,5,15,5,5,5,CLOSED,-,10,CLOSED,15,15,10,CLOSED
20250803,13:45,90,30,40,30,70,40,50,40,40,50,10,-,CLOSED,15,CLOSED,5,10,15,40,10,10,15,5,5,5,CLOSED,-,10,CLOSED,10,15,15,CLOSED
20250803,14:15,90,30,40,40,80,30,40,40,40,60,10,-,CLOSED,15,CLOSED,5,10,15,30,10,10,15,5,5,5,CLOSED,-,10,CLOSED,10,20,15,CLOSED
20250803,14:45,90,30,40,30,80,40,70,50,40,60,10,-,CLOSED,15,CLOSED,5,15,15,-,15,15,15,5,5,5,CLOSED,-,5,CLOSED,15,20,15,CLOSED
20250803,15:15,90,30,50,40,80,50,60,60,30,70,20,5,CLOSED,15,CLOSED,5,15,15,-,20,20,15,5,5,5,CLOSED,-,15,CLOSED,15,20,20,CLOSED
20250803,15:45,100,30,40,30,90,40,60,50,50,60,20,-,CLOSED,15,CLOSED,10,10,15,80,15,20,15,5,5,5,CLOSED,-,15,CLOSED,20,25,20,CLOSED
20250803,16:15,80,30,50,30,80,50,70,50,40,70,10,5,CLOSED,15,CLOSED,10,15,15,60,10,10,15,5,5,5,CLOSED,-,5,CLOSED,10,25,20,CLOSED
20250803,16:45,80,30,40,50,80,40,60,50,50,50,15,5,CLOSED,15,CLOSED,5,20,20,40,15,20,15,10,5,5,CLOSED,-,15,CLOSED,15,20,15,CLOSED
20250803,17:15,90,25,30,30,90,40,60,50,50,50,15,-,CLOSED,15,CLOSED,5,10,15,50,15,15,15,5,5,5,CLOSED,-,10,CLOSED,5,20,10,CLOSED
20250803,17:45,100,30,30,40,80,40,60,40,50,50,15,15,CLOSED,15,CLOSED,5,10,15,10,10,15,15,10,5,5,CLOSED,-,15,CLOSED,5,10,15,CLOSED
20250803,18:15,90,30,40,40,80,50,70,50,40,50,10,30,CLOSED,20,CLOSED,5,15,15,30,10,20,15,10,5,5,CLOSED,-,15,CLOSED,5,10,5,CLOSED
20250803,18:45,70,30,-,50,100,40,60,50,50,40,-,-,CLOSED,20,CLOSED,-,10,15,30,20,-,15,20,5,5,CLOSED,-,10,CLOSED,5,15,5,CLOSED
20250803,19:15,80,30,-,30,80,50,60,40,40,40,-,-,CLOSED,20,CLOSED,-,10,15,30,15,-,15,10,5,5,CLOSED,-,5,CLOSED,5,10,10,CLOSED
20250803,19:45,70,15,20,30,60,40,60,40,15,40,-,-,CLOSED,20,CLOSED,-,5,15,15,15,-,15,10,5,5,CLOSED,-,5,CLOSED,5,10,5,CLOSED
20250803,20:15,40,15,15,25,60,40,40,30,15,40,-,-,CLOSED,20,CLOSED,-,5,15,10,10,-,15,5,5,5,CLOSED,-,5,CLOSED,5,5,5,CLOSED
20250803,20:45,30,5,10,20,-,30,40,10,5,20,-,-,CLOSED,25,CLOSED,-,5,15,5,5,-,-,5,5,5,CLOSED,-,5,CLOSED,5,5,5,CLOSED
20250803,21:15,-,-,-,-,-,-,-,-,-,-,-,-,CLOSED,-,CLOSED,-,-,-,-,-,-,-,-,-,-,CLOSED,-,-,CLOSED,-,-,-,CLOSED
20250803,21:45,-,-,-,-,-,-,-,-,-,-,-,-,CLOSED,-,CLOSED,-,-,-,-,-,-,-,-,-,-,CLOSED,-,-,CLOSED,-,-,-,CLOSED
20250804,07:15,-,-,-,-,-,-,-,-,-,-,-,-,CLOSED,-,CLOSED,-,-,-,-,-,-,-,-,-,-,CLOSED,-,-,CLOSED,-,-,-,CLOSED
20250804,07:45,-,-,-,-,-,-,-,-,-,-,-,-,CLOSED,-,CLOSED,-,-,-,-,-,-,-,-,-,-,CLOSED,-,-,CLOSED,-,-,-,CLOSED
20250804,08:15,-,-,-,-,-,-,-,-,-,-,-,-,CLOSED,-,CLOSED,-,-,-,-,-,-,-,-,-,-,CLOSED,-,-,CLOSED,-,-,-,CLOSED
20250804,08:45,-,-,-,-,-,-,-,-,-,-,-,-,CLOSED,-,CLOSED,-,-,-,-,-,-,-,-,-,-,CLOSED,-,-,CLOSED,-,-,-,CLOSED
20250804,09:15,70,5,5,15,90,10,40,5,5,25,5,-,CLOSED,20,CLOSED,-,5,15,5,5,5,-,5,5,-,CLOSED,-,5,CLOSED,5,5,5,CLOSED
20250804,09:45,90,50,30,40,120,60,80,50,15,80,30,-,CLOSED,20,CLOSED,-,10,15,10,5,5,-,5,5,-,CLOSED,-,5,CLOSED,5,5,5,CLOSED
20250804,10:15,140,80,70,60,120,80,80,70,70,80,30,-,CLOSED,20,CLOSED,-,25,15,40,5,5,15,5,5,5,CLOSED,-,10,CLOSED,5,15,10,CLOSED
20250804,10:45,120,70,60,50,90,70,70,70,70,80,20,-,CLOSED,20,CLOSED,-,20,30,40,5,5,15,10,5,5,CLOSED,-,20,CLOSED,20,20,15,CLOSED
20250804,11:15,120,60,50,60,100,70,80,70,70,80,20,-,CLOSED,15,CLOSED,-,10,15,40,5,5,15,15,5,5,CLOSED,-,20,CLOSED,20,25,20,CLOSED
20250804,11:45,100,40,50,30,120,70,60,60,70,100,10,-,CLOSED,15,CLOSED,-,25,15,40,15,5,15,15,5,5,CLOSED,-,20,CLOSED,20,25,20,CLOSED
20250804,12:15,100,40,50,30,80,70,60,70,40,120,10,-,CLOSED,15,CLOSED,5,15,15,-,15,5,15,15,5,5,CLOSED,-,30,CLOSED,15,25,20,CLOSED
20250804,12:45,90,50,40,40,80,70,70,70,60,120,5,-,CLOSED,15,CLOSED,5,15,15,-,15,5,15,15,5,5,CLOSED,-,20,CLOSED,25,25,20,CLOSED
20250804,13:15,90,40,50,40,120,70,70,70,60,120,5,-,CLOSED,15,CLOSED,5,20,15,-,10,5,15,15,5,5,CLOSED,-,25,CLOSED,15,25,20,CLOSED
20250804,13:45,100,40,50,40,100,70,80,80,70,140,5,-,CLOSED,20,CLOSED,5,15,15,60,10,10,15,15,5,5,CLOSED,-,15,CLOSED,20,25,20,CLOSED
20250804,14:15,120,40,60,40,90,70,70,70,70,120,5,-,CLOSED,20,CLOSED,5,15,15,50,10,5,15,10,5,5,CLOSED,-,20,CLOSED,20,25,20,CLOSED
20250804,14:45,100,50,50,40,100,80,90,70,70,120,10,-,CLOSED,15,CLOSED,5,20,15,70,15,20,15,15,10,5,CLOSED,-,20,CLOSED,15,30,20,CLOSED
20250804,15:15,100,40,50,40,100,90,90,70,70,120,15,-,CLOSED,20,CLOSED,5,15,15,80,20,20,15,15,5,5,CLOSED,-,30,CLOSED,20,25,25,CLOSED
20250804,15:45,120,40,40,50,100,90,90,80,70,80,20,-,CLOSED,15,CLOSED,5,15,15,80,15,15,15,20,5,5,CLOSED,-,20,CLOSED,20,25,20,CLOSED
20250804,16:15,120,40,50,40,100,80,100,70,70,100,15,-,CLOSED,15,CLOSED,5,15,15,90,15,20,15,15,5,5,CLOSED,-,25,CLOSED,15,30,20,CLOSED
20250804,16:45,120,50,40,50,120,80,90,70,80,120,15,-,CLOSED,20,CLOSED,5,25,15,90,15,20,15,20,5,5,CLOSED,-,25,CLOSED,20,25,25,CLOSED
20250804,17:15,100,40,40,40,120,80,90,70,70,120,10,5,CLOSED,20,CLOSED,5,15,15,-,15,15,15,20,5,5,CLOSED,-,20,CLOSED,10,20,20,CLOSED
20250804,17:45,100,50,30,40,120,70,90,80,70,90,15,15,CLOSED,20,CLOSED,5,15,15,-,15,10,15,20,5,5,CLOSED,-,25,CLOSED,10,20,15,CLOSED
20250804,18:15,120,40,40,50,100,70,70,70,70,-,15,30,CLOSED,20,CLOSED,5,15,15,25,10,-,15,10,5,5,CLOSED,-,15,CLOSED,10,15,15,CLOSED
20250804,18:45,90,40,40,40,100,100,80,70,70,-,-,-,CLOSED,15,CLOSED,-,20,15,40,20,-,15,15,5,5,CLOSED,-,20,CLOSED,10,15,15,CLOSED
20250804,19:15,80,30,30,40,90,90,80,70,90,-,-,-,CLOSED,15,CLOSED,-,10,15,40,15,-,15,15,5,5,CLOSED,-,25,CLOSED,10,15,15,CLOSED
20250804,19:45,80,30,25,30,70,70,70,60,20,-,-,-,CLOSED,20,CLOSED,-,5,15,30,15,-,15,15,5,5,CLOSED,-,15,CLOSED,5,15,10,CLOSED
20250804,20:15,50,20,15,40,60,60,50,30,20,50,-,-,CLOSED,15,CLOSED,-,5,15,10,15,-,15,10,5,5,CLOSED,-,10,CLOSED,5,10,5,CLOSED
20250804,20:45,-,20,10,-,-,-,30,-,20,-,-,-,CLOSED,15,CLOSED,-,5,15,5,5,-,-,5,5,5,CLOSED,-,10,CLOSED,5,5,5,CLOSED
20250804,21:15,-,-,-,-,-,-,-,-,-,-,-,-,CLOSED,-,CLOSED,-,-,-,-,-,-,-,-,-,-,CLOSED,-,-,CLOSED,-,-,-,CLOSED
20250804,21:45,-,-,-,-,-,-,-,-,-,-,-,-,CLOSED,-,CLOSED,-,-,-,-,-,-,-,-,-,-,CLOSED,-,-,CLOSED,-,-,-,CLOSED
20250805,07:15,-,-,-,-,-,-,-,-,-,-,-,-,CLOSED,-,CLOSED,-,-,-,-,-,-,-,-,-,-,CLOSED,-,-,CLOSED,-,-,-,CLOSED
20250805,07:45,-,-,-,-,-,-,-,-,-,-,-,-,CLOSED,-,CLOSED,-,-,-,-,-,-,-,-,-,-,CLOSED,-,-,CLOSED,-,-,-,CLOSED
20250805,08:15,-,-,-,-,-,-,-,-,-,-,-,-,CLOSED,-,CLOSED,-,-,-,-,-,-,-,-,-,-,CLOSED,-,-,CLOSED,-,-,-,CLOSED
20250805,08:45,-,-,-,-,-,-,-,-,-,-,-,-,CLOSED,-,CLOSED,-,-,-,-,-,-,-,-,-,-,CLOSED,-,-,CLOSED,-,-,-,CLOSED
20250805,09:15,80,10,5,5,140,30,50,5,5,-,5,-,CLOSED,10,CLOSED,-,5,15,5,5,5,-,5,5,-,CLOSED,-,5,CLOSED,5,5,5,CLOSED
20250805,09:45,120,60,30,40,180,80,120,40,30,40,25,-,CLOSED,20,CLOSED,-,10,15,5,5,5,-,5,5,-,CLOSED,-,5,CLOSED,5,5,5,CLOSED
20250805,10:15,100,60,60,40,300,90,100,80,70,180,25,-,CLOSED,20,CLOSED,-,20,15,30,5,5,15,5,5,5,CLOSED,-,15,CLOSED,5,10,5,CLOSED
20250805,10:45,120,60,60,40,280,90,80,80,60,140,15,-,CLOSED,20,CLOSED,-,15,15,50,10,5,15,15,5,5,CLOSED,-,10,CLOSED,10,15,10,CLOSED
20250805,11:15,120,60,60,40,240,70,50,70,60,120,5,-,CLOSED,15,CLOSED,-,15,15,50,5,5,15,15,5,5,CLOSED,-,30,CLOSED,20,25,20,CLOSED
20250805,11:45,100,60,60,40,120,50,60,70,60,100,5,-,CLOSED,15,CLOSED,-,20,15,50,10,5,15,15,5,5,CLOSED,-,20,CLOSED,20,25,15,CLOSED
20250805,12:15,100,50,50,40,50,70,70,80,50,90,5,-,CLOSED,15,CLOSED,5,10,15,-,15,5,15,15,5,5,CLOSED,-,15,CLOSED,20,25,20,CLOSED
20250805,12:45,90,40,50,40,160,50,60,60,60,120,5,-,CLOSED,15,CLOSED,5,5,15,-,10,5,15,5,5,5,CLOSED,-,15,CLOSED,15,25,20,CLOSED
20250805,13:15,100,40,40,30,100,80,80,60,60,140,5,-,CLOSED,15,CLOSED,5,25,15,60,15,10,15,15,5,5,CLOSED,-,25,CLOSED,20,25,20,CLOSED
20250805,13:45,100,50,40,40,90,70,80,70,60,120,10,-,CLOSED,20,CLOSED,5,15,15,70,15,5,15,10,5,5,CLOSED,-,10,CLOSED,15,25,15,CLOSED
20250805,14:15,100,50,50,40,100,50,80,70,60,120,5,-,CLOSED,15,CLOSED,5,10,15,60,5,15,15,10,5,5,CLOSED,-,20,CLOSED,20,25,20,CLOSED
20250805,14:45,120,40,50,40,80,70,70,60,60,90,10,-,CLOSED,20,CLOSED,5,20,15,60,15,20,15,10,10,5,CLOSED,-,20,CLOSED,20,30,20,CLOSED
20250805,15:15,100,50,50,40,120,70,70,70,70,90,15,-,CLOSED,20,CLOSED,5,10,15,50,15,15,15,15,10,5,CLOSED,-,15,CLOSED,20,30,20,CLOSED
20250805,15:45,100,40,50,40,140,70,80,70,50,100,15,-,CLOSED,15,CLOSED,5,20,15,60,15,5,15,15,5,5,CLOSED,-,20,CLOSED,20,25,20,CLOSED
20250805,16:15,120,50,50,40,120,50,70,60,60,100,10,-,CLOSED,15,CLOSED,5,10,15,60,15,15,15,10,5,5,CLOSED,-,20,CLOSED,20,25,20,CLOSED
20250805,16:45,100,50,50,40,100,60,70,60,60,120,20,-,CLOSED,15,CLOSED,5,20,20,40,20,20,15,15,5,5,CLOSED,-,20,CLOSED,10,25,20,CLOSED
20250805,17:15,90,30,30,40,120,80,80,60,60,100,15,-,CLOSED,15,CLOSED,5,10,15,40,15,15,15,15,5,5,CLOSED,-,20,CLOSED,10,20,15,CLOSED
20250805,17:45,90,40,40,40,120,70,80,60,60,90,15,10,CLOSED,15,CLOSED,5,5,15,40,10,10,15,15,5,5,CLOSED,-,15,CLOSED,15,20,15,CLOSED
20250805,18:15,100,30,30,40,120,70,90,60,50,90,10,20,CLOSED,15,CLOSED,5,15,15,30,10,10,15,15,5,5,CLOSED,-,15,CLOSED,5,10,10,CLOSED
20250805,18:45,90,40,30,40,100,60,80,60,40,70,15,40,CLOSED,15,CLOSED,-,15,15,30,15,20,15,15,5,5,CLOSED,-,15,CLOSED,5,10,5,CLOSED
20250805,19:15,70,30,30,40,90,60,60,50,60,70,10,30,CLOSED,15,CLOSED,-,10,15,25,15,25,15,15,5,5,CLOSED,-,15,CLOSED,5,10,10,CLOSED
20250805,19:45,70,25,25,40,80,60,50,50,25,60,10,30,CLOSED,15,CLOSED,-,5,15,25,20,10,15,10,5,5,CLOSED,-,10,CLOSED,5,10,5,CLOSED
20250805,20:15,-,25,25,30,80,60,80,40,25,-,5,30,CLOSED,15,CLOSED,-,5,15,25,10,10,15,10,5,5,CLOSED,-,10,CLOSED,5,10,5,CLOSED
20250805,20:45,-,15,20,-,-,-,-,-,-,-,5,-,CLOSED,20,CLOSED,-,5,15,25,10,-,-,10,5,5,CLOSED,-,10,CLOSED,5,5,5,CLOSED
20250805,21:15,-,-,-,-,-,-,-,-,-,-,-,-,CLOSED,-,CLOSED,-,-,-,-,-,-,-,-,-,-,CLOSED,-,-,CLOSED,-,-,-,CLOSED
20250805,21:45,-,-,-,-,-,-,-,-,-,-,-,-,CLOSED,-,CLOSED,-,-,-,-,-,-,-,-,-,-,CLOSED,-,-,CLOSED,-,-,-,CLOSED
20250806,07:15,-,-,-,-,-,-,-,-,-,-,-,-,CLOSED,-,CLOSED,-,-,-,-,-,-,-,-,-,-,CLOSED,-,-,CLOSED,-,-,-,CLOSED
20250806,07:45,-,-,-,-,-,-,-,-,-,-,-,-,CLOSED,-,CLOSED,-,-,-,-,-,-,-,-,-,-,CLOSED,-,-,CLOSED,-,-,-,CLOSED
20250806,08:15,-,-,-,-,-,-,-,-,-,-,-,-,CLOSED,-,CLOSED,-,-,-,-,-,-,-,-,-,-,CLOSED,-,-,CLOSED,-,-,-,CLOSED
20250806,08:45,-,-,-,-,-,-,-,-,-,-,-,-,CLOSED,-,CLOSED,-,-,-,-,-,-,-,-,-,-,CLOSED,-,-,CLOSED,-,-,-,CLOSED
20250806,09:15,60,10,5,5,120,20,50,5,5,50,5,-,CLOSED,20,CLOSED,-,5,15,5,5,5,-,5,5,-,CLOSED,-,5,CLOSED,5,5,5,CLOSED
20250806,09:45,100,-,40,30,120,60,90,30,10,80,20,-,CLOSED,20,CLOSED,-,5,15,5,5,5,-,5,5,-,CLOSED,-,5,CLOSED,5,5,5,CLOSED
20250806,10:15,140,-,40,50,120,70,80,70,70,80,25,-,CLOSED,20,CLOSED,-,20,15,50,5,5,5,5,5,5,CLOSED,-,5,CLOSED,5,10,5,CLOSED
20250806,10:45,140,-,60,40,120,70,100,70,40,80,15,-,CLOSED,25,CLOSED,-,15,20,25,5,5,15,15,5,5,CLOSED,-,20,CLOSED,15,20,10,CLOSED
20250806,11:15,120,5,50,40,120,60,60,60,50,90,5,-,CLOSED,20,CLOSED,-,15,15,50,5,5,15,10,10,5,CLOSED,-,20,CLOSED,15,15,15,CLOSED
20250806,11:45,90,60,40,40,80,80,60,50,50,80,5,-,CLOSED,20,CLOSED,-,15,15,40,10,5,15,15,10,5,CLOSED,-,15,CLOSED,15,20,20,CLOSED
20250806,12:15,80,50,50,40,80,70,50,50,50,90,5,-,CLOSED,15,CLOSED,5,15,15,50,10,5,15,5,10,5,CLOSED,-,10,CLOSED,20,25,20,CLOSED
20250806,12:45,90,60,60,30,90,70,70,50,50,80,5,-,CLOSED,15,CLOSED,5,10,20,-,5,5,15,5,10,5,CLOSED,-,10,CLOSED,20,20,15,CLOSED
20250806,13:15,100,50,-,40,90,50,70,60,50,80,5,-,CLOSED,15,CLOSED,5,25,15,-,15,10,15,15,10,5,CLOSED,-,20,CLOSED,15,25,20,CLOSED
20250806,13:45,100,40,-,30,100,50,70,70,60,120,5,-,CLOSED,15,CLOSED,5,10,15,-,10,5,15,15,10,5,CLOSED,-,10,CLOSED,25,25,20,CLOSED
20250806,14:15,100,40,-,40,90,60,70,60,60,120,5,-,CLOSED,15,CLOSED,5,5,15,50,10,5,15,10,10,5,CLOSED,-,15,CLOSED,20,30,20,CLOSED
20250806,14:45,120,50,-,40,100,70,70,60,60,100,5,-,CLOSED,15,CLOSED,5,15,15,60,15,15,15,15,10,5,CLOSED,-,20,CLOSED,25,30,20,CLOSED
20250806,15:15,100,40,-,50,100,60,90,60,50,90,5,-,CLOSED,15,CLOSED,5,15,15,80,15,15,15,5,10,5,CLOSED,-,15,CLOSED,20,30,20,CLOSED
20250806,15:45,90,40,40,40,100,70,70,70,60,100,15,-,CLOSED,20,CLOSED,5,10,15,70,10,10,15,10,10,5,CLOSED,-,20,CLOSED,15,20,20,CLOSED
20250806,16:15,100,40,60,40,100,60,80,80,60,100,10,-,CLOSED,20,CLOSED,5,10,15,60,5,15,15,15,10,5,CLOSED,-,15,CLOSED,20,25,25,CLOSED
20250806,16:45,90,40,60,40,120,60,80,60,50,100,5,-,CLOSED,20,CLOSED,5,15,15,50,15,10,15,10,5,5,CLOSED,-,15,CLOSED,15,25,15,CLOSED
20250806,17:15,90,30,60,40,90,60,80,60,50,80,15,-,CLOSED,20,CLOSED,5,5,15,40,15,15,15,10,5,5,CLOSED,-,15,CLOSED,10,15,15,CLOSED
20250806,17:45,90,40,50,40,100,50,60,50,50,70,5,-,CLOSED,15,CLOSED,5,10,15,30,10,15,15,10,5,5,CLOSED,-,15,CLOSED,5,15,15,CLOSED
20250806,18:15,80,30,40,30,100,60,80,50,60,70,10,-,CLOSED,15,CLOSED,5,10,15,30,5,15,15,15,5,5,CLOSED,-,20,CLOSED,5,15,15,CLOSED
20250806,18:45,80,30,40,40,100,50,60,60,50,70,15,10,CLOSED,15,CLOSED,-,10,15,30,10,10,15,10,5,5,CLOSED,-,10,CLOSED,5,15,10,CLOSED
20250806,19:15,70,40,40,30,90,70,60,50,40,70,5,15,CLOSED,15,CLOSED,-,10,15,20,15,5,15,10,5,5,CLOSED,-,10,CLOSED,5,10,15,CLOSED
20250806,19:45,70,25,30,40,10,60,50,40,30,50,5,15,CLOSED,15,CLOSED,-,5,15,15,10,15,15,15,5,5,CLOSED,-,5,CLOSED,5,10,5,CLOSED
20250806,20:15,70,25,30,30,10,70,60,30,25,50,5,25,CLOSED,15,CLOSED,-,5,15,20,15,20,15,5,5,5,CLOSED,-,5,CLOSED,5,5,5,CLOSED
20250806,20:45,-,10,10,-,-,-,40,-,20,-,5,-,CLOSED,20,CLOSED,-,5,15,10,5,10,-,5,5,5,CLOSED,-,5,CLOSED,5,5,5,CLOSED
20250806,21:15,-,-,-,-,-,-,-,-,-,-,-,-,CLOSED,-,CLOSED,-,-,-,-,-,-,-,-,-,-,CLOSED,-,-,CLOSED,-,-,-,CLOSED
20250806,21:45,-,-,-,-,-,-,-,-,-,-,-,-,CLOSED,-,CLOSED,-,-,-,-,-,-,-,-,-,-,CLOSED,-,-,CLOSED,-,-,-,CLOSED
20250807,07:15,-,-,-,-,-,-,-,-,-,-,-,-,CLOSED,-,CLOSED,-,-,-,-,-,-,-,-,-,-,CLOSED,-,-,CLOSED,-,-,-,CLOSED
20250807,07:45,-,-,-,-,-,-,-,-,-,-,-,-,CLOSED,-,CLOSED,-,-,-,-,-,-,-,-,-,-,CLOSED,-,-,CLOSED,-,-,-,CLOSED
20250807,08:15,-,-,-,-,-,-,-,-,-,-,-,-,CLOSED,-,CLOSED,-,-,-,-,-,-,-,-,-,-,CLOSED,-,-,CLOSED,-,-,-,CLOSED
20250807,08:45,-,-,-,-,-,-,-,-,-,-,-,-,CLOSED,-,CLOSED,-,-,-,-,-,-,-,-,-,-,CLOSED,-,-,CLOSED,-,-,-,CLOSED
20250807,09:15,45,5,5,10,60,15,40,5,5,30,5,-,CLOSED,15,CLOSED,-,5,15,5,5,5,-,5,5,-,CLOSED,-,5,CLOSED,5,5,5,CLOSED
20250807,09:45,140,40,30,30,140,70,70,60,40,80,25,-,CLOSED,20,CLOSED,-,5,15,5,5,5,-,5,5,-,CLOSED,-,5,CLOSED,5,5,5,CLOSED
20250807,10:15,160,70,50,50,140,80,90,60,70,70,25,-,CLOSED,20,CLOSED,-,25,15,40,5,5,5,15,5,5,CLOSED,-,20,CLOSED,10,10,10,CLOSED
20250807,10:45,140,60,70,50,120,80,90,70,60,90,15,-,CLOSED,20,CLOSED,-,15,20,30,5,5,5,25,5,5,CLOSED,-,20,CLOSED,20,20,10,CLOSED
20250807,11:15,140,50,60,50,120,70,70,80,60,90,5,-,CLOSED,20,CLOSED,-,10,15,50,5,5,15,15,5,5,CLOSED,-,30,CLOSED,20,20,15,CLOSED
20250807,11:45,120,50,60,40,90,60,60,60,60,80,10,-,CLOSED,20,CLOSED,-,20,15,40,5,5,15,20,5,5,CLOSED,-,15,CLOSED,15,20,20,CLOSED
20250807,12:15,100,40,50,40,80,60,60,70,60,70,10,-,CLOSED,20,CLOSED,5,10,15,40,10,5,15,20,5,5,CLOSED,-,30,CLOSED,20,20,20,CLOSED
20250807,12:45,100,40,50,40,120,80,60,70,60,100,5,-,CLOSED,15,CLOSED,5,10,20,-,5,5,15,20,5,5,CLOSED,-,25,CLOSED,15,20,10,CLOSED
20250807,13:15,120,40,40,40,120,80,90,70,60,140,5,-,CLOSED,15,CLOSED,5,20,15,-,15,10,15,15,5,5,CLOSED,-,25,CLOSED,20,20,20,CLOSED
20250807,13:45,120,40,50,40,90,70,90,70,60,140,5,-,CLOSED,20,CLOSED,5,15,15,50,10,5,15,20,5,5,CLOSED,-,25,CLOSED,15,30,20,CLOSED
20250807,14:15,120,50,50,50,120,70,70,60,70,90,5,-,CLOSED,20,CLOSED,5,15,15,40,5,10,15,20,5,5,CLOSED,-,25,CLOSED,20,20,20,CLOSED
20250807,14:45,100,40,-,40,120,70,80,70,70,80,5,-,CLOSED,15,CLOSED,5,15,15,50,15,20,15,15,5,5,CLOSED,-,15,CLOSED,20,30,25,CLOSED
20250807,15:15,100,40,50,40,100,70,80,70,70,90,15,-,CLOSED,20,CLOSED,5,15,15,90,20,15,15,20,5,5,CLOSED,-,25,CLOSED,20,30,20,CLOSED
20250807,15:45,120,40,50,40,100,80,80,80,70,120,15,-,CLOSED,20,CLOSED,5,15,15,90,15,20,15,15,5,-,CLOSED,-,25,CLOSED,20,25,20,CLOSED
20250807,16:15,120,40,50,40,120,80,70,70,60,100,15,-,CLOSED,20,CLOSED,5,10,15,60,15,5,15,15,5,-,CLOSED,-,25,CLOSED,20,25,25,CLOSED
20250807,16:45,100,40,50,40,120,80,80,-,100,90,10,-,CLOSED,20,CLOSED,5,20,15,40,20,20,15,25,5,-,CLOSED,-,25,CLOSED,20,25,25,CLOSED
20250807,17:15,120,40,40,50,100,70,100,-,100,90,15,-,CLOSED,15,CLOSED,5,10,15,30,15,15,15,25,5,-,CLOSED,-,25,CLOSED,20,30,20,CLOSED
20250807,17:45,-,40,50,40,100,80,90,50,90,100,10,5,CLOSED,15,CLOSED,5,10,15,30,5,15,15,20,5,-,CLOSED,-,25,CLOSED,15,30,10,CLOSED
20250807,18:15,-,40,40,50,120,60,90,120,70,120,15,30,CLOSED,15,CLOSED,5,20,15,30,10,15,15,20,5,-,CLOSED,-,25,CLOSED,10,20,15,CLOSED
20250807,18:45,-,40,40,40,100,80,80,100,70,100,-,-,CLOSED,15,CLOSED,-,20,15,40,25,-,15,15,5,-,CLOSED,-,25,CLOSED,10,20,20,CLOSED
20250807,19:15,-,30,40,40,90,70,80,90,60,80,-,-,CLOSED,20,CLOSED,-,10,15,30,15,-,15,30,5,-,CLOSED,-,15,CLOSED,15,15,20,CLOSED
20250807,19:45,-,30,30,40,90,70,70,80,30,70,-,-,CLOSED,20,CLOSED,-,5,15,15,15,-,15,20,5,-,CLOSED,-,20,CLOSED,5,15,15,CLOSED
20250807,20:15,-,20,20,30,70,70,60,-,30,60,-,-,CLOSED,15,CLOSED,-,5,15,15,15,-,15,15,5,-,CLOSED,-,5,CLOSED,5,10,5,CLOSED
20250807,20:45,-,10,10,25,-,50,30,-,15,30,-,-,CLOSED,15,CLOSED,-,5,15,10,10,-,-,5,5,-,CLOSED,-,5,CLOSED,5,5,5,CLOSED
20250807,21:15,-,-,-,-,-,-,-,-,-,-,-,-,CLOSED,-,CLOSED,-,-,-,-,-,-,-,-,-,-,CLOSED,-,-,CLOSED,-,-,-,CLOSED
20250807,21:45,-,-,-,-,-,-,-,-,-,-,-,-,CLOSED,-,CLOSED,-,-,-,-,-,-,-,-,-,-,CLOSED,-,-,CLOSED,-,-,-,CLOSED
20250808,07:15,-,-,-,-,-,-,-,-,-,-,-,-,CLOSED,-,CLOSED,-,-,-,-,-,-,-,-,-,-,CLOSED,-,-,CLOSED,-,-,-,CLOSED
20250808,07:45,-,-,-,-,-,-,-,-,-,-,-,-,CLOSED,-,CLOSED,-,-,-,-,-,-,-,-,-,-,CLOSED,-,-,CLOSED,-,-,-,CLOSED
20250808,08:15,-,-,-,-,-,-,-,-,-,-,-,-,CLOSED,-,CLOSED,-,-,-,-,-,-,-,-,-,-,CLOSED,-,-,CLOSED,-,-,-,CLOSED
20250808,08:45,-,-,-,-,-,-,-,-,-,-,-,-,CLOSED,-,CLOSED,-,-,-,-,-,-,-,-,-,-,CLOSED,-,-,CLOSED,-,-,-,CLOSED
20250808,09:15,90,10,5,10,100,15,50,5,5,30,10,-,CLOSED,5,CLOSED,-,5,15,-,5,5,-,5,5,-,CLOSED,-,5,CLOSED,5,5,5,CLOSED
20250808,09:45,120,40,30,40,120,50,80,50,15,-,25,-,CLOSED,20,CLOSED,-,5,15,5,5,5,-,5,5,-,CLOSED,-,5,CLOSED,5,5,5,CLOSED
20250808,10:15,140,70,60,50,140,100,100,90,90,-,25,-,CLOSED,20,CLOSED,-,25,15,40,5,5,15,15,5,5,CLOSED,-,10,CLOSED,5,20,10,CLOSED
20250808,10:45,140,70,60,50,120,100,100,90,80,-,15,-,CLOSED,20,CLOSED,-,20,30,60,5,5,15,20,5,5,CLOSED,-,20,CLOSED,15,25,20,CLOSED
20250808,11:15,120,70,50,40,100,90,80,90,70,100,15,-,CLOSED,20,CLOSED,-,15,30,70,5,5,15,20,5,5,CLOSED,-,20,CLOSED,15,25,20,CLOSED
20250808,11:45,100,50,60,40,90,80,60,70,50,80,5,-,CLOSED,15,CLOSED,-,20,40,70,5,5,15,10,5,5,CLOSED,-,30,CLOSED,10,20,20,CLOSED
20250808,12:15,100,40,50,40,100,70,50,60,60,100,5,-,CLOSED,15,CLOSED,5,15,40,50,10,5,15,10,5,5,CLOSED,-,10,CLOSED,15,20,15,CLOSED
20250808,12:45,100,40,50,30,100,60,90,70,60,90,5,-,CLOSED,15,CLOSED,5,10,20,40,10,5,15,15,5,5,CLOSED,-,20,CLOSED,15,20,15,CLOSED
20250808,13:15,100,50,50,40,100,70,90,80,60,90,10,-,CLOSED,15,CLOSED,5,15,30,50,15,5,15,10,5,5,CLOSED,-,15,CLOSED,15,25,20,CLOSED
20250808,13:45,100,40,40,40,90,80,70,90,70,90,10,-,CLOSED,15,CLOSED,5,20,20,70,15,15,15,15,5,5,CLOSED,-,25,CLOSED,25,25,20,CLOSED
20250808,14:15,120,40,40,40,90,160,80,90,50,100,10,-,CLOSED,20,CLOSED,5,10,20,60,15,10,15,15,5,5,CLOSED,-,25,CLOSED,15,30,25,CLOSED
20250808,14:45,120,40,50,40,100,160,100,80,70,120,10,-,CLOSED,20,CLOSED,5,20,20,60,10,15,15,15,5,5,CLOSED,-,15,CLOSED,25,30,25,CLOSED
20250808,15:15,120,60,50,50,120,140,90,90,70,120,10,5,CLOSED,15,CLOSED,5,15,30,40,10,20,15,20,5,5,CLOSED,-,30,CLOSED,20,30,25,CLOSED
20250808,15:45,120,50,60,40,120,80,90,100,70,90,20,5,CLOSED,20,CLOSED,5,20,20,60,15,10,15,15,5,5,CLOSED,-,25,CLOSED,15,30,20,CLOSED
20250808,16:15,140,40,60,40,120,60,-,100,80,120,10,15,CLOSED,20,CLOSED,5,15,20,60,15,20,15,15,5,5,CLOSED,-,15,CLOSED,20,25,20,CLOSED
20250808,16:45,120,50,40,40,120,80,80,80,70,120,10,20,CLOSED,20,CLOSED,5,15,-,50,20,25,15,25,5,5,CLOSED,-,25,CLOSED,15,30,15,CLOSED
20250808,17:15,120,40,40,50,120,100,90,70,70,120,10,10,CLOSED,15,CLOSED,5,10,15,40,15,15,15,20,5,5,CLOSED,-,25,CLOSED,15,25,20,CLOSED
20250808,17:45,120,40,40,40,120,90,120,70,70,100,15,15,CLOSED,15,CLOSED,5,15,15,30,15,20,15,20,5,5,CLOSED,-,15,CLOSED,10,20,20,CLOSED
20250808,18:15,100,40,40,40,90,90,120,70,60,120,15,30,CLOSED,15,CLOSED,5,15,15,30,15,-,15,15,5,5,CLOSED,-,20,CLOSED,10,20,10,CLOSED
20250808,18:45,100,30,40,40,120,90,90,60,60,100,-,-,CLOSED,15,CLOSED,-,15,15,40,20,-,15,15,5,5,CLOSED,-,15,CLOSED,10,10,10,CLOSED
20250808,19:15,80,40,30,40,100,90,80,70,70,80,-,-,CLOSED,20,CLOSED,-,20,15,30,20,-,15,15,5,5,CLOSED,-,20,CLOSED,10,15,15,CLOSED
20250808,19:45,80,30,30,40,80,70,70,70,30,80,-,-,CLOSED,20,CLOSED,-,5,15,15,15,-,15,20,5,5,CLOSED,-,15,CLOSED,10,10,15,CLOSED
20250808,20:15,-,15,15,30,70,60,60,50,40,70,-,-,CLOSED,20,CLOSED,-,5,15,15,15,-,15,10,5,5,CLOSED,-,5,CLOSED,10,10,5,CLOSED
20250808,20:45,-,10,10,-,-,40,-,-,20,-,-,-,CLOSED,20,CLOSED,-,5,15,5,10,-,-,5,5,5,CLOSED,-,5,CLOSED,5,5,5,CLOSED
20250808,21:15,-,-,-,-,-,-,-,-,-,-,-,-,CLOSED,-,CLOSED,-,-,-,-,-,-,-,-,-,-,CLOSED,-,-,CLOSED,-,-,-,CLOSED
20250808,21:45,-,-,-,-,-,-,-,-,-,-,-,-,CLOSED,-,CLOSED,-,-,-,-,-,-,-,-,-,-,CLOSED,-,-,CLOSED,-,-,-,CLOSED
20250809,07:15,-,-,-,-,-,-,-,-,-,-,-,-,CLOSED,-,CLOSED,-,-,-,-,-,-,-,-,-,-,CLOSED,-,-,CLOSED,-,-,-,CLOSED
20250809,07:45,-,-,-,-,-,-,-,-,-,-,-,-,CLOSED,-,CLOSED,-,-,-,-,-,-,-,-,-,-,CLOSED,-,-,CLOSED,-,-,-,CLOSED
20250809,08:15,-,-,-,-,-,-,-,-,-,-,-,-,CLOSED,-,CLOSED,-,-,-,-,-,-,-,-,-,-,CLOSED,-,-,CLOSED,-,-,-,CLOSED
20250809,08:45,-,-,-,-,-,-,-,-,-,-,-,-,CLOSED,-,CLOSED,-,-,-,-,-,-,-,-,-,-,CLOSED,-,-,CLOSED,-,-,-,CLOSED
20250809,09:15,40,10,-,10,70,10,40,5,5,20,5,-,CLOSED,20,CLOSED,-,5,15,5,5,5,-,5,5,-,CLOSED,-,5,CLOSED,5,5,5,CLOSED
20250809,09:45,120,50,20,30,140,60,120,40,15,70,20,-,CLOSED,20,CLOSED,-,5,15,5,5,5,-,5,5,-,CLOSED,-,5,CLOSED,5,5,5,CLOSED
20250809,10:15,140,60,60,40,120,80,80,70,70,-,30,-,CLOSED,15,CLOSED,-,10,15,30,5,5,15,5,5,5,CLOSED,-,15,CLOSED,5,10,5,CLOSED
20250809,10:45,160,50,70,60,120,70,70,70,70,-,15,-,CLOSED,15,CLOSED,-,15,15,40,5,5,15,15,5,5,CLOSED,-,15,CLOSED,5,15,5,CLOSED
20250809,11:15,140,60,50,50,100,70,60,70,60,-,5,-,CLOSED,15,CLOSED,-,10,15,40,5,5,15,15,5,5,CLOSED,-,15,CLOSED,10,15,10,CLOSED
20250809,11:45,120,40,50,40,80,70,60,70,60,90,5,-,CLOSED,20,CLOSED,-,15,15,40,10,5,15,15,5,5,CLOSED,-,15,CLOSED,5,10,10,CLOSED
20250809,12:15,120,40,40,50,80,60,60,70,40,80,5,-,CLOSED,15,CLOSED,5,10,15,40,10,5,15,15,5,5,CLOSED,-,20,CLOSED,10,15,10,CLOSED
20250809,12:45,100,30,40,40,90,40,60,60,50,80,5,-,CLOSED,15,CLOSED,5,5,15,50,5,5,15,15,5,5,CLOSED,-,10,CLOSED,10,15,10,CLOSED
20250809,13:15,100,40,40,40,80,50,70,60,50,70,5,-,CLOSED,15,CLOSED,5,20,15,50,10,5,15,10,5,5,CLOSED,-,10,CLOSED,15,20,10,CLOSED
20250809,13:45,100,40,50,40,80,60,70,50,40,70,5,-,CLOSED,15,CLOSED,5,15,15,30,10,5,15,10,5,5,CLOSED,-,15,CLOSED,15,15,10,CLOSED
20250809,14:15,100,40,60,40,80,40,80,60,40,80,5,-,CLOSED,15,CLOSED,5,5,15,50,10,5,15,10,5,5,CLOSED,-,15,CLOSED,10,15,10,CLOSED
20250809,14:45,100,30,40,40,70,50,80,60,50,80,5,-,CLOSED,15,CLOSED,5,15,15,40,15,5,15,15,5,5,CLOSED,-,15,CLOSED,10,20,15,CLOSED
20250809,15:15,100,40,40,40,90,50,50,60,50,80,15,5,CLOSED,15,CLOSED,5,10,20,40,10,15,15,20,5,5,CLOSED,-,15,CLOSED,15,25,15,CLOSED
20250809,15:45,120,40,50,40,100,50,80,70,50,60,20,20,CLOSED,15,CLOSED,5,5,15,60,15,15,15,15,5,5,CLOSED,-,15,CLOSED,15,15,15,CLOSED
20250809,16:15,120,-,40,50,100,60,80,70,60,60,15,20,CLOSED,20,CLOSED,5,15,15,40,15,10,15,15,5,5,CLOSED,-,15,CLOSED,10,20,15,CLOSED
20250809,16:45,90,-,50,40,100,50,80,60,60,80,15,20,CLOSED,20,CLOSED,5,20,15,30,15,15,15,15,5,5,CLOSED,-,20,CLOSED,15,20,15,CLOSED
20250809,17:15,100,-,40,40,100,60,70,60,50,80,15,15,CLOSED,15,CLOSED,5,10,15,30,15,15,15,15,5,5,CLOSED,-,20,CLOSED,5,20,15,CLOSED
20250809,17:45,100,-,50,50,100,40,70,70,60,70,15,20,CLOSED,15,CLOSED,5,15,15,25,15,10,15,20,5,5,CLOSED,-,15,CLOSED,10,15,5,CLOSED
20250809,18:15,100,10,30,40,100,60,70,60,40,70,15,30,CLOSED,15,CLOSED,5,15,15,25,15,20,15,15,5,5,CLOSED,-,15,CLOSED,10,15,10,CLOSED
20250809,18:45,90,50,30,40,100,50,80,50,40,80,-,-,CLOSED,20,CLOSED,-,15,15,20,10,-,15,15,5,5,CLOSED,-,15,CLOSED,10,15,10,CLOSED
20250809,19:15,70,50,40,30,90,60,80,50,40,70,-,-,CLOSED,15,CLOSED,-,15,15,25,15,-,15,15,5,5,CLOSED,-,15,CLOSED,10,10,5,CLOSED
20250809,19:45,60,30,25,30,70,50,60,50,20,60,-,-,CLOSED,20,CLOSED,-,5,15,15,10,-,15,10,5,5,CLOSED,-,5,CLOSED,5,5,5,CLOSED
20250809,20:15,-,20,10,30,60,50,40,30,25,40,-,-,CLOSED,15,CLOSED,-,5,15,5,10,-,15,10,5,5,CLOSED,-,5,CLOSED,5,5,5,CLOSED
20250809,20:45,-,-,10,-,-,40,30,-,25,-,-,-,CLOSED,15,CLOSED,-,5,15,5,5,-,-,5,5,5,CLOSED,-,5,CLOSED,5,5,5,CLOSED
20250809,21:15,-,-,-,-,-,-,-,-,-,-,-,-,CLOSED,-,CLOSED,-,-,-,-,-,-,-,-,-,-,CLOSED,-,-,CLOSED,-,-,-,CLOSED
20250809,21:45,-,-,-,-,-,-,-,-,-,-,-,-,CLOSED,-,CLOSED,-,-,-,-,-,-,-,-,-,-,CLOSED,-,-,CLOSED,-,-,-,CLOSED
20250810,07:15,-,-,-,-,-,-,-,-,-,-,-,-,CLOSED,-,CLOSED,-,-,-,-,-,-,-,-,-,-,CLOSED,-,-,CLOSED,-,-,-,CLOSED
20250810,07:45,-,-,-,-,-,-,-,-,-,-,-,-,CLOSED,-,CLOSED,-,-,-,-,-,-,-,-,-,-,CLOSED,-,-,CLOSED,-,-,-,CLOSED
20250810,08:15,-,-,-,-,-,-,-,-,-,-,-,-,CLOSED,-,CLOSED,-,-,-,-,-,-,-,-,-,-,CLOSED,-,-,CLOSED,-,-,-,CLOSED
20250810,08:45,-,-,-,-,-,-,-,-,-,-,-,-,CLOSED,-,CLOSED,-,-,-,-,-,-,-,-,-,-,CLOSED,-,-,CLOSED,-,-,-,CLOSED
20250810,09:15,50,5,-,5,80,10,30,5,5,10,10,-,CLOSED,5,CLOSED,-,5,15,5,5,5,-,-,5,-,CLOSED,-,5,CLOSED,5,5,5,CLOSED
20250810,09:45,120,20,-,20,140,30,80,10,5,50,25,-,CLOSED,20,CLOSED,-,5,15,5,5,5,-,5,5,-,CLOSED,-,5,CLOSED,5,5,5,CLOSED
20250810,10:15,120,30,40,40,100,70,90,50,50,60,25,-,CLOSED,20,CLOSED,-,5,15,10,5,5,15,5,5,5,CLOSED,-,5,CLOSED,5,5,5,CLOSED
20250810,10:45,120,50,50,-,100,80,90,50,25,80,30,-,CLOSED,20,CLOSED,-,15,15,25,5,5,15,5,5,5,CLOSED,-,5,CLOSED,5,5,5,CLOSED
20250810,11:15,120,50,50,-,120,80,100,100,15,-,30,-,CLOSED,15,CLOSED,-,20,15,10,5,5,15,5,5,5,CLOSED,-,5,CLOSED,15,20,15,CLOSED
20250810,11:45,100,50,50,-,90,80,70,80,50,-,20,-,CLOSED,15,CLOSED,-,20,20,25,5,5,15,5,5,5,CLOSED,-,25,CLOSED,10,25,15,CLOSED
20250810,12:15,100,50,50,-,90,80,60,70,50,30,10,-,CLOSED,15,CLOSED,5,5,20,25,5,5,15,10,5,5,CLOSED,-,15,CLOSED,10,20,15,CLOSED
20250810,12:45,120,50,50,-,90,60,70,50,50,70,10,-,CLOSED,15,CLOSED,5,15,20,20,5,5,15,15,5,5,CLOSED,-,15,CLOSED,10,20,15,CLOSED
20250810,13:15,120,50,50,30,120,70,80,70,50,90,10,-,CLOSED,15,CLOSED,10,25,20,10,10,5,15,10,5,5,CLOSED,-,5,CLOSED,10,25,10,CLOSED
20250810,13:45,100,40,50,40,100,60,100,80,40,70,-,-,CLOSED,20,CLOSED,-,15,20,10,15,-,15,5,5,5,CLOSED,-,5,CLOSED,20,20,15,CLOSED
20250810,14:15,120,50,60,30,100,60,90,80,50,80,-,-,CLOSED,15,CLOSED,-,10,20,5,20,-,15,5,5,5,CLOSED,-,5,CLOSED,20,20,20,CLOSED
20250810,14:45,120,40,50,40,90,60,80,60,40,120,-,-,CLOSED,20,CLOSED,-,25,40,10,20,-,15,5,5,5,CLOSED,-,10,CLOSED,15,30,20,CLOSED
20250810,15:15,100,40,40,50,120,50,90,70,50,120,10,5,CLOSED,20,CLOSED,5,10,20,25,15,5,15,10,5,5,CLOSED,-,15,CLOSED,20,25,15,CLOSED
20250810,15:45,120,50,50,40,120,60,100,80,50,120,15,5,CLOSED,20,CLOSED,5,15,15,10,20,5,15,5,5,5,CLOSED,-,10,CLOSED,10,20,15,CLOSED
20250810,16:15,140,50,50,50,120,80,90,80,60,120,10,5,CLOSED,20,CLOSED,5,20,15,5,15,20,15,5,5,5,CLOSED,-,10,CLOSED,10,20,15,CLOSED
20250810,16:45,140,40,50,40,120,80,90,70,30,100,15,5,CLOSED,30,CLOSED,5,20,15,5,20,40,15,5,5,5,CLOSED,-,5,CLOSED,20,30,20,CLOSED
20250810,17:15,140,30,50,30,120,80,100,60,30,100,5,5,CLOSED,15,CLOSED,5,15,15,5,20,20,15,5,5,5,CLOSED,-,5,CLOSED,25,25,20,CLOSED
20250810,17:45,100,40,40,40,120,80,100,60,40,70,15,5,CLOSED,20,CLOSED,5,-,15,5,-,20,15,5,5,5,CLOSED,-,5,CLOSED,10,25,15,CLOSED
20250810,18:15,90,40,40,50,120,70,120,60,30,120,20,5,CLOSED,20,CLOSED,5,-,15,5,-,10,15,5,5,5,CLOSED,-,5,CLOSED,10,25,15,CLOSED
20250810,18:45,90,30,40,50,100,70,100,60,40,100,-,5,CLOSED,15,CLOSED,-,-,15,5,-,-,15,5,5,5,CLOSED,-,5,CLOSED,5,15,15,CLOSED
20250810,19:15,90,30,30,40,100,70,70,60,40,80,-,-,CLOSED,15,CLOSED,-,-,15,5,-,-,15,5,5,5,CLOSED,-,5,CLOSED,5,15,10,CLOSED
20250810,19:45,70,25,30,40,80,50,60,50,20,60,-,-,CLOSED,20,CLOSED,-,-,15,5,-,-,15,5,5,5,CLOSED,-,5,CLOSED,5,5,10,CLOSED
20250810,20:15,-,20,20,40,60,40,50,40,30,50,-,-,CLOSED,15,CLOSED,-,5,15,5,5,-,15,5,5,5,CLOSED,-,5,CLOSED,5,5,5,CLOSED
20250810,20:45,-,15,10,-,-,-,-,20,10,-,-,-,CLOSED,20,CLOSED,-,5,15,5,5,-,-,5,5,5,CLOSED,-,5,CLOSED,5,5,5,CLOSED
20250810,21:15,-,-,-,-,-,-,-,-,-,-,-,-,CLOSED,-,CLOSED,-,-,-,-,-,-,-,-,-,-,CLOSED,-,-,CLOSED,-,-,-,CLOSED
20250810,21:45,-,-,-,-,-,-,-,-,-,-,-,-,CLOSED,-,CLOSED,-,-,-,-,-,-,-,-,-,-,CLOSED,-,-,CLOSED,-,-,-,CLOSED
20250811,07:15,-,-,-,-,-,-,-,-,-,-,-,-,CLOSED,-,CLOSED,-,-,-,-,-,-,-,-,-,-,CLOSED,-,-,CLOSED,-,-,-,CLOSED
20250811,07:45,-,-,-,-,-,-,-,-,-,-,-,-,CLOSED,-,CLOSED,-,-,-,-,-,-,-,-,-,-,CLOSED,-,-,CLOSED,-,-,-,CLOSED
20250811,08:15,-,-,-,-,-,-,-,-,-,-,-,-,CLOSED,-,CLOSED,-,-,-,-,-,-,-,-,-,-,CLOSED,-,-,CLOSED,-,-,-,CLOSED
20250811,08:45,-,-,-,-,-,-,-,-,-,-,-,-,CLOSED,-,CLOSED,-,-,-,-,-,-,-,-,-,-,CLOSED,-,-,CLOSED,-,-,-,CLOSED
20250811,09:15,40,5,5,-,80,15,40,5,5,-,5,-,CLOSED,20,CLOSED,-,-,15,5,-,5,-,5,5,-,CLOSED,-,5,CLOSED,5,5,5,CLOSED
20250811,09:45,-,60,50,30,140,80,100,30,15,50,15,-,CLOSED,15,CLOSED,-,-,15,5,-,5,-,5,5,-,CLOSED,-,5,CLOSED,5,5,5,CLOSED
20250811,10:15,40,80,70,50,140,90,140,70,70,120,30,-,CLOSED,20,CLOSED,-,-,15,5,-,5,5,5,5,5,CLOSED,-,5,CLOSED,5,10,5,CLOSED
20250811,10:45,140,80,60,50,120,100,140,70,60,140,30,-,CLOSED,30,CLOSED,-,-,20,20,-,5,5,5,5,5,CLOSED,-,5,CLOSED,10,20,15,CLOSED
20250811,11:15,140,70,70,-,120,140,100,90,50,140,-,-,CLOSED,30,CLOSED,-,-,30,30,-,-,5,5,5,5,CLOSED,-,5,CLOSED,20,30,20,CLOSED
20250811,11:45,120,70,60,-,100,90,90,60,50,120,-,-,CLOSED,30,CLOSED,-,-,30,40,-,-,5,15,5,5,CLOSED,-,15,CLOSED,20,30,20,CLOSED
20250811,12:15,140,70,70,-,100,100,100,80,70,140,5,-,CLOSED,15,CLOSED,15,-,70,50,-,5,15,20,5,5,CLOSED,-,30,CLOSED,20,30,15,CLOSED
20250811,12:45,160,70,70,30,120,100,120,90,70,160,10,-,CLOSED,15,CLOSED,15,-,-,40,-,10,15,10,10,5,CLOSED,-,15,CLOSED,-,30,20,CLOSED
20250811,13:15,160,80,70,40,120,80,120,100,50,140,10,-,CLOSED,15,CLOSED,5,-,-,15,-,15,15,5,10,5,CLOSED,-,5,CLOSED,5,30,30,CLOSED
20250811,13:45,160,60,60,40,140,90,120,80,60,140,20,-,CLOSED,20,CLOSED,10,-,-,10,-,25,30,5,10,5,CLOSED,-,5,CLOSED,25,40,30,CLOSED
20250811,14:15,140,70,70,40,120,100,120,70,70,140,15,-,CLOSED,20,CLOSED,10,-,-,20,-,20,15,5,5,5,CLOSED,-,15,CLOSED,25,30,30,CLOSED
20250811,14:45,140,70,70,50,120,90,100,80,80,140,20,-,CLOSED,15,CLOSED,15,-,-,30,-,10,15,15,5,5,CLOSED,-,40,CLOSED,20,30,25,CLOSED
20250811,15:15,140,70,60,50,120,100,120,90,70,140,30,5,CLOSED,20,CLOSED,10,-,30,30,-,25,15,15,5,5,CLOSED,-,40,CLOSED,25,30,25,CLOSED
20250811,15:45,140,60,70,50,140,100,140,100,80,140,20,20,CLOSED,20,CLOSED,5,-,30,30,-,15,15,15,5,5,CLOSED,-,20,CLOSED,15,30,20,CLOSED
20250811,16:15,140,60,60,40,140,120,140,100,70,120,15,25,CLOSED,15,CLOSED,5,-,30,30,-,10,15,25,5,5,CLOSED,-,25,CLOSED,15,30,20,CLOSED
20250811,16:45,140,60,60,50,140,90,120,90,70,120,15,25,CLOSED,30,CLOSED,20,-,30,25,-,20,15,25,5,5,CLOSED,-,25,CLOSED,15,30,20,CLOSED
20250811,17:15,120,50,50,50,140,100,120,90,70,140,25,15,CLOSED,20,CLOSED,5,-,20,20,-,20,15,15,5,5,CLOSED,-,25,CLOSED,10,20,15,CLOSED
20250811,17:45,120,40,40,50,140,100,120,90,70,140,25,20,CLOSED,15,CLOSED,5,-,15,15,-,10,15,25,5,5,CLOSED,-,25,CLOSED,15,20,20,CLOSED
20250811,18:15,120,50,50,40,140,120,120,70,60,120,10,20,CLOSED,20,CLOSED,5,20,20,20,10,20,15,20,5,5,CLOSED,-,25,CLOSED,5,15,15,CLOSED
20250811,18:45,120,50,50,50,120,100,90,-,80,80,-,-,CLOSED,20,CLOSED,-,20,30,20,20,-,15,20,5,5,CLOSED,-,20,CLOSED,5,15,15,CLOSED
20250811,19:15,100,40,40,50,90,80,80,-,80,80,-,-,CLOSED,20,CLOSED,-,20,30,25,20,-,15,20,5,5,CLOSED,-,25,CLOSED,15,20,10,CLOSED
20250811,19:45,90,30,25,40,80,50,70,-,60,70,-,-,CLOSED,15,CLOSED,-,10,15,15,15,-,15,20,5,5,CLOSED,-,15,CLOSED,10,15,10,CLOSED
20250811,20:15,-,30,15,30,60,50,60,-,50,50,-,-,CLOSED,15,CLOSED,-,5,15,5,20,-,15,10,5,5,CLOSED,-,5,CLOSED,5,5,5,CLOSED
20250811,20:45,-,15,15,-,-,40,-,15,15,-,-,-,CLOSED,15,CLOSED,-,5,15,5,10,-,-,5,5,5,CLOSED,-,5,CLOSED,5,5,5,CLOSED
20250811,21:15,-,-,-,-,-,-,-,-,-,-,-,-,CLOSED,-,CLOSED,-,-,-,-,-,-,-,-,-,-,CLOSED,-,-,CLOSED,-,-,-,CLOSED
20250811,21:45,-,-,-,-,-,-,-,-,-,-,-,-,CLOSED,-,CLOSED,-,-,-,-,-,-,-,-,-,-,CLOSED,-,-,CLOSED,-,-,-,CLOSED
20250812,07:15,-,-,-,-,-,-,-,-,-,-,-,-,CLOSED,-,CLOSED,-,-,-,-,-,-,-,-,-,-,CLOSED,-,-,CLOSED,-,-,-,CLOSED
20250812,07:45,-,-,-,-,-,-,-,-,-,-,-,-,CLOSED,-,CLOSED,-,-,-,-,-,-,-,-,-,-,CLOSED,-,-,CLOSED,-,-,-,CLOSED
20250812,08:15,-,-,-,-,-,-,-,-,-,-,-,-,CLOSED,-,CLOSED,-,-,-,-,-,-,-,-,-,-,CLOSED,-,-,CLOSED,-,-,-,CLOSED
20250812,08:45,-,-,-,-,-,-,-,-,-,-,-,-,CLOSED,-,CLOSED,-,-,-,-,-,-,-,-,-,-,CLOSED,-,-,CLOSED,-,-,-,CLOSED
20250812,09:15,50,5,5,10,70,10,40,5,5,10,5,-,CLOSED,15,CLOSED,-,5,15,5,5,5,-,5,5,-,CLOSED,-,5,CLOSED,5,5,5,CLOSED
20250812,09:45,140,60,40,40,120,60,100,40,20,90,25,-,CLOSED,20,CLOSED,-,5,15,5,5,5,-,5,5,-,CLOSED,-,5,CLOSED,5,5,5,CLOSED
20250812,10:15,180,80,90,70,160,100,140,90,80,140,30,-,CLOSED,20,CLOSED,-,10,20,30,5,5,15,15,5,5,CLOSED,-,15,CLOSED,5,5,5,CLOSED
20250812,10:45,180,100,100,80,140,160,160,120,80,180,30,-,CLOSED,40,CLOSED,-,25,20,50,5,5,15,25,5,5,CLOSED,-,25,CLOSED,15,20,15,CLOSED
20250812,11:15,180,120,120,70,160,180,160,140,90,-,15,-,CLOSED,40,CLOSED,-,20,50,70,10,5,15,25,10,5,CLOSED,-,40,CLOSED,25,30,25,CLOSED
20250812,11:45,160,120,120,80,140,200,140,120,120,-,15,-,CLOSED,30,CLOSED,-,20,40,70,10,5,30,30,15,5,CLOSED,-,40,CLOSED,25,40,25,CLOSED
20250812,12:15,160,90,90,60,160,220,120,140,120,-,20,-,CLOSED,30,CLOSED,5,20,50,70,15,20,30,30,15,5,CLOSED,-,30,CLOSED,25,30,30,CLOSED
20250812,12:45,160,90,100,60,140,180,120,140,140,-,15,-,CLOSED,30,CLOSED,10,15,40,70,10,20,30,30,15,10,CLOSED,-,40,CLOSED,25,40,25,CLOSED
20250812,13:15,160,90,100,70,140,160,90,140,90,180,10,-,CLOSED,30,CLOSED,15,20,40,70,15,20,30,30,15,15,CLOSED,-,30,CLOSED,25,40,30,CLOSED
20250812,13:45,140,100,100,80,140,100,100,120,120,200,20,-,CLOSED,40,CLOSED,20,20,30,-,15,25,30,30,15,15,CLOSED,-,40,CLOSED,20,30,25,CLOSED
20250812,14:15,180,100,-,70,180,100,140,-,160,220,15,-,CLOSED,40,CLOSED,15,15,50,80,20,25,45,40,15,5,CLOSED,-,40,CLOSED,25,30,25,CLOSED
20250812,14:45,180,120,-,80,200,160,160,-,140,220,20,-,CLOSED,50,CLOSED,30,25,40,90,20,35,45,40,20,10,CLOSED,-,50,CLOSED,35,45,30,CLOSED
20250812,15:15,180,120,-,90,180,180,180,100,160,160,20,30,CLOSED,40,CLOSED,20,20,70,-,25,20,30,30,20,10,CLOSED,-,50,CLOSED,30,50,40,CLOSED
20250812,15:45,200,100,140,90,200,200,180,220,140,120,25,40,CLOSED,40,CLOSED,20,20,40,-,20,35,30,40,15,15,CLOSED,-,40,CLOSED,25,40,40,CLOSED
20250812,16:15,180,120,120,80,180,160,140,260,100,200,25,40,CLOSED,40,CLOSED,30,20,40,-,20,30,45,40,20,10,CLOSED,-,40,CLOSED,30,50,30,CLOSED
20250812,16:45,180,80,100,80,180,160,140,200,120,180,30,50,CLOSED,30,CLOSED,20,20,30,80,20,25,30,40,15,10,CLOSED,-,40,CLOSED,25,40,30,CLOSED
20250812,17:15,160,120,100,60,160,140,140,200,120,160,15,35,CLOSED,20,CLOSED,20,25,20,90,20,25,30,25,10,10,CLOSED,-,40,CLOSED,20,30,25,CLOSED
20250812,17:45,140,120,120,70,160,140,140,160,90,160,15,30,CLOSED,20,CLOSED,5,15,30,-,20,20,30,30,10,5,CLOSED,-,40,CLOSED,25,30,20,CLOSED
20250812,18:15,120,100,140,70,160,140,140,160,90,160,-,-,CLOSED,40,CLOSED,5,20,15,-,20,-,30,30,10,10,CLOSED,-,40,CLOSED,20,30,25,CLOSED
20250812,18:45,120,90,120,70,140,120,120,120,90,140,-,-,CLOSED,30,CLOSED,-,20,15,30,20,-,15,30,10,5,CLOSED,-,30,CLOSED,20,30,20,CLOSED
20250812,19:15,120,80,90,60,120,120,100,-,90,100,-,-,CLOSED,15,CLOSED,-,15,30,60,25,-,15,30,10,5,CLOSED,-,30,CLOSED,20,30,20,CLOSED
20250812,19:45,-,60,80,50,100,90,100,-,70,-,-,-,CLOSED,15,CLOSED,-,5,15,30,25,-,15,15,5,5,CLOSED,-,15,CLOSED,15,20,20,CLOSED
20250812,20:15,-,50,50,50,-,-,80,-,-,-,-,-,CLOSED,20,CLOSED,-,5,15,15,20,-,15,15,5,5,CLOSED,-,20,CLOSED,10,15,5,CLOSED
20250812,20:45,-,20,25,-,-,-,-,-,-,-,-,-,CLOSED,25,CLOSED,-,5,15,15,15,-,-,15,5,5,CLOSED,-,15,CLOSED,5,10,5,CLOSED
20250812,21:15,-,-,-,-,-,-,-,-,-,-,-,-,CLOSED,-,CLOSED,-,-,-,-,-,-,-,-,-,-,CLOSED,-,-,CLOSED,-,-,-,CLOSED
20250812,21:45,-,-,-,-,-,-,-,-,-,-,-,-,CLOSED,-,CLOSED,-,-,-,-,-,-,-,-,-,-,CLOSED,-,-,CLOSED,-,-,-,CLOSED
20250813,07:15,-,-,-,-,-,-,-,-,-,-,-,-,CLOSED,-,CLOSED,-,-,-,-,-,-,-,-,-,-,CLOSED,-,-,CLOSED,-,-,-,CLOSED
20250813,07:45,-,-,-,-,-,-,-,-,-,-,-,-,CLOSED,-,CLOSED,-,-,-,-,-,-,-,-,-,-,CLOSED,-,-,CLOSED,-,-,-,CLOSED
20250813,08:15,-,-,-,-,-,-,-,-,-,-,-,-,CLOSED,-,CLOSED,-,-,-,-,-,-,-,-,-,-,CLOSED,-,-,CLOSED,-,-,-,CLOSED
20250813,08:45,-,-,-,-,-,-,-,-,-,-,-,-,CLOSED,-,CLOSED,-,-,-,-,-,-,-,-,-,-,CLOSED,-,-,CLOSED,-,-,-,CLOSED
20250813,09:15,50,5,5,5,60,15,40,5,5,15,5,-,CLOSED,20,CLOSED,-,5,15,5,5,5,-,5,5,-,CLOSED,-,5,CLOSED,5,5,5,CLOSED
20250813,09:45,140,60,35,30,160,60,120,25,10,90,20,-,CLOSED,20,CLOSED,-,5,15,5,5,5,-,5,5,-,CLOSED,-,5,CLOSED,5,5,5,CLOSED
20250813,10:15,160,90,80,50,140,100,140,80,80,120,30,-,CLOSED,20,CLOSED,-,15,15,40,5,5,15,10,5,5,CLOSED,-,10,CLOSED,5,10,5,CLOSED
20250813,10:45,160,120,80,70,140,120,140,120,80,160,30,-,CLOSED,20,CLOSED,-,30,40,70,5,5,15,20,5,5,CLOSED,-,25,CLOSED,15,25,10,CLOSED
20250813,11:15,180,90,80,60,140,180,120,120,70,200,15,-,CLOSED,20,CLOSED,-,30,30,80,10,5,15,25,5,5,CLOSED,-,25,CLOSED,20,30,15,CLOSED
20250813,11:45,180,90,80,50,120,160,90,100,70,200,15,-,CLOSED,30,CLOSED,-,20,40,70,15,5,15,20,10,5,CLOSED,-,40,CLOSED,15,30,25,CLOSED
20250813,12:15,160,120,80,50,120,140,100,90,80,200,20,-,CLOSED,25,CLOSED,5,15,40,70,10,5,15,20,10,5,CLOSED,-,30,CLOSED,20,30,25,CLOSED
20250813,12:45,140,100,70,50,120,140,120,80,70,160,10,-,CLOSED,20,CLOSED,5,10,20,70,15,5,15,25,10,5,CLOSED,-,30,CLOSED,20,30,20,CLOSED
20250813,13:15,140,80,80,40,-,120,140,100,80,160,10,-,CLOSED,30,CLOSED,10,30,30,60,20,15,15,25,10,5,CLOSED,-,30,CLOSED,25,40,25,CLOSED
20250813,13:45,140,80,80,50,-,100,120,120,90,140,15,-,CLOSED,20,CLOSED,5,10,30,70,10,15,30,25,5,5,CLOSED,-,30,CLOSED,20,30,25,CLOSED
20250813,14:15,160,90,80,50,-,120,120,90,90,140,15,-,CLOSED,15,CLOSED,10,15,40,-,15,10,15,25,10,5,CLOSED,-,40,CLOSED,20,40,25,CLOSED
20250813,14:45,-,100,90,50,-,140,120,120,80,160,10,-,CLOSED,25,CLOSED,10,20,50,-,20,30,30,20,10,5,CLOSED,-,30,CLOSED,20,40,30,CLOSED
20250813,15:15,-,100,90,50,-,100,120,90,100,140,20,20,CLOSED,30,CLOSED,5,15,30,70,15,25,15,25,15,5,CLOSED,-,30,CLOSED,20,40,30,CLOSED
20250813,15:45,120,90,90,50,120,120,140,120,100,160,25,25,CLOSED,15,CLOSED,5,20,20,80,15,20,15,25,10,10,CLOSED,-,30,CLOSED,25,40,25,CLOSED
20250813,16:15,160,80,80,40,160,120,140,120,90,180,20,20,CLOSED,40,CLOSED,5,20,40,80,20,20,15,25,5,10,CLOSED,-,50,CLOSED,20,30,25,CLOSED
20250813,16:45,-,90,80,50,180,140,140,120,90,180,15,40,CLOSED,20,CLOSED,10,20,40,70,15,20,15,25,5,10,CLOSED,-,25,CLOSED,20,30,30,CLOSED
20250813,17:15,-,100,90,50,160,140,140,120,90,120,20,40,CLOSED,40,CLOSED,5,10,20,80,20,25,15,25,5,10,CLOSED,-,25,CLOSED,20,30,25,CLOSED
20250813,17:45,-,90,80,60,180,140,160,120,90,140,15,25,CLOSED,15,CLOSED,10,10,15,40,15,25,15,25,5,10,CLOSED,-,25,CLOSED,15,30,20,CLOSED
20250813,18:15,120,80,80,60,160,120,120,90,90,140,10,-,CLOSED,20,CLOSED,5,20,15,50,15,20,15,25,5,10,CLOSED,-,30,CLOSED,15,20,20,CLOSED
20250813,18:45,80,80,80,50,140,100,120,90,80,120,-,-,CLOSED,30,CLOSED,-,15,20,40,15,-,15,25,5,10,CLOSED,-,40,CLOSED,15,30,15,CLOSED
20250813,19:15,100,60,50,40,120,100,100,80,70,100,-,-,CLOSED,15,CLOSED,-,15,15,40,20,-,15,25,5,10,CLOSED,-,30,CLOSED,15,20,20,CLOSED
20250813,19:45,80,50,30,40,90,90,90,60,70,70,-,-,CLOSED,20,CLOSED,-,15,15,30,20,-,15,20,5,10,CLOSED,-,20,CLOSED,10,10,10,CLOSED
20250813,20:15,-,30,30,30,-,-,70,-,30,-,-,-,CLOSED,20,CLOSED,-,5,15,25,15,-,15,20,5,5,CLOSED,-,10,CLOSED,5,10,10,CLOSED
20250813,20:45,-,25,20,-,-,-,-,-,-,-,-,-,CLOSED,15,CLOSED,-,5,15,15,5,-,-,5,5,5,CLOSED,-,10,CLOSED,5,10,5,CLOSED
20250813,21:15,-,-,-,-,-,-,-,-,-,-,-,-,CLOSED,-,CLOSED,-,-,-,-,-,-,-,-,-,-,CLOSED,-,-,CLOSED,-,-,-,CLOSED
20250813,21:45,-,-,-,-,-,-,-,-,-,-,-,-,CLOSED,-,CLOSED,-,-,-,-,-,-,-,-,-,-,CLOSED,-,-,CLOSED,-,-,-,CLOSED
20250814,07:15,-,-,-,-,-,-,-,-,-,-,-,-,CLOSED,-,CLOSED,-,-,-,-,-,-,-,-,-,-,CLOSED,-,-,CLOSED,-,-,-,CLOSED
20250814,07:45,-,-,-,-,-,-,-,-,-,-,-,-,CLOSED,-,CLOSED,-,-,-,-,-,-,-,-,-,-,CLOSED,-,-,CLOSED,-,-,-,CLOSED
20250814,08:15,-,-,-,-,-,-,-,-,-,-,-,-,CLOSED,-,CLOSED,-,-,-,-,-,-,-,-,-,-,CLOSED,-,-,CLOSED,-,-,-,CLOSED
20250814,08:45,-,-,-,-,-,-,-,-,-,-,-,-,CLOSED,-,CLOSED,-,-,-,-,-,-,-,-,-,-,CLOSED,-,-,CLOSED,-,-,-,CLOSED
20250814,09:15,60,10,10,15,100,20,70,5,5,30,5,-,CLOSED,15,CLOSED,-,5,15,5,5,5,-,5,5,-,CLOSED,-,5,CLOSED,5,5,5,CLOSED
20250814,09:45,140,80,40,40,140,50,120,30,40,120,20,-,CLOSED,15,CLOSED,-,5,15,5,5,5,-,5,5,-,CLOSED,-,5,CLOSED,5,5,5,CLOSED
20250814,10:15,180,90,100,70,160,120,120,120,70,120,25,-,CLOSED,20,CLOSED,-,5,15,40,5,5,15,10,5,5,CLOSED,-,15,CLOSED,5,10,5,CLOSED
20250814,10:45,200,140,90,70,140,160,140,120,70,160,30,-,CLOSED,20,CLOSED,-,25,40,50,10,5,15,30,5,5,CLOSED,-,30,CLOSED,15,20,10,CLOSED
20250814,11:15,200,120,100,60,160,180,160,120,100,180,15,-,CLOSED,20,CLOSED,-,25,30,60,10,5,15,25,10,5,CLOSED,-,25,CLOSED,20,30,25,CLOSED
20250814,11:45,180,120,120,50,140,180,120,120,90,160,20,-,CLOSED,20,CLOSED,-,15,40,60,15,5,15,20,15,5,CLOSED,-,30,CLOSED,20,30,20,CLOSED
20250814,12:15,140,90,120,50,140,180,120,100,90,180,10,-,CLOSED,20,CLOSED,5,15,60,70,15,10,15,20,15,5,CLOSED,-,40,CLOSED,25,30,25,CLOSED
20250814,12:45,160,80,100,40,120,-,100,100,90,160,15,-,CLOSED,15,CLOSED,5,15,40,70,15,15,30,20,15,5,CLOSED,-,30,CLOSED,25,30,25,CLOSED
20250814,13:15,140,80,90,50,140,-,100,100,100,160,10,-,CLOSED,15,CLOSED,5,20,30,70,20,15,15,25,15,5,CLOSED,-,30,CLOSED,25,40,25,CLOSED
20250814,13:45,160,80,80,50,140,-,120,120,90,160,20,-,CLOSED,15,CLOSED,5,15,30,70,15,25,15,20,10,5,CLOSED,-,30,CLOSED,20,40,30,CLOSED
20250814,14:15,120,90,80,50,160,-,120,100,70,180,10,-,CLOSED,20,CLOSED,10,20,30,70,20,15,15,30,10,5,CLOSED,-,30,CLOSED,25,40,25,CLOSED
20250814,14:45,100,90,70,50,160,80,120,100,100,180,10,-,CLOSED,30,CLOSED,10,25,30,80,15,30,15,20,10,5,CLOSED,-,25,CLOSED,30,40,40,CLOSED
20250814,15:15,120,80,70,50,140,120,100,100,120,160,15,15,CLOSED,20,CLOSED,5,20,30,80,20,15,15,20,10,5,CLOSED,-,30,CLOSED,30,30,25,CLOSED
20250814,15:45,140,70,70,50,160,120,120,140,70,120,25,25,CLOSED,30,CLOSED,5,20,40,80,20,15,15,25,10,5,CLOSED,-,30,CLOSED,25,40,20,CLOSED
20250814,16:15,180,70,70,60,160,140,100,100,90,120,15,40,CLOSED,20,CLOSED,5,20,40,60,20,30,15,25,10,5,CLOSED,-,40,CLOSED,20,40,30,CLOSED
20250814,16:45,180,8,-,70,180,100,140,100,90,120,25,40,CLOSED,30,CLOSED,15,25,40,60,20,25,15,25,10,5,CLOSED,-,40,CLOSED,25,30,25,CLOSED
20250814,17:15,180,90,-,60,180,80,140,120,90,140,25,40,CLOSED,30,CLOSED,5,15,15,40,25,20,15,25,10,5,CLOSED,-,30,CLOSED,25,30,25,CLOSED
20250814,17:45,120,70,70,50,160,90,140,120,90,140,20,30,CLOSED,15,CLOSED,5,20,30,-,20,15,15,25,10,5,CLOSED,-,30,CLOSED,20,25,25,CLOSED
20250814,18:15,120,70,90,50,140,120,120,100,90,140,-,-,CLOSED,20,CLOSED,5,20,20,-,20,25,15,25,5,5,CLOSED,-,40,CLOSED,15,25,20,CLOSED
20250814,18:45,120,80,90,50,120,140,120,120,90,-,-,-,CLOSED,30,CLOSED,-,15,20,-,25,-,15,25,5,5,CLOSED,-,25,CLOSED,15,20,15,CLOSED
20250814,19:15,120,70,80,50,100,120,100,100,100,-,-,-,CLOSED,20,CLOSED,-,10,20,40,25,-,15,25,5,5,CLOSED,-,30,CLOSED,15,20,15,CLOSED
20250814,19:45,90,50,60,40,100,-,80,70,70,-,-,-,CLOSED,20,CLOSED,-,10,20,40,15,-,15,30,5,5,CLOSED,-,20,CLOSED,5,15,10,CLOSED
20250814,20:15,-,40,40,30,-,-,60,50,-,-,-,-,CLOSED,20,CLOSED,-,5,15,30,15,-,15,10,5,5,CLOSED,-,10,CLOSED,5,10,10,CLOSED
20250814,20:45,-,20,-,-,-,-,-,-,-,30,-,-,CLOSED,25,CLOSED,-,5,15,-,15,-,-,15,5,5,CLOSED,-,10,CLOSED,5,5,5,CLOSED
20250814,21:15,-,-,-,-,-,-,-,-,-,-,-,-,CLOSED,-,CLOSED,-,-,-,-,-,-,-,-,-,-,CLOSED,-,-,CLOSED,-,-,-,CLOSED
20250814,21:45,-,-,-,-,-,-,-,-,-,-,-,-,CLOSED,-,CLOSED,-,-,-,-,-,-,-,-,-,-,CLOSED,-,-,CLOSED,-,-,-,CLOSED
20250815,07:15,-,-,-,-,-,-,-,-,-,-,-,-,CLOSED,-,CLOSED,-,-,-,-,-,-,-,-,-,-,CLOSED,-,-,CLOSED,-,-,-,CLOSED
20250815,07:45,-,-,-,-,-,-,-,-,-,-,-,-,CLOSED,-,CLOSED,-,-,-,-,-,-,-,-,-,-,CLOSED,-,-,CLOSED,-,-,-,CLOSED
20250815,08:15,-,-,-,-,-,-,-,-,-,-,-,-,CLOSED,-,CLOSED,-,-,-,-,-,-,-,-,-,-,CLOSED,-,-,CLOSED,-,-,-,CLOSED
20250815,08:45,-,-,-,-,-,-,-,-,-,-,-,-,CLOSED,-,CLOSED,-,-,-,-,-,-,-,-,-,-,CLOSED,-,-,CLOSED,-,-,-,CLOSED
20250815,09:15,40,-,15,15,100,15,60,5,5,40,5,-,CLOSED,15,CLOSED,-,5,15,5,5,5,-,5,5,-,CLOSED,-,5,CLOSED,5,5,5,CLOSED
20250815,09:45,160,-,60,40,160,60,100,60,40,90,25,-,CLOSED,15,CLOSED,-,5,15,10,5,5,-,5,5,-,CLOSED,-,5,CLOSED,5,5,5,CLOSED
20250815,10:15,180,80,70,40,160,100,100,90,70,120,25,-,CLOSED,20,CLOSED,-,20,40,-,5,5,5,5,5,5,CLOSED,-,15,CLOSED,10,15,5,CLOSED
20250815,10:45,180,100,70,60,140,120,140,90,80,120,40,-,CLOSED,30,CLOSED,-,30,30,-,5,5,15,15,-,5,CLOSED,-,25,CLOSED,20,20,20,CLOSED
20250815,11:15,160,90,70,50,120,140,100,80,70,120,15,-,CLOSED,20,CLOSED,-,15,40,60,5,5,15,25,-,5,CLOSED,-,30,CLOSED,20,40,30,CLOSED
20250815,11:45,140,60,70,40,120,120,90,70,70,120,15,-,CLOSED,15,CLOSED,-,20,30,60,15,5,15,15,5,5,CLOSED,-,30,CLOSED,30,30,20,CLOSED
20250815,12:15,120,80,70,50,120,120,80,80,60,140,15,-,CLOSED,15,CLOSED,5,20,60,60,10,5,15,15,5,5,CLOSED,-,25,CLOSED,15,30,20,CLOSED
20250815,12:45,120,70,70,40,100,90,80,80,60,120,10,-,CLOSED,15,CLOSED,5,20,40,60,10,5,15,15,10,5,CLOSED,-,15,CLOSED,20,30,20,CLOSED
20250815,13:15,120,80,60,40,120,60,100,100,70,140,10,-,CLOSED,15,CLOSED,5,25,30,70,15,20,15,15,5,5,CLOSED,-,20,CLOSED,15,25,20,CLOSED
20250815,13:45,120,70,70,40,120,120,120,-,100,140,15,-,CLOSED,20,CLOSED,5,10,30,70,20,20,15,15,5,5,CLOSED,-,25,CLOSED,25,25,20,CLOSED
20250815,14:15,140,80,80,40,120,140,100,-,90,140,10,-,CLOSED,20,CLOSED,10,10,40,80,10,10,15,20,5,5,CLOSED,-,25,CLOSED,20,30,25,CLOSED
20250815,14:45,120,80,80,50,120,100,100,-,90,120,25,-,CLOSED,20,CLOSED,10,20,30,80,20,30,15,20,10,5,CLOSED,-,25,CLOSED,20,30,25,CLOSED
20250815,15:15,120,80,80,40,140,100,120,-,90,120,20,20,CLOSED,25,CLOSED,10,20,20,90,20,30,15,20,10,5,CLOSED,-,30,CLOSED,20,30,25,CLOSED
20250815,15:45,140,80,70,50,140,100,120,-,80,140,20,25,CLOSED,25,CLOSED,10,15,30,100,20,20,30,20,5,5,CLOSED,-,30,CLOSED,25,40,25,CLOSED
20250815,16:15,140,80,80,50,140,100,120,90,80,140,15,40,CLOSED,30,CLOSED,10,20,30,80,15,20,15,20,5,5,CLOSED,-,25,CLOSED,25,30,25,CLOSED
20250815,16:45,140,80,80,50,120,100,140,140,80,140,20,30,CLOSED,30,CLOSED,10,20,30,60,20,30,15,15,5,5,CLOSED,-,30,CLOSED,20,30,20,CLOSED
20250815,17:15,140,60,80,40,120,100,140,100,80,120,20,40,CLOSED,20,CLOSED,10,15,15,60,20,30,15,20,5,5,CLOSED,-,25,CLOSED,15,25,20,CLOSED
20250815,17:45,140,60,50,40,140,100,120,100,90,100,25,30,CLOSED,20,CLOSED,5,20,15,40,15,15,15,20,5,5,CLOSED,-,25,CLOSED,15,25,15,CLOSED
20250815,18:15,120,60,60,50,140,90,100,120,70,140,15,-,CLOSED,20,CLOSED,5,20,15,40,20,20,15,25,5,5,CLOSED,-,25,CLOSED,10,20,15,CLOSED
20250815,18:45,120,50,50,40,120,100,100,100,70,100,-,-,CLOSED,25,CLOSED,-,20,15,50,20,-,15,20,5,5,CLOSED,-,25,CLOSED,10,15,15,CLOSED
20250815,19:15,100,50,50,40,100,80,90,80,70,80,-,-,CLOSED,15,CLOSED,-,15,20,25,20,-,15,25,5,5,CLOSED,-,25,CLOSED,10,20,10,CLOSED
20250815,19:45,80,30,30,40,90,70,70,70,40,60,-,-,CLOSED,15,CLOSED,-,5,20,25,20,-,15,15,5,5,CLOSED,-,15,CLOSED,10,15,10,CLOSED
20250815,20:15,-,25,20,30,-,50,60,60,25,50,-,-,CLOSED,15,CLOSED,-,5,15,25,15,-,15,10,5,5,CLOSED,-,5,CLOSED,5,15,5,CLOSED
20250815,20:45,-,25,-,-,-,-,-,-,-,-,-,-,CLOSED,20,CLOSED,-,5,15,5,10,-,-,5,5,5,CLOSED,-,5,CLOSED,5,10,5,CLOSED
20250815,21:15,-,-,-,-,-,-,-,-,-,-,-,-,CLOSED,-,CLOSED,-,-,-,-,-,-,-,-,-,-,CLOSED,-,-,CLOSED,-,-,-,CLOSED
20250815,21:45,-,-,-,-,-,-,-,-,-,-,-,-,CLOSED,-,CLOSED,-,-,-,-,-,-,-,-,-,-,CLOSED,-,-,CLOSED,-,-,-,CLOSED
20250816,07:15,-,-,-,-,-,-,-,-,-,-,-,-,CLOSED,-,CLOSED,-,-,-,-,-,-,-,-,-,-,CLOSED,-,-,CLOSED,-,-,-,CLOSED
20250816,07:45,-,-,-,-,-,-,-,-,-,-,-,-,CLOSED,-,CLOSED,-,-,-,-,-,-,-,-,-,-,CLOSED,-,-,CLOSED,-,-,-,CLOSED
20250816,08:15,-,-,-,-,-,-,-,-,-,-,-,-,CLOSED,-,CLOSED,-,-,-,-,-,-,-,-,-,-,CLOSED,-,-,CLOSED,-,-,-,CLOSED
20250816,08:45,-,-,-,-,-,-,-,-,-,-,-,-,CLOSED,-,CLOSED,-,-,-,-,-,-,-,-,-,-,CLOSED,-,-,CLOSED,-,-,-,CLOSED
20250816,09:15,80,5,5,15,100,15,40,5,5,-,5,-,CLOSED,5,CLOSED,-,5,15,5,5,5,-,5,5,-,CLOSED,-,5,CLOSED,5,5,5,CLOSED
20250816,09:45,120,50,40,25,120,80,100,50,40,15,25,-,CLOSED,20,CLOSED,-,5,15,5,5,5,-,5,5,-,CLOSED,-,5,CLOSED,5,5,5,CLOSED
20250816,10:15,120,70,70,50,140,80,100,60,50,120,25,-,CLOSED,20,CLOSED,-,15,15,25,5,5,15,5,5,5,CLOSED,-,5,CLOSED,5,10,5,CLOSED
20250816,10:45,120,50,60,40,100,70,60,70,50,50,5,-,CLOSED,15,CLOSED,-,15,15,40,5,5,15,10,5,5,CLOSED,-,10,CLOSED,5,20,10,CLOSED
20250816,11:15,100,50,50,30,100,50,50,60,40,80,5,-,CLOSED,20,CLOSED,-,5,15,60,5,5,15,10,5,5,CLOSED,-,20,CLOSED,5,10,10,CLOSED
20250816,11:45,100,40,40,30,100,40,60,50,50,70,5,-,CLOSED,15,CLOSED,-,15,15,40,10,5,15,10,5,5,CLOSED,-,10,CLOSED,5,15,10,CLOSED
20250816,12:15,90,30,40,40,70,40,60,50,50,70,5,-,CLOSED,15,CLOSED,5,10,15,50,5,5,15,10,5,5,CLOSED,-,10,CLOSED,5,20,15,CLOSED
20250816,12:45,90,30,40,40,80,40,50,50,40,60,5,-,CLOSED,15,CLOSED,5,10,15,40,5,5,15,5,5,5,CLOSED,-,15,CLOSED,5,20,10,CLOSED
20250816,13:15,100,40,40,30,90,40,60,40,50,70,5,-,CLOSED,15,CLOSED,5,15,15,40,10,5,15,10,5,5,CLOSED,-,10,CLOSED,10,20,10,CLOSED
20250816,13:45,100,40,40,40,70,40,80,60,40,60,10,-,CLOSED,15,CLOSED,5,10,15,40,10,10,15,10,5,5,CLOSED,-,10,CLOSED,15,20,15,CLOSED
20250816,14:15,100,40,40,30,80,40,70,50,40,70,10,-,CLOSED,15,CLOSED,5,10,15,40,10,5,15,10,5,5,CLOSED,-,10,CLOSED,10,20,10,CLOSED
20250816,14:45,100,30,40,40,90,40,70,40,50,50,5,-,CLOSED,20,CLOSED,5,15,15,60,5,5,15,15,5,5,CLOSED,-,15,CLOSED,10,20,15,CLOSED
20250816,15:15,100,40,40,30,100,40,70,50,50,60,5,15,CLOSED,20,CLOSED,5,10,15,60,10,15,15,15,5,5,CLOSED,-,15,CLOSED,10,15,15,CLOSED
20250816,15:45,100,40,40,40,120,50,70,60,50,60,15,5,CLOSED,20,CLOSED,5,15,15,-,15,10,15,15,5,5,CLOSED,-,15,CLOSED,10,20,10,CLOSED
20250816,16:15,120,40,50,40,100,50,80,50,40,80,15,5,CLOSED,20,CLOSED,5,15,15,-,15,15,15,10,5,5,CLOSED,-,15,CLOSED,15,20,15,CLOSED
20250816,16:45,100,30,40,40,90,40,80,60,60,70,15,20,CLOSED,15,CLOSED,5,15,15,-,20,20,15,15,5,5,CLOSED,-,15,CLOSED,10,25,15,CLOSED
20250816,17:15,90,40,30,40,100,50,120,60,50,60,20,25,CLOSED,15,CLOSED,5,15,15,25,10,15,15,15,5,5,CLOSED,-,15,CLOSED,10,10,10,CLOSED
20250816,17:45,100,40,40,40,90,50,120,50,40,70,10,15,CLOSED,15,CLOSED,5,10,15,40,15,15,15,5,5,5,CLOSED,-,15,CLOSED,10,15,10,CLOSED
20250816,18:15,100,30,40,40,90,50,90,60,50,70,10,20,CLOSED,15,CLOSED,5,15,15,30,10,15,15,15,5,5,CLOSED,-,10,CLOSED,10,15,10,CLOSED
20250816,18:45,90,30,40,40,100,50,70,50,50,50,-,-,CLOSED,15,CLOSED,-,15,15,40,15,-,15,15,5,5,CLOSED,-,20,CLOSED,5,15,5,CLOSED
20250816,19:15,80,25,25,40,100,60,60,50,40,60,-,-,CLOSED,15,CLOSED,-,10,15,25,15,-,15,15,5,5,CLOSED,-,10,CLOSED,5,10,10,CLOSED
20250816,19:45,-,25,25,40,70,50,50,40,20,50,-,-,CLOSED,20,CLOSED,-,5,15,20,20,-,15,15,5,5,CLOSED,-,5,CLOSED,5,10,5,CLOSED
20250816,20:15,-,20,15,30,60,50,50,40,25,40,-,-,CLOSED,20,CLOSED,-,5,15,10,15,-,15,5,5,5,CLOSED,-,5,CLOSED,5,5,5,CLOSED
20250816,20:45,-,15,10,25,-,30,40,20,15,30,-,-,CLOSED,15,CLOSED,-,5,15,5,5,-,-,5,5,5,CLOSED,-,5,CLOSED,5,5,5,CLOSED
20250816,21:15,-,-,-,-,-,-,-,-,-,-,-,-,CLOSED,-,CLOSED,-,-,-,-,-,-,-,-,-,-,CLOSED,-,-,CLOSED,-,-,-,CLOSED
20250816,21:45,-,-,-,-,-,-,-,-,-,-,-,-,CLOSED,-,CLOSED,-,-,-,-,-,-,-,-,-,-,CLOSED,-,-,CLOSED,-,-,-,CLOSED
20250817,07:15,-,-,-,-,-,-,-,-,-,-,-,-,CLOSED,-,CLOSED,-,-,-,-,-,-,-,-,-,-,CLOSED,-,-,CLOSED,-,-,-,CLOSED
20250817,07:45,-,-,-,-,-,-,-,-,-,-,-,-,CLOSED,-,CLOSED,-,-,-,-,-,-,-,-,-,-,CLOSED,-,-,CLOSED,-,-,-,CLOSED
20250817,08:15,-,-,-,-,-,-,-,-,-,-,-,-,CLOSED,-,CLOSED,-,-,-,-,-,-,-,-,-,-,CLOSED,-,-,CLOSED,-,-,-,CLOSED
20250817,08:45,-,-,-,-,-,-,-,-,-,-,-,-,CLOSED,-,CLOSED,-,-,-,-,-,-,-,-,-,-,CLOSED,-,-,CLOSED,-,-,-,CLOSED
20250817,09:15,80,15,-,15,80,5,40,5,5,40,5,-,CLOSED,20,CLOSED,-,5,15,5,5,5,-,5,5,-,CLOSED,-,-,CLOSED,5,5,5,CLOSED
20250817,09:45,120,60,-,50,140,10,90,70,50,70,25,-,CLOSED,20,CLOSED,-,5,15,5,5,5,-,5,5,-,CLOSED,-,-,CLOSED,5,5,5,CLOSED
20250817,10:15,140,60,30,30,160,120,140,90,70,80,30,-,CLOSED,20,CLOSED,-,25,30,50,5,5,5,15,5,5,CLOSED,-,5,CLOSED,15,20,10,CLOSED
20250817,10:45,140,60,60,50,120,80,140,80,60,120,15,-,CLOSED,20,CLOSED,-,20,15,50,5,5,5,15,5,5,CLOSED,-,25,CLOSED,15,20,10,CLOSED
20250817,11:15,100,50,60,40,100,80,100,80,50,90,5,-,CLOSED,15,CLOSED,-,10,15,40,5,5,15,10,5,5,CLOSED,-,15,CLOSED,15,20,15,CLOSED
20250817,11:45,100,30,60,40,90,60,50,60,50,80,10,-,CLOSED,15,CLOSED,-,20,15,40,5,5,15,15,5,5,CLOSED,-,15,CLOSED,15,15,15,CLOSED
20250817,12:15,100,40,60,30,90,50,80,80,-,80,10,-,CLOSED,15,CLOSED,5,10,15,60,15,10,15,10,5,5,CLOSED,-,25,CLOSED,15,20,10,CLOSED
20250817,12:45,100,40,60,40,90,50,80,100,-,90,10,-,CLOSED,15,CLOSED,5,10,15,60,10,10,15,15,5,5,CLOSED,-,15,CLOSED,15,20,15,CLOSED
20250817,13:15,100,40,50,40,90,50,80,70,30,-,5,-,CLOSED,15,CLOSED,5,15,20,50,15,20,15,15,5,5,CLOSED,-,20,CLOSED,15,25,15,CLOSED
20250817,13:45,100,40,50,30,120,10,60,80,60,-,20,-,CLOSED,15,CLOSED,5,10,15,50,15,20,15,10,5,5,CLOSED,-,20,CLOSED,20,25,20,CLOSED
20250817,14:15,120,40,60,40,100,10,80,80,90,-,5,-,CLOSED,15,CLOSED,5,10,15,50,5,10,15,10,5,5,CLOSED,-,15,CLOSED,20,20,15,CLOSED
20250817,14:45,90,40,60,50,100,50,90,70,100,-,15,-,CLOSED,15,CLOSED,5,15,15,50,20,20,15,15,5,5,CLOSED,-,25,CLOSED,20,30,20,CLOSED
20250817,15:15,120,40,60,40,80,10,100,80,80,70,20,5,CLOSED,15,CLOSED,5,15,15,60,15,15,15,10,5,5,CLOSED,-,15,CLOSED,15,20,20,CLOSED
20250817,15:45,100,40,40,40,120,80,80,70,70,80,25,15,CLOSED,15,CLOSED,5,20,15,60,10,15,15,15,5,5,CLOSED,-,25,CLOSED,15,15,20,CLOSED
20250817,16:15,100,40,60,40,120,80,60,80,70,120,10,15,CLOSED,20,CLOSED,5,15,15,60,10,15,15,15,10,5,CLOSED,-,15,CLOSED,20,25,20,CLOSED
20250817,16:45,100,40,40,40,100,50,80,80,80,120,15,25,CLOSED,20,CLOSED,5,20,15,50,15,20,15,15,5,5,CLOSED,-,15,CLOSED,15,15,15,CLOSED
20250817,17:15,120,40,50,40,100,60,80,-,100,120,10,30,CLOSED,20,CLOSED,5,10,15,30,10,15,15,15,5,5,CLOSED,-,25,CLOSED,15,25,10,CLOSED
20250817,17:45,100,40,50,50,120,60,80,-,90,90,15,25,CLOSED,15,CLOSED,5,10,15,40,20,20,15,20,5,5,CLOSED,-,20,CLOSED,10,20,15,CLOSED
20250817,18:15,120,40,40,40,120,90,90,120,70,100,15,-,CLOSED,15,CLOSED,5,15,20,40,10,15,15,20,5,5,CLOSED,-,25,CLOSED,10,15,20,CLOSED
20250817,18:45,90,30,40,40,120,90,90,140,70,100,-,-,CLOSED,15,CLOSED,-,15,20,30,20,-,15,20,5,5,CLOSED,-,15,CLOSED,10,20,10,CLOSED
20250817,19:15,90,30,40,40,90,10,80,100,60,80,-,-,CLOSED,20,CLOSED,-,10,20,30,15,-,15,15,5,5,CLOSED,-,15,CLOSED,10,20,10,CLOSED
20250817,19:45,90,30,30,40,70,10,60,90,30,70,-,-,CLOSED,20,CLOSED,-,5,15,25,15,-,15,15,5,5,CLOSED,-,15,CLOSED,10,20,10,CLOSED
20250817,20:15,-,20,30,30,-,50,60,-,50,60,-,-,CLOSED,15,CLOSED,-,5,15,20,10,-,15,10,5,5,CLOSED,-,15,CLOSED,5,5,5,CLOSED
20250817,20:45,-,15,15,-,-,-,-,-,25,-,-,-,CLOSED,15,CLOSED,-,5,15,5,10,-,-,10,5,5,CLOSED,-,5,CLOSED,5,5,5,CLOSED
20250817,21:15,-,-,-,-,-,-,-,-,-,-,-,-,CLOSED,-,CLOSED,-,-,-,-,-,-,-,-,-,-,CLOSED,-,-,CLOSED,-,-,-,CLOSED
20250817,21:45,-,-,-,-,-,-,-,-,-,-,-,-,CLOSED,-,CLOSED,-,-,-,-,-,-,-,-,-,-,CLOSED,-,-,CLOSED,-,-,-,CLOSED
20250818,07:15,-,-,-,-,-,-,-,CLOSED,-,-,-,-,CLOSED,-,CLOSED,-,-,-,-,-,-,-,-,-,-,CLOSED,-,-,CLOSED,-,-,-,CLOSED
20250818,07:45,-,-,-,-,-,-,-,CLOSED,-,-,-,-,CLOSED,-,CLOSED,-,-,-,-,-,-,-,-,-,-,CLOSED,-,-,CLOSED,-,-,-,CLOSED
20250818,08:15,-,-,-,-,-,-,-,CLOSED,-,-,-,-,CLOSED,-,CLOSED,-,-,-,-,-,-,-,-,-,-,CLOSED,-,-,CLOSED,-,-,-,CLOSED
20250818,08:45,-,-,-,-,-,-,-,CLOSED,-,-,-,-,CLOSED,-,CLOSED,-,-,-,-,-,-,-,-,-,-,CLOSED,-,-,CLOSED,-,-,-,CLOSED
20250818,09:15,70,10,5,5,140,25,60,CLOSED,5,-,5,-,CLOSED,5,CLOSED,-,5,15,5,5,5,-,5,5,-,CLOSED,-,5,CLOSED,5,5,5,CLOSED
20250818,09:45,140,60,60,40,100,120,80,CLOSED,30,-,25,-,CLOSED,20,CLOSED,-,15,15,10,5,10,-,5,5,-,CLOSED,-,5,CLOSED,5,5,5,CLOSED
20250818,10:15,160,80,70,60,160,160,120,CLOSED,100,20,25,-,CLOSED,20,CLOSED,-,30,20,70,5,10,15,15,5,5,CLOSED,-,15,CLOSED,15,25,10,CLOSED
20250818,10:45,160,70,70,50,120,140,120,CLOSED,90,140,15,-,CLOSED,20,CLOSED,-,25,20,60,10,10,15,20,5,5,CLOSED,-,25,CLOSED,15,30,15,CLOSED
20250818,11:15,140,80,60,40,120,80,80,CLOSED,70,180,10,-,CLOSED,20,CLOSED,-,20,40,-,15,10,15,20,5,5,CLOSED,-,30,CLOSED,20,30,25,CLOSED
20250818,11:45,140,60,60,50,90,90,70,CLOSED,70,160,10,-,CLOSED,20,CLOSED,-,30,30,-,25,10,15,25,5,5,CLOSED,-,30,CLOSED,25,40,30,CLOSED
20250818,12:15,120,60,70,40,120,100,80,CLOSED,70,140,15,-,CLOSED,15,CLOSED,5,-,15,50,-,10,15,25,10,5,CLOSED,-,25,CLOSED,30,40,25,CLOSED
20250818,12:45,120,50,60,40,100,100,90,CLOSED,70,140,10,-,CLOSED,15,CLOSED,5,-,15,70,-,10,15,15,5,5,CLOSED,-,15,CLOSED,20,25,20,CLOSED
20250818,13:15,120,50,50,30,120,100,100,CLOSED,70,120,10,-,CLOSED,15,CLOSED,5,-,15,70,-,15,15,15,5,5,CLOSED,-,25,CLOSED,25,35,30,CLOSED
20250818,13:45,120,40,50,50,90,90,100,CLOSED,-,140,15,-,CLOSED,15,CLOSED,5,10,15,80,15,10,15,15,5,5,CLOSED,-,20,CLOSED,20,40,25,CLOSED
20250818,14:15,140,60,50,40,120,70,90,CLOSED,-,140,15,-,CLOSED,20,CLOSED,5,15,15,100,15,10,15,15,5,5,CLOSED,-,25,CLOSED,20,40,25,CLOSED
20250818,14:45,140,50,50,40,120,120,90,CLOSED,60,140,10,-,CLOSED,20,CLOSED,5,20,20,100,15,20,15,15,5,5,CLOSED,-,25,CLOSED,20,40,25,CLOSED
20250818,15:15,120,50,60,40,90,100,90,CLOSED,100,120,10,5,CLOSED,20,CLOSED,5,15,20,-,15,10,15,15,5,5,CLOSED,-,50,CLOSED,20,40,25,CLOSED
20250818,15:45,120,40,50,40,140,100,140,CLOSED,100,120,20,-,CLOSED,30,CLOSED,5,15,15,-,20,10,15,15,5,5,CLOSED,-,25,CLOSED,25,30,30,CLOSED
20250818,16:15,140,50,60,40,160,140,120,CLOSED,120,140,10,-,CLOSED,25,CLOSED,5,15,15,80,10,10,15,20,5,5,CLOSED,-,25,CLOSED,15,30,30,CLOSED
20250818,16:45,120,40,60,50,160,120,120,CLOSED,90,160,20,20,CLOSED,20,CLOSED,5,20,20,80,20,25,15,20,5,5,CLOSED,-,25,CLOSED,20,25,30,CLOSED
20250818,17:15,120,40,50,50,140,120,100,CLOSED,120,140,10,25,CLOSED,20,CLOSED,15,10,15,80,15,15,15,25,5,5,CLOSED,-,30,CLOSED,10,25,30,CLOSED
20250818,17:45,120,50,50,40,120,120,100,CLOSED,100,140,15,25,CLOSED,20,CLOSED,15,10,15,30,15,20,15,20,5,5,CLOSED,-,25,CLOSED,10,20,20,CLOSED
20250818,18:15,120,40,40,50,140,120,80,CLOSED,90,140,15,30,CLOSED,20,CLOSED,15,20,20,-,15,15,15,25,5,5,CLOSED,-,25,CLOSED,15,25,15,CLOSED
20250818,18:45,100,30,40,40,120,120,100,CLOSED,90,120,-,-,CLOSED,20,CLOSED,-,10,20,-,20,-,15,20,5,5,CLOSED,-,30,CLOSED,10,15,15,CLOSED
20250818,19:15,90,30,40,40,100,90,100,CLOSED,80,100,-,-,CLOSED,15,CLOSED,-,10,20,-,20,-,15,25,5,5,CLOSED,-,25,CLOSED,5,20,15,CLOSED
20250818,19:45,70,20,30,30,90,80,80,CLOSED,50,80,-,-,CLOSED,20,CLOSED,-,5,15,40,15,-,15,15,5,5,CLOSED,-,15,CLOSED,10,15,15,CLOSED
20250818,20:15,50,20,20,30,60,60,50,CLOSED,25,50,-,-,CLOSED,15,CLOSED,-,5,15,40,15,-,15,5,5,5,CLOSED,-,10,CLOSED,5,10,5,CLOSED
20250818,20:45,-,5,10,25,-,-,40,CLOSED,20,-,-,-,CLOSED,15,CLOSED,-,5,15,-,5,-,-,5,5,5,CLOSED,-,5,CLOSED,5,5,5,CLOSED
20250818,21:15,-,-,-,-,-,-,-,CLOSED,-,-,-,-,CLOSED,-,CLOSED,-,-,-,-,-,-,-,-,-,-,CLOSED,-,-,CLOSED,-,-,-,CLOSED
20250818,21:45,-,-,-,-,-,-,-,CLOSED,-,-,-,-,CLOSED,-,CLOSED,-,-,-,-,-,-,-,-,-,-,CLOSED,-,-,CLOSED,-,-,-,CLOSED
20250819,07:15,-,-,-,-,-,-,-,CLOSED,-,-,-,-,CLOSED,-,CLOSED,-,-,-,-,-,-,-,-,-,-,CLOSED,-,-,CLOSED,-,-,-,CLOSED
20250819,07:45,-,-,-,-,-,-,-,CLOSED,-,-,-,-,CLOSED,-,CLOSED,-,-,-,-,-,-,-,-,-,-,CLOSED,-,-,CLOSED,-,-,-,CLOSED
20250819,08:15,-,-,-,-,-,-,-,CLOSED,-,-,-,-,CLOSED,-,CLOSED,-,-,-,-,-,-,-,-,-,-,CLOSED,-,-,CLOSED,-,-,-,CLOSED
20250819,08:45,-,-,-,-,-,-,-,CLOSED,-,-,-,-,CLOSED,-,CLOSED,-,-,-,-,-,-,-,-,-,-,CLOSED,-,-,CLOSED,-,-,-,CLOSED
20250819,09:15,-,30,20,15,80,15,60,CLOSED,5,30,5,-,CLOSED,20,CLOSED,-,5,15,5,5,5,-,5,5,-,CLOSED,-,5,CLOSED,5,5,5,CLOSED
20250819,09:45,-,90,70,50,160,80,90,CLOSED,40,80,25,-,CLOSED,20,CLOSED,-,10,15,15,5,5,-,5,5,-,CLOSED,-,5,CLOSED,5,5,5,CLOSED
20250819,10:15,-,60,60,60,160,80,100,CLOSED,70,120,25,-,CLOSED,20,CLOSED,-,15,20,-,5,5,15,15,10,5,CLOSED,-,20,CLOSED,15,25,15,CLOSED
20250819,10:45,70,80,70,30,120,90,90,CLOSED,90,120,25,-,CLOSED,20,CLOSED,-,15,30,-,15,5,15,15,5,5,CLOSED,-,25,CLOSED,20,25,20,CLOSED
20250819,11:15,160,60,60,50,120,60,10,CLOSED,80,100,15,-,CLOSED,20,CLOSED,-,10,15,40,5,5,15,20,5,5,CLOSED,-,25,CLOSED,20,25,20,CLOSED
20250819,11:45,140,60,50,60,90,70,60,CLOSED,70,80,5,-,CLOSED,15,CLOSED,-,20,15,60,10,5,15,15,5,5,CLOSED,-,25,CLOSED,20,25,15,CLOSED
20250819,12:15,120,50,60,40,90,80,60,CLOSED,70,90,5,-,CLOSED,15,CLOSED,5,20,15,70,15,5,15,15,5,5,CLOSED,-,25,CLOSED,15,25,20,CLOSED
20250819,12:45,90,40,50,40,120,70,80,CLOSED,70,90,5,-,CLOSED,15,CLOSED,5,10,15,70,5,5,15,10,5,5,CLOSED,-,20,CLOSED,20,25,20,CLOSED
20250819,13:15,120,50,50,40,100,70,80,CLOSED,60,100,5,-,CLOSED,15,CLOSED,5,25,15,70,15,5,15,10,5,5,CLOSED,-,15,CLOSED,20,25,20,CLOSED
20250819,13:45,140,50,50,40,100,70,80,CLOSED,60,100,10,-,CLOSED,20,CLOSED,5,10,15,90,15,5,15,15,5,5,CLOSED,-,20,CLOSED,20,25,20,CLOSED
20250819,14:15,120,40,60,40,100,70,10,CLOSED,70,100,10,-,CLOSED,20,CLOSED,5,15,15,-,10,5,15,15,5,5,CLOSED,-,15,CLOSED,20,30,25,CLOSED
20250819,14:45,120,50,50,50,120,60,80,CLOSED,80,100,10,-,CLOSED,20,CLOSED,5,20,15,-,10,20,15,15,10,5,CLOSED,-,25,CLOSED,20,30,20,CLOSED
20250819,15:15,120,40,40,50,100,70,90,CLOSED,80,100,10,-,CLOSED,15,CLOSED,5,10,15,-,15,20,15,15,10,5,CLOSED,-,25,CLOSED,30,30,25,CLOSED
20250819,15:45,120,50,50,40,120,70,100,CLOSED,80,100,20,5,CLOSED,15,CLOSED,5,20,15,50,15,20,15,15,10,5,CLOSED,-,20,CLOSED,25,30,25,CLOSED
20250819,16:15,120,40,50,50,100,80,80,CLOSED,80,100,15,5,CLOSED,15,CLOSED,5,10,15,60,15,15,15,15,-,5,CLOSED,-,25,CLOSED,20,30,20,CLOSED
20250819,16:45,-,50,40,50,120,80,90,CLOSED,70,100,5,15,CLOSED,20,CLOSED,5,20,15,60,20,25,15,15,-,5,CLOSED,-,25,CLOSED,20,25,25,CLOSED
20250819,17:15,-,40,40,50,140,70,80,CLOSED,80,100,15,20,CLOSED,20,CLOSED,5,10,15,60,15,20,15,20,5,5,CLOSED,-,25,CLOSED,15,20,20,CLOSED
20250819,17:45,100,30,40,50,120,70,90,CLOSED,70,100,15,10,CLOSED,20,CLOSED,5,10,15,40,15,20,15,10,5,5,CLOSED,-,25,CLOSED,15,20,15,CLOSED
20250819,18:15,120,40,40,40,120,70,100,CLOSED,70,90,15,30,CLOSED,20,CLOSED,5,20,15,30,15,10,15,15,5,5,CLOSED,-,15,CLOSED,10,20,15,CLOSED
20250819,18:45,120,30,40,50,90,70,80,CLOSED,70,90,-,-,CLOSED,20,CLOSED,-,20,20,40,15,-,15,15,5,5,CLOSED,-,25,CLOSED,10,15,15,CLOSED
20250819,19:15,100,30,40,40,90,70,10,CLOSED,70,80,-,-,CLOSED,15,CLOSED,-,10,20,30,15,-,15,15,5,5,CLOSED,-,25,CLOSED,10,15,15,CLOSED
20250819,19:45,80,25,20,40,80,60,50,CLOSED,15,60,-,-,CLOSED,20,CLOSED,-,5,15,20,20,-,15,15,5,5,CLOSED,-,10,CLOSED,5,15,5,CLOSED
20250819,20:15,-,20,20,30,60,50,50,CLOSED,25,50,-,-,CLOSED,15,CLOSED,-,5,15,15,10,-,15,5,5,5,CLOSED,-,5,CLOSED,5,5,5,CLOSED
20250819,20:45,-,10,10,-,-,25,30,CLOSED,10,-,-,-,CLOSED,15,CLOSED,-,5,15,5,5,-,-,5,5,5,CLOSED,-,5,CLOSED,5,5,5,CLOSED
20250819,21:15,-,-,-,-,-,-,-,CLOSED,-,-,-,-,CLOSED,-,CLOSED,-,-,-,-,-,-,-,-,-,-,CLOSED,-,-,CLOSED,-,-,-,CLOSED
20250819,21:45,-,-,-,-,-,-,-,CLOSED,-,-,-,-,CLOSED,-,CLOSED,-,-,-,-,-,-,-,-,-,-,CLOSED,-,-,CLOSED,-,-,-,CLOSED
20250820,07:15,-,-,-,-,-,-,-,CLOSED,-,-,-,-,CLOSED,-,CLOSED,-,-,-,-,-,-,-,-,-,-,CLOSED,-,-,CLOSED,-,-,-,CLOSED
20250820,07:45,-,-,-,-,-,-,-,CLOSED,-,-,-,-,CLOSED,-,CLOSED,-,-,-,-,-,-,-,-,-,-,CLOSED,-,-,CLOSED,-,-,-,CLOSED
20250820,08:15,-,-,-,-,-,-,-,CLOSED,-,-,-,-,CLOSED,-,CLOSED,-,-,-,-,-,-,-,-,-,-,CLOSED,-,-,CLOSED,-,-,-,CLOSED
20250820,08:45,-,-,-,-,-,-,-,CLOSED,-,-,-,-,CLOSED,-,CLOSED,-,-,-,-,-,-,-,-,-,-,CLOSED,-,-,CLOSED,-,-,-,CLOSED
20250820,09:15,60,10,-,15,90,15,60,CLOSED,5,50,10,-,CLOSED,15,CLOSED,-,5,15,5,5,5,-,5,5,-,CLOSED,-,5,CLOSED,5,5,5,CLOSED
20250820,09:45,120,50,60,30,120,80,120,CLOSED,10,70,25,-,CLOSED,15,CLOSED,-,10,15,10,5,5,-,5,5,-,CLOSED,-,5,CLOSED,5,5,5,CLOSED
20250820,10:15,140,50,50,50,140,70,140,CLOSED,60,120,30,-,CLOSED,30,CLOSED,-,20,20,50,5,5,15,5,5,5,CLOSED,-,10,CLOSED,5,15,10,CLOSED
20250820,10:45,140,60,60,50,100,70,90,CLOSED,60,100,25,-,CLOSED,20,CLOSED,-,20,50,40,5,5,15,10,5,5,CLOSED,-,20,CLOSED,15,25,15,CLOSED
20250820,11:15,120,60,60,40,120,60,10,CLOSED,60,80,10,-,CLOSED,20,CLOSED,-,10,15,50,5,5,15,10,5,5,CLOSED,-,25,CLOSED,20,25,15,CLOSED
20250820,11:45,120,50,50,40,90,50,10,CLOSED,70,90,5,-,CLOSED,15,CLOSED,-,25,15,70,10,5,15,10,5,5,CLOSED,-,25,CLOSED,20,25,15,CLOSED
20250820,12:15,120,50,50,30,70,60,60,CLOSED,70,120,5,-,CLOSED,15,CLOSED,5,10,15,80,5,5,15,15,5,5,CLOSED,-,15,CLOSED,15,20,20,CLOSED
20250820,12:45,100,40,40,40,120,70,80,CLOSED,60,140,5,-,CLOSED,15,CLOSED,5,5,15,80,10,5,15,15,5,5,CLOSED,-,20,CLOSED,15,25,20,CLOSED
20250820,13:15,120,50,40,40,120,70,100,CLOSED,70,120,5,-,CLOSED,15,CLOSED,5,20,15,40,15,5,15,15,5,5,CLOSED,-,20,CLOSED,20,25,15,CLOSED
20250820,13:45,120,40,40,50,100,60,10,CLOSED,70,120,10,-,CLOSED,15,CLOSED,5,10,15,60,10,5,15,10,5,5,CLOSED,-,20,CLOSED,15,20,20,CLOSED
20250820,14:15,100,40,50,40,90,60,80,CLOSED,70,80,5,-,CLOSED,15,CLOSED,5,10,15,70,5,5,15,15,5,5,CLOSED,-,25,CLOSED,20,25,25,CLOSED
20250820,14:45,120,40,50,40,120,60,80,CLOSED,80,120,5,-,CLOSED,20,CLOSED,5,25,15,70,15,10,15,15,5,5,CLOSED,-,25,CLOSED,15,30,25,CLOSED
20250820,15:15,120,40,50,40,100,80,100,CLOSED,80,100,10,5,CLOSED,20,CLOSED,5,10,15,60,15,20,15,15,5,5,CLOSED,-,30,CLOSED,20,30,25,CLOSED
20250820,15:45,-,40,50,40,120,70,100,CLOSED,70,120,15,15,CLOSED,20,CLOSED,5,10,15,60,15,15,15,15,5,5,CLOSED,-,25,CLOSED,20,30,20,CLOSED
20250820,16:15,-,40,40,40,120,80,100,CLOSED,80,90,20,15,CLOSED,15,CLOSED,5,15,15,60,20,15,15,-,5,5,CLOSED,-,30,CLOSED,20,25,20,CLOSED
20250820,16:45,-,40,50,50,90,70,90,CLOSED,90,120,15,20,CLOSED,20,CLOSED,5,15,15,60,15,20,15,-,5,5,CLOSED,-,25,CLOSED,15,25,25,CLOSED
20250820,17:15,120,40,40,40,120,70,100,CLOSED,80,90,15,20,CLOSED,15,CLOSED,5,5,15,40,15,15,15,10,5,5,CLOSED,-,15,CLOSED,20,25,20,CLOSED
20250820,17:45,120,40,40,40,120,80,90,CLOSED,70,80,15,25,CLOSED,15,CLOSED,5,15,15,25,10,15,15,20,5,5,CLOSED,-,25,CLOSED,10,20,15,CLOSED
20250820,18:15,90,40,40,40,120,80,90,CLOSED,70,120,15,30,CLOSED,15,CLOSED,5,20,20,40,15,10,15,20,5,5,CLOSED,-,25,CLOSED,10,15,10,CLOSED
20250820,18:45,100,40,40,40,120,60,80,CLOSED,70,90,-,-,CLOSED,20,CLOSED,-,15,20,30,20,-,15,20,5,5,CLOSED,-,25,CLOSED,10,15,10,CLOSED
20250820,19:15,90,30,30,40,90,70,10,CLOSED,70,70,-,-,CLOSED,20,CLOSED,-,15,20,-,15,-,15,10,5,10,CLOSED,-,15,CLOSED,10,15,10,CLOSED
20250820,19:45,80,30,30,40,70,60,60,CLOSED,20,60,-,-,CLOSED,15,CLOSED,-,5,15,-,15,-,15,15,5,10,CLOSED,-,15,CLOSED,5,15,5,CLOSED
20250820,20:15,50,25,15,30,70,70,60,CLOSED,25,40,-,-,CLOSED,15,CLOSED,-,5,15,-,10,-,15,15,5,5,CLOSED,-,5,CLOSED,5,15,5,CLOSED
20250820,20:45,-,10,10,-,-,40,40,CLOSED,-,30,-,-,CLOSED,15,CLOSED,-,5,15,5,5,-,-,5,5,5,CLOSED,-,5,CLOSED,5,5,5,CLOSED
20250820,21:15,-,-,-,-,-,-,-,CLOSED,-,-,-,-,CLOSED,-,CLOSED,-,-,-,-,-,-,-,-,-,-,CLOSED,-,-,CLOSED,-,-,-,CLOSED
20250820,21:45,-,-,-,-,-,-,-,CLOSED,-,-,-,-,CLOSED,-,CLOSED,-,-,-,-,-,-,-,-,-,-,CLOSED,-,-,CLOSED,-,-,-,CLOSED
20250821,07:15,-,-,-,-,-,-,-,CLOSED,-,-,-,-,CLOSED,-,CLOSED,-,-,-,-,-,-,-,-,-,-,CLOSED,-,-,CLOSED,-,-,-,-
20250821,07:45,-,-,-,-,-,-,-,CLOSED,-,-,-,-,CLOSED,-,CLOSED,-,-,-,-,-,-,-,-,-,-,CLOSED,-,-,CLOSED,-,-,-,-
20250821,08:15,-,-,-,-,-,-,-,CLOSED,-,-,-,-,CLOSED,-,CLOSED,-,-,-,-,-,-,-,-,-,-,CLOSED,-,-,CLOSED,-,-,-,-
20250821,08:45,-,-,-,-,-,-,-,CLOSED,-,-,-,-,CLOSED,-,CLOSED,-,-,-,-,-,-,-,-,-,-,CLOSED,-,-,CLOSED,-,-,-,-
20250821,09:15,90,5,-,15,90,20,60,CLOSED,5,50,10,-,CLOSED,20,CLOSED,-,5,15,5,5,5,-,5,5,-,CLOSED,-,5,CLOSED,5,5,5,5
20250821,09:45,140,50,-,40,120,70,90,CLOSED,20,100,25,-,CLOSED,20,CLOSED,-,10,20,-,5,5,-,5,5,-,CLOSED,-,5,CLOSED,10,10,5,-
20250821,10:15,140,70,-,60,160,100,100,CLOSED,70,120,35,-,CLOSED,20,CLOSED,-,20,20,-,5,5,5,15,5,5,CLOSED,-,20,CLOSED,15,20,15,-
20250821,10:45,120,60,-,60,120,90,90,CLOSED,80,100,15,-,CLOSED,20,CLOSED,-,15,20,-,5,5,15,15,5,5,CLOSED,-,25,CLOSED,25,30,20,-
20250821,11:15,120,60,-,50,100,90,70,CLOSED,70,100,15,-,CLOSED,20,CLOSED,-,15,20,-,10,5,15,15,10,5,CLOSED,-,25,CLOSED,20,30,25,-
20250821,11:45,120,50,-,40,100,90,80,CLOSED,70,80,15,-,CLOSED,20,CLOSED,-,20,20,-,10,5,15,15,5,5,CLOSED,-,25,CLOSED,20,30,25,-
20250821,12:15,120,60,-,50,100,70,80,CLOSED,70,120,15,-,CLOSED,20,CLOSED,15,10,15,-,15,5,15,20,5,5,CLOSED,-,25,CLOSED,20,30,25,-
20250821,12:45,120,50,10,40,120,70,80,CLOSED,70,120,5,-,CLOSED,20,CLOSED,5,15,15,120,10,10,15,10,5,5,CLOSED,-,15,CLOSED,20,30,25,-
20250821,13:15,100,40,80,40,100,70,80,CLOSED,60,120,10,-,CLOSED,20,CLOSED,5,30,15,120,15,10,15,15,5,5,CLOSED,-,25,CLOSED,25,40,25,-
20250821,13:45,100,40,60,40,120,70,80,CLOSED,60,100,20,-,CLOSED,20,CLOSED,5,15,15,120,15,5,15,15,5,5,CLOSED,-,25,CLOSED,15,40,20,-
20250821,14:15,120,40,60,40,80,80,70,CLOSED,60,120,10,-,CLOSED,15,CLOSED,5,15,15,120,10,5,15,15,5,5,CLOSED,-,25,CLOSED,20,30,25,-
20250821,14:45,100,30,70,40,120,70,100,CLOSED,70,100,10,-,CLOSED,15,CLOSED,5,25,15,-,15,5,15,15,5,5,CLOSED,-,25,CLOSED,20,30,30,-
20250821,15:15,-,40,70,50,100,60,100,CLOSED,80,90,10,-,CLOSED,15,CLOSED,5,10,15,-,15,10,15,10,5,5,CLOSED,-,25,CLOSED,25,40,25,-
20250821,15:45,-,40,70,40,120,80,80,CLOSED,70,140,10,-,CLOSED,15,CLOSED,5,10,15,-,20,20,15,15,5,5,CLOSED,-,20,CLOSED,20,30,25,-
20250821,16:15,120,40,70,40,100,80,90,CLOSED,80,120,10,5,CLOSED,15,CLOSED,5,10,15,-,10,25,15,20,5,5,CLOSED,-,25,CLOSED,20,25,15,15
20250821,16:45,120,40,60,40,120,70,80,CLOSED,80,100,10,15,CLOSED,20,CLOSED,5,15,15,-,20,20,15,15,5,5,CLOSED,-,25,CLOSED,15,25,15,50
20250821,17:15,120,30,70,40,120,60,90,CLOSED,80,120,10,25,CLOSED,15,CLOSED,5,10,15,-,15,20,15,15,5,5,CLOSED,-,15,CLOSED,15,20,15,70
20250821,17:45,120,30,60,40,120,70,80,CLOSED,60,100,15,15,CLOSED,20,CLOSED,5,15,15,25,10,5,15,15,5,5,CLOSED,-,15,CLOSED,10,15,10,30
20250821,18:15,120,40,60,40,120,80,80,CLOSED,60,70,10,25,CLOSED,15,CLOSED,5,15,15,50,5,10,15,15,5,5,CLOSED,-,15,CLOSED,5,20,10,40
20250821,18:45,100,30,50,40,100,60,90,CLOSED,70,80,-,-,CLOSED,15,CLOSED,-,15,15,50,5,-,15,15,5,5,CLOSED,-,15,CLOSED,10,20,15,30
20250821,19:15,90,30,50,40,80,60,70,CLOSED,60,80,-,-,CLOSED,15,CLOSED,-,10,15,60,15,-,15,15,5,5,CLOSED,-,20,CLOSED,5,15,15,30
20250821,19:45,80,30,40,30,70,60,40,CLOSED,50,60,-,-,CLOSED,15,CLOSED,-,5,50,20,15,-,15,15,5,5,CLOSED,-,15,CLOSED,5,10,5,20
20250821,20:15,50,15,25,30,60,60,40,CLOSED,20,50,-,-,CLOSED,15,CLOSED,-,5,15,30,10,-,15,5,5,5,CLOSED,-,5,CLOSED,5,5,5,20
20250821,20:45,-,5,15,-,-,-,40,CLOSED,15,30,-,-,CLOSED,15,CLOSED,-,5,15,15,5,-,-,5,-,5,CLOSED,-,5,CLOSED,5,5,5,5
20250821,21:15,-,-,-,-,-,-,-,CLOSED,-,-,-,-,CLOSED,-,CLOSED,-,-,-,-,-,-,-,-,-,-,CLOSED,-,-,CLOSED,-,-,-,-
20250821,21:45,-,-,-,-,-,-,-,CLOSED,-,-,-,-,CLOSED,-,CLOSED,-,-,-,-,-,-,-,-,-,-,CLOSED,-,-,CLOSED,-,-,-,-
20250822,07:15,-,-,-,-,-,-,-,CLOSED,-,-,-,-,CLOSED,-,CLOSED,-,-,-,-,-,-,-,-,-,-,CLOSED,-,-,CLOSED,-,-,-,-
20250822,07:45,-,-,-,-,-,-,-,CLOSED,-,-,-,-,CLOSED,-,CLOSED,-,-,-,-,-,-,-,-,-,-,CLOSED,-,-,CLOSED,-,-,-,-
20250822,08:15,-,-,-,-,-,-,-,CLOSED,-,-,-,-,CLOSED,-,CLOSED,-,-,-,-,-,-,-,-,-,-,CLOSED,-,-,CLOSED,-,-,-,-
20250822,08:45,-,-,-,-,-,-,-,CLOSED,-,-,-,-,CLOSED,-,CLOSED,-,-,-,-,-,-,-,-,-,-,CLOSED,-,-,CLOSED,-,-,-,-
20250822,09:15,40,10,5,5,80,5,40,CLOSED,5,30,5,-,CLOSED,20,CLOSED,-,5,15,5,5,5,-,5,5,-,CLOSED,-,5,CLOSED,5,5,5,-
20250822,09:45,120,50,40,30,120,60,80,CLOSED,5,70,15,-,CLOSED,20,CLOSED,-,5,15,5,5,5,-,5,5,-,CLOSED,-,5,CLOSED,5,5,5,-
20250822,10:15,160,60,60,50,120,70,100,CLOSED,70,90,25,-,CLOSED,15,CLOSED,-,15,20,40,5,5,15,5,5,5,CLOSED,-,10,CLOSED,5,5,5,-
20250822,10:45,160,60,60,50,100,80,100,CLOSED,80,90,15,-,CLOSED,15,CLOSED,-,20,15,50,5,5,15,15,5,5,CLOSED,-,15,CLOSED,15,20,10,-
20250822,11:15,140,70,50,40,120,80,60,CLOSED,70,80,10,-,CLOSED,15,CLOSED,-,10,15,50,5,5,15,10,5,5,CLOSED,-,20,CLOSED,15,20,15,-
20250822,11:45,120,60,50,40,100,60,60,CLOSED,60,80,5,-,CLOSED,20,CLOSED,-,20,15,40,10,5,15,10,5,5,CLOSED,-,15,CLOSED,15,25,20,-
20250822,12:15,100,40,60,40,90,60,70,CLOSED,60,80,5,-,CLOSED,15,CLOSED,5,10,15,30,15,5,15,10,10,5,CLOSED,-,15,CLOSED,15,25,25,10
20250822,12:45,120,50,50,40,80,60,70,CLOSED,60,70,5,-,CLOSED,20,CLOSED,5,15,15,40,5,5,15,10,5,5,CLOSED,-,15,CLOSED,20,25,15,30
20250822,13:15,120,40,50,40,90,60,70,CLOSED,60,60,5,-,CLOSED,20,CLOSED,5,20,15,50,5,10,15,10,5,5,CLOSED,-,15,CLOSED,20,25,20,50
20250822,13:45,120,40,50,40,90,50,70,CLOSED,50,80,5,-,CLOSED,20,CLOSED,5,10,15,40,10,5,15,10,5,5,CLOSED,-,15,CLOSED,15,25,15,40
20250822,14:15,100,40,40,40,90,60,80,CLOSED,70,80,5,-,CLOSED,20,CLOSED,5,5,15,40,5,5,15,10,5,5,CLOSED,-,25,CLOSED,20,25,20,50
20250822,14:45,120,-,60,40,90,60,90,CLOSED,70,80,5,-,CLOSED,20,CLOSED,5,25,15,50,10,10,15,10,5,5,CLOSED,-,20,CLOSED,20,25,20,40
20250822,15:15,120,-,60,40,100,50,90,CLOSED,70,80,15,5,CLOSED,15,CLOSED,5,10,15,50,15,15,15,15,5,5,CLOSED,-,20,CLOSED,20,30,20,50
20250822,15:45,120,-,50,40,100,60,80,CLOSED,70,80,10,10,CLOSED,15,CLOSED,5,10,15,50,15,20,15,15,5,5,CLOSED,-,25,CLOSED,25,40,20,50
20250822,16:15,100,60,40,40,120,70,90,CLOSED,70,80,10,15,CLOSED,15,CLOSED,5,15,15,30,15,15,15,15,5,5,CLOSED,-,25,CLOSED,20,25,25,50
20250822,16:45,100,60,40,40,90,60,90,CLOSED,60,70,10,15,CLOSED,20,CLOSED,5,10,15,40,20,15,15,15,5,5,CLOSED,-,25,CLOSED,15,25,25,40
20250822,17:15,120,40,40,40,100,60,80,CLOSED,60,70,10,20,CLOSED,20,CLOSED,5,10,15,50,15,15,15,15,5,5,CLOSED,-,20,CLOSED,10,25,15,50
20250822,17:45,120,40,40,40,140,60,90,CLOSED,70,80,20,20,CLOSED,15,CLOSED,5,15,20,30,15,15,15,15,5,5,CLOSED,-,-,CLOSED,10,25,15,10
20250822,18:15,100,50,40,50,140,70,100,CLOSED,70,80,10,25,CLOSED,15,CLOSED,5,20,20,30,10,20,15,20,5,5,CLOSED,-,-,CLOSED,10,20,15,25
20250822,18:45,100,40,40,40,120,70,100,CLOSED,60,80,-,-,CLOSED,15,CLOSED,-,15,15,40,15,-,15,20,5,5,CLOSED,-,-,CLOSED,10,20,15,25
20250822,19:15,90,40,40,40,100,60,80,CLOSED,50,60,-,-,CLOSED,15,CLOSED,-,10,15,40,15,-,15,20,5,5,CLOSED,-,15,CLOSED,5,15,15,20
20250822,19:45,80,40,20,30,90,60,60,CLOSED,40,60,-,-,CLOSED,20,CLOSED,-,5,15,30,15,-,15,15,5,5,CLOSED,-,20,CLOSED,5,10,5,15
20250822,20:15,-,25,15,30,70,50,50,CLOSED,25,50,-,-,CLOSED,20,CLOSED,-,5,15,30,15,-,15,5,5,5,CLOSED,-,5,CLOSED,10,10,5,5
20250822,20:45,-,15,10,-,50,-,35,CLOSED,5,25,-,-,CLOSED,15,CLOSED,-,5,15,20,5,-,-,5,5,5,CLOSED,-,5,CLOSED,5,5,5,5
20250822,21:15,-,-,-,-,-,-,-,CLOSED,-,-,-,-,CLOSED,-,CLOSED,-,-,-,-,-,-,-,-,-,-,CLOSED,-,-,CLOSED,-,-,-,-
20250822,21:45,-,-,-,-,-,-,-,CLOSED,-,-,-,-,CLOSED,-,CLOSED,-,-,-,-,-,-,-,-,-,-,CLOSED,-,-,CLOSED,-,-,-,-
20250823,07:15,-,-,-,-,-,-,-,CLOSED,-,-,-,-,CLOSED,-,CLOSED,-,-,-,-,-,-,-,-,-,-,CLOSED,-,-,-,-,-,-,-
20250823,07:45,-,-,-,-,-,-,-,CLOSED,-,-,-,-,CLOSED,-,CLOSED,-,-,-,-,-,-,-,-,-,-,CLOSED,-,-,-,-,-,-,-
20250823,08:15,-,-,-,-,-,-,-,CLOSED,-,-,-,-,CLOSED,-,CLOSED,-,-,-,-,-,-,-,-,-,-,CLOSED,-,-,-,-,-,-,-
20250823,08:45,-,-,-,-,-,-,-,CLOSED,-,-,-,-,CLOSED,-,CLOSED,-,-,-,-,-,-,-,-,-,-,CLOSED,-,-,-,-,-,-,-
20250823,09:15,50,10,10,5,100,10,60,CLOSED,5,20,5,-,CLOSED,15,CLOSED,-,5,15,5,5,5,-,5,5,-,CLOSED,-,5,5,5,5,5,5
20250823,09:45,120,40,40,30,160,60,80,CLOSED,5,80,20,-,CLOSED,15,CLOSED,-,5,15,10,5,5,-,5,5,-,CLOSED,-,5,5,5,5,5,5
20250823,10:15,120,60,60,40,120,80,80,CLOSED,60,90,15,-,CLOSED,15,CLOSED,-,10,15,40,5,5,15,5,5,5,CLOSED,-,5,5,5,10,5,20
20250823,10:45,120,50,50,40,80,60,60,CLOSED,40,50,5,-,CLOSED,20,CLOSED,-,15,15,30,5,5,15,15,5,5,CLOSED,-,5,5,5,15,5,20
20250823,11:15,100,40,40,40,80,40,40,CLOSED,30,60,10,-,CLOSED,20,CLOSED,-,5,15,30,5,5,15,5,5,5,CLOSED,-,10,5,5,10,5,20
20250823,11:45,90,30,40,40,90,40,50,CLOSED,30,50,10,-,CLOSED,20,CLOSED,-,15,15,40,10,5,15,5,5,5,CLOSED,-,10,-,10,15,10,20
20250823,12:15,90,30,40,30,80,30,60,CLOSED,40,60,10,-,CLOSED,10,CLOSED,5,10,15,20,10,5,15,5,5,5,CLOSED,-,10,-,10,15,10,25
20250823,12:45,90,30,40,30,80,40,40,CLOSED,40,50,5,-,CLOSED,20,CLOSED,5,5,15,20,5,5,15,5,5,5,CLOSED,-,10,-,10,20,10,15
20250823,13:15,90,30,40,40,70,30,60,CLOSED,40,30,5,-,CLOSED,20,CLOSED,5,15,15,40,15,5,15,5,5,5,CLOSED,-,10,5,5,10,10,10
20250823,13:45,100,30,30,30,70,40,0,CLOSED,25,50,5,-,CLOSED,20,CLOSED,5,10,15,40,10,5,15,5,5,5,CLOSED,-,25,5,5,10,5,10
20250823,14:15,90,30,40,40,90,40,50,CLOSED,30,60,5,-,CLOSED,20,CLOSED,5,5,15,40,5,5,15,5,5,5,CLOSED,-,10,5,10,15,10,10
20250823,14:45,90,30,40,40,90,40,0,CLOSED,50,40,5,-,CLOSED,20,CLOSED,5,15,15,40,10,5,15,5,5,5,CLOSED,-,5,5,10,20,10,10
20250823,15:15,100,30,40,40,70,40,60,CLOSED,40,50,5,5,CLOSED,15,CLOSED,5,10,15,40,10,5,15,5,5,5,CLOSED,-,5,5,15,15,10,10
20250823,15:45,100,30,40,40,80,50,0,CLOSED,50,70,15,5,CLOSED,15,CLOSED,5,5,15,40,10,20,15,5,10,5,CLOSED,-,5,5,10,15,15,15
20250823,16:15,90,30,40,40,100,50,60,CLOSED,40,60,10,5,CLOSED,15,CLOSED,5,5,15,40,10,5,15,10,10,5,CLOSED,-,10,5,10,15,15,20
20250823,16:45,90,30,30,40,120,40,80,CLOSED,40,40,5,15,CLOSED,15,CLOSED,5,15,15,30,15,20,15,10,5,5,CLOSED,-,15,10,10,15,15,25
20250823,17:15,90,25,30,40,100,40,80,CLOSED,50,50,10,20,CLOSED,15,CLOSED,5,10,15,40,10,15,15,10,5,5,CLOSED,-,10,5,15,15,10,5
20250823,17:45,90,30,30,40,100,40,0,CLOSED,40,40,20,20,CLOSED,20,CLOSED,5,10,15,40,15,20,15,10,5,5,CLOSED,-,10,5,10,10,5,5
20250823,18:15,90,30,30,40,100,50,60,CLOSED,40,50,10,-,CLOSED,15,CLOSED,5,10,15,-,10,15,15,10,5,5,CLOSED,-,-,15,10,15,5,5
20250823,18:45,80,25,30,30,100,70,90,CLOSED,40,50,-,-,CLOSED,20,CLOSED,-,10,15,-,15,-,15,15,5,5,CLOSED,-,-,15,10,15,10,5
20250823,19:15,70,25,30,40,90,60,0,CLOSED,40,60,-,-,CLOSED,20,CLOSED,-,10,15,20,15,-,15,15,5,5,CLOSED,-,-,15,10,15,10,5
20250823,19:45,60,25,20,30,70,50,50,CLOSED,30,40,-,-,CLOSED,15,CLOSED,-,5,15,25,15,-,15,10,5,5,CLOSED,-,5,5,5,10,5,5
20250823,20:15,50,20,15,25,60,40,40,CLOSED,30,40,-,-,CLOSED,15,CLOSED,-,5,15,25,10,-,15,5,5,5,CLOSED,-,5,5,5,10,5,5
20250823,20:45,-,-,-,-,-,30,30,CLOSED,10,20,-,-,CLOSED,20,CLOSED,-,5,15,15,5,-,-,5,5,5,CLOSED,-,5,5,5,5,5,5
20250823,21:15,50,20,10,25,-,-,-,CLOSED,-,-,-,-,CLOSED,-,CLOSED,-,-,-,-,-,-,-,-,-,-,CLOSED,-,-,-,-,-,-,-
20250823,21:45,50,20,10,25,-,-,-,CLOSED,-,-,-,-,CLOSED,-,CLOSED,-,-,-,-,-,-,-,-,-,-,CLOSED,-,-,-,-,-,-,-
20250824,07:15,-,-,-,-,-,-,-,CLOSED,-,-,-,-,CLOSED,-,CLOSED,-,-,-,-,-,-,-,-,-,-,CLOSED,-,-,-,-,-,-,-
20250824,07:45,-,-,-,-,-,-,-,CLOSED,-,-,-,-,CLOSED,-,CLOSED,-,-,-,-,-,-,-,-,-,-,CLOSED,-,-,-,-,-,-,-
20250824,08:15,-,-,-,-,-,-,-,CLOSED,-,-,-,-,CLOSED,-,CLOSED,-,-,-,-,-,-,-,-,-,-,CLOSED,-,-,-,-,-,-,-
20250824,08:45,-,-,-,-,-,-,-,CLOSED,-,-,-,-,CLOSED,-,CLOSED,-,-,-,-,-,-,-,-,-,-,CLOSED,-,-,-,-,-,-,-
20250824,09:15,70,5,-,15,100,10,70,CLOSED,5,40,5,-,CLOSED,20,CLOSED,-,5,15,5,5,5,-,5,5,-,CLOSED,-,5,5,5,5,5,5
20250824,09:45,120,30,25,30,120,60,70,CLOSED,10,70,30,-,CLOSED,20,CLOSED,-,10,15,20,5,5,-,5,5,-,CLOSED,-,5,5,5,5,5,5
20250824,10:15,100,60,50,40,100,70,80,CLOSED,50,80,15,-,CLOSED,15,CLOSED,-,15,15,50,5,5,15,5,5,5,CLOSED,-,5,5,10,15,5,25
20250824,10:45,100,50,50,50,70,60,70,CLOSED,40,70,15,-,CLOSED,20,CLOSED,-,15,15,30,5,5,15,5,5,5,CLOSED,-,10,5,10,10,15,20
20250824,11:15,100,30,60,40,90,50,50,CLOSED,50,70,5,-,CLOSED,15,CLOSED,-,10,15,30,5,5,15,10,5,5,CLOSED,-,10,5,10,15,15,15
20250824,11:45,100,40,40,30,60,40,60,CLOSED,25,60,10,-,CLOSED,15,CLOSED,-,15,15,30,15,5,15,10,5,5,CLOSED,-,10,5,10,20,10,-
20250824,12:15,100,30,50,40,80,40,70,CLOSED,40,60,10,-,CLOSED,15,CLOSED,5,10,15,50,10,5,15,5,5,5,CLOSED,-,10,5,10,20,10,-
20250824,12:45,120,40,40,30,90,40,50,CLOSED,30,70,10,-,CLOSED,15,CLOSED,5,10,15,30,10,5,15,5,5,5,CLOSED,-,10,5,10,20,15,-
20250824,13:15,100,30,50,30,90,50,70,CLOSED,50,60,5,-,CLOSED,20,CLOSED,5,15,15,30,5,10,15,5,5,5,CLOSED,-,5,5,10,20,15,-
20250824,13:45,100,30,30,30,80,40,60,CLOSED,50,50,10,-,CLOSED,15,CLOSED,5,15,15,40,10,10,15,5,5,5,CLOSED,-,15,5,15,25,20,-
20250824,14:15,100,40,-,40,70,40,60,CLOSED,40,50,5,-,CLOSED,20,CLOSED,5,5,15,40,5,5,15,5,5,5,CLOSED,-,15,5,10,20,15,20
20250824,14:45,100,30,-,50,120,30,70,CLOSED,40,50,5,-,CLOSED,20,CLOSED,5,15,15,40,5,15,15,10,5,5,CLOSED,-,5,5,10,20,15,15
20250824,15:15,100,40,-,40,90,50,70,CLOSED,50,60,10,-,CLOSED,25,CLOSED,5,10,15,40,15,10,15,10,5,5,CLOSED,-,15,5,15,20,15,15
20250824,15:45,100,30,50,30,90,60,80,CLOSED,50,60,20,-,CLOSED,15,CLOSED,5,15,15,40,10,10,15,5,5,5,CLOSED,-,10,5,20,20,20,20
20250824,16:15,100,40,40,30,100,60,80,CLOSED,40,70,10,10,CLOSED,15,CLOSED,5,10,15,40,5,10,15,5,5,5,CLOSED,-,15,10,10,20,20,15
20250824,16:45,120,20,40,40,100,50,80,CLOSED,50,40,5,20,CLOSED,20,CLOSED,5,20,15,40,15,20,15,15,5,5,CLOSED,-,20,5,15,20,20,15
20250824,17:15,100,40,30,40,100,50,60,CLOSED,50,50,10,20,CLOSED,15,CLOSED,5,10,15,50,10,15,15,10,5,5,CLOSED,-,5,5,10,20,15,15
20250824,17:45,100,30,40,40,100,30,70,CLOSED,50,40,10,30,CLOSED,15,CLOSED,5,10,15,30,15,10,15,10,5,5,CLOSED,-,15,10,5,15,10,10
20250824,18:15,120,30,40,30,90,50,60,CLOSED,30,50,10,25,CLOSED,15,CLOSED,5,10,15,30,10,20,15,20,5,5,CLOSED,-,10,5,5,10,10,10
20250824,18:45,100,30,30,40,-,40,70,CLOSED,40,40,-,-,CLOSED,15,CLOSED,-,15,15,30,15,-,15,5,5,5,CLOSED,-,10,5,5,15,10,10
20250824,19:15,80,30,30,40,-,50,70,CLOSED,30,50,-,-,CLOSED,20,CLOSED,-,15,15,30,15,-,15,10,5,5,CLOSED,-,10,10,10,15,5,5
20250824,19:45,60,20,20,30,40,40,50,CLOSED,25,40,-,-,CLOSED,20,CLOSED,-,15,15,30,15,-,15,10,5,5,CLOSED,-,10,10,5,10,5,5
20250824,20:15,50,15,20,25,-,40,50,CLOSED,10,20,-,-,CLOSED,15,CLOSED,-,15,15,25,15,-,15,5,5,5,CLOSED,-,5,5,5,5,5,5
20250824,20:45,-,5,10,20,-,-,40,CLOSED,10,20,-,-,CLOSED,20,CLOSED,-,15,15,5,5,-,-,5,5,5,CLOSED,-,5,5,5,5,5,5
20250824,21:15,-,-,-,-,-,-,-,CLOSED,-,-,-,-,CLOSED,-,CLOSED,-,-,-,-,-,-,-,-,-,-,CLOSED,-,-,-,-,-,-,-
20250824,21:45,-,-,-,-,-,-,-,CLOSED,-,-,-,-,CLOSED,-,CLOSED,-,-,-,-,-,-,-,-,-,-,CLOSED,-,-,-,-,-,-,-
20250825,07:15,-,-,-,-,-,-,-,CLOSED,-,-,-,-,CLOSED,-,CLOSED,-,-,-,-,-,-,-,-,-,-,CLOSED,-,-,-,-,-,-,-
20250825,07:45,-,-,-,-,-,-,-,CLOSED,-,-,-,-,CLOSED,-,CLOSED,-,-,-,-,-,-,-,-,-,-,CLOSED,-,-,-,-,-,-,-
20250825,08:15,-,-,-,-,-,-,-,CLOSED,-,-,-,-,CLOSED,-,CLOSED,-,-,-,-,-,-,-,-,-,-,CLOSED,-,-,-,-,-,-,-
20250825,08:45,-,-,-,-,-,-,-,CLOSED,-,-,-,-,CLOSED,-,CLOSED,-,-,-,-,-,-,-,-,-,-,CLOSED,-,-,-,-,-,-,-
20250825,09:15,90,15,-,20,100,20,60,CLOSED,5,30,5,-,CLOSED,5,CLOSED,-,5,15,5,5,5,-,5,5,-,CLOSED,-,5,5,5,5,5,5
20250825,09:45,140,80,-,50,100,80,140,CLOSED,40,100,20,-,CLOSED,20,CLOSED,-,10,15,30,5,5,-,5,5,-,CLOSED,-,5,5,5,5,5,5
20250825,10:15,140,80,60,40,160,100,120,CLOSED,80,120,25,-,CLOSED,25,CLOSED,-,25,20,50,5,5,15,10,5,5,CLOSED,-,20,5,10,15,10,40
20250825,10:45,140,70,90,60,200,140,120,CLOSED,80,160,30,-,CLOSED,30,CLOSED,-,30,20,50,5,5,15,15,5,5,CLOSED,-,25,20,20,25,20,50
20250825,11:15,160,80,90,50,180,120,90,CLOSED,90,160,20,-,CLOSED,20,CLOSED,-,15,30,60,5,5,15,20,10,5,CLOSED,-,30,15,25,30,25,40
20250825,11:45,160,70,80,50,140,90,80,CLOSED,80,180,15,-,CLOSED,20,CLOSED,5,25,40,50,15,5,15,25,10,5,CLOSED,-,30,15,20,35,25,50
20250825,12:15,140,70,70,50,140,90,90,CLOSED,70,-,10,-,CLOSED,20,CLOSED,5,15,40,50,15,5,15,30,10,5,CLOSED,-,30,25,15,30,30,50
20250825,12:45,120,80,90,40,140,100,120,CLOSED,60,-,10,-,CLOSED,20,CLOSED,5,10,30,50,5,5,30,20,10,5,CLOSED,-,30,20,20,40,25,40
20250825,13:15,160,80,80,50,160,120,140,CLOSED,80,-,5,-,CLOSED,20,CLOSED,5,20,40,50,25,15,15,25,20,5,CLOSED,-,30,15,20,30,25,30
20250825,13:45,140,60,80,40,120,100,120,CLOSED,80,-,15,-,CLOSED,20,CLOSED,5,15,30,40,15,20,15,25,10,5,CLOSED,-,25,20,25,40,30,50
20250825,14:15,160,70,80,40,140,120,100,CLOSED,80,-,10,-,CLOSED,15,CLOSED,5,15,30,60,15,15,15,15,10,5,CLOSED,-,25,15,30,40,40,50
20250825,14:45,140,80,80,50,180,120,120,CLOSED,90,-,20,-,CLOSED,20,CLOSED,5,20,40,50,20,20,15,15,15,5,CLOSED,-,25,15,25,40,30,40
20250825,15:15,140,60,70,70,180,160,120,CLOSED,90,-,20,-,CLOSED,20,CLOSED,5,15,40,50,10,15,15,15,15,5,CLOSED,-,40,20,25,30,30,50
20250825,15:45,140,80,80,50,140,140,120,CLOSED,90,-,20,-,CLOSED,40,CLOSED,5,25,40,60,15,25,15,20,5,5,CLOSED,-,40,20,30,40,40,60
20250825,16:15,160,70,80,50,180,140,120,CLOSED,80,-,20,-,CLOSED,20,CLOSED,5,15,40,60,20,10,15,20,10,10,CLOSED,-,40,20,25,40,30,50
20250825,16:45,160,50,80,50,180,140,120,CLOSED,90,-,15,20,CLOSED,40,CLOSED,5,20,30,60,25,20,15,20,10,5,CLOSED,-,25,20,20,30,25,50
20250825,17:15,-,60,70,50,140,120,120,CLOSED,90,140,10,40,CLOSED,20,CLOSED,5,10,20,50,15,15,15,20,10,5,CLOSED,-,25,20,20,30,20,20
20250825,17:45,-,70,80,50,120,140,120,CLOSED,100,120,20,35,CLOSED,30,CLOSED,5,10,15,40,15,15,15,20,10,5,CLOSED,-,30,20,15,30,25,30
20250825,18:15,-,70,70,50,160,120,120,CLOSED,80,140,-,-,CLOSED,30,CLOSED,-,20,15,40,15,-,15,25,10,5,CLOSED,-,30,20,20,25,20,30
20250825,18:45,-,60,70,50,140,140,120,CLOSED,80,120,-,-,CLOSED,30,CLOSED,-,15,15,60,20,-,15,25,10,5,CLOSED,-,30,25,15,20,20,30
20250825,19:15,100,50,60,50,100,120,100,CLOSED,90,90,-,-,CLOSED,20,CLOSED,-,10,20,50,15,-,15,25,10,5,CLOSED,-,30,10,5,25,20,20
20250825,19:45,100,40,40,50,100,80,70,CLOSED,70,80,-,-,CLOSED,15,CLOSED,-,5,15,40,15,-,15,20,5,10,CLOSED,-,25,10,5,20,10,15
20250825,20:15,-,20,30,40,-,60,50,CLOSED,60,-,-,-,CLOSED,20,CLOSED,-,5,15,30,10,-,15,20,5,10,CLOSED,-,10,10,5,10,5,5
20250825,20:45,-,-,-,-,-,-,-,CLOSED,40,-,-,-,CLOSED,15,CLOSED,-,5,15,-,10,-,-,5,5,10,CLOSED,-,10,10,5,10,5,5
20250825,21:15,-,-,-,-,-,-,-,CLOSED,-,-,-,-,CLOSED,-,CLOSED,-,-,-,-,-,-,-,-,-,-,CLOSED,-,-,-,-,-,-,-
20250825,21:45,-,-,-,-,-,-,-,CLOSED,-,-,-,-,CLOSED,-,CLOSED,-,-,-,-,-,-,-,-,-,-,CLOSED,-,-,-,-,-,-,-
20250826,07:15,-,-,-,-,-,-,-,CLOSED,-,-,-,-,CLOSED,-,CLOSED,-,-,-,-,-,-,-,-,-,-,CLOSED,-,-,-,-,-,-,-
20250826,07:45,-,-,-,-,-,-,-,CLOSED,-,-,-,-,CLOSED,-,CLOSED,-,-,-,-,-,-,-,-,-,-,CLOSED,-,-,-,-,-,-,-
20250826,08:15,-,-,-,-,-,-,-,CLOSED,-,-,-,-,CLOSED,-,CLOSED,-,-,-,-,-,-,-,-,-,-,CLOSED,-,-,-,-,-,-,-
20250826,08:45,-,-,-,-,-,-,-,CLOSED,-,-,-,-,CLOSED,-,CLOSED,-,-,-,-,-,-,-,-,-,-,CLOSED,-,-,-,-,-,-,-
20250826,09:15,60,10,5,5,80,10,40,CLOSED,5,30,5,-,CLOSED,20,CLOSED,-,5,15,-,5,5,-,5,5,-,CLOSED,-,5,5,5,5,5,5
20250826,09:45,140,60,40,40,140,70,120,CLOSED,10,90,25,-,CLOSED,20,CLOSED,-,5,15,10,5,5,-,5,5,-,CLOSED,-,5,5,5,5,5,10
20250826,10:15,160,80,80,50,140,120,90,CLOSED,70,100,30,-,CLOSED,20,CLOSED,-,15,15,40,5,5,15,5,5,5,CLOSED,-,10,5,15,15,5,50
20250826,10:45,160,80,70,70,120,90,90,CLOSED,70,120,20,-,CLOSED,20,CLOSED,-,25,30,40,5,5,15,20,5,5,CLOSED,-,20,20,20,20,15,40
20250826,11:15,140,90,60,50,100,80,70,CLOSED,70,100,10,-,CLOSED,20,CLOSED,-,15,20,60,5,5,15,15,5,5,CLOSED,-,25,5,20,30,25,40
20250826,11:45,-,70,60,40,90,80,80,CLOSED,60,90,10,-,CLOSED,20,CLOSED,5,25,20,40,15,10,15,20,10,5,CLOSED,-,20,10,20,30,25,60
20250826,12:15,-,60,70,50,120,80,80,CLOSED,70,100,10,-,CLOSED,15,CLOSED,5,15,15,60,15,5,15,15,5,5,CLOSED,-,15,20,20,30,20,50
20250826,12:45,120,70,50,50,140,80,90,CLOSED,70,100,10,-,CLOSED,15,CLOSED,5,10,15,70,5,5,15,15,5,5,CLOSED,-,30,10,20,30,25,30
20250826,13:15,120,-,70,50,120,90,100,CLOSED,70,140,10,-,CLOSED,15,CLOSED,5,15,15,70,15,15,15,20,10,5,CLOSED,-,25,15,20,30,25,30
20250826,13:45,140,70,60,40,100,100,90,CLOSED,70,120,10,-,CLOSED,15,CLOSED,5,10,20,60,15,15,15,15,10,5,CLOSED,-,25,10,25,30,30,50
20250826,14:15,140,60,60,50,120,100,100,CLOSED,70,100,5,-,CLOSED,15,CLOSED,5,15,15,70,10,10,15,15,5,5,CLOSED,-,25,10,25,40,30,50
20250826,14:45,120,80,70,50,120,100,90,CLOSED,70,120,15,-,CLOSED,20,CLOSED,5,15,20,60,15,25,15,15,10,5,CLOSED,-,15,10,20,30,20,40
20250826,15:15,120,70,-,40,120,100,120,CLOSED,70,140,20,20,CLOSED,20,CLOSED,5,15,15,50,25,15,15,20,5,5,CLOSED,-,25,15,20,30,20,40
20250826,15:45,120,70,-,60,160,120,120,CLOSED,80,140,15,20,CLOSED,20,CLOSED,5,30,15,50,25,20,15,15,5,5,CLOSED,-,25,15,25,40,25,25
20250826,16:15,160,70,-,50,180,100,120,CLOSED,90,120,15,15,CLOSED,30,CLOSED,5,-,15,60,-,30,15,20,10,5,CLOSED,-,30,15,20,30,25,40
20250826,16:45,140,70,-,50,140,100,100,CLOSED,90,140,20,20,CLOSED,25,CLOSED,5,-,20,60,-,25,15,20,5,5,CLOSED,-,30,20,15,30,25,30
20250826,17:15,160,60,-,50,140,100,120,CLOSED,90,120,20,20,CLOSED,25,CLOSED,5,-,20,40,-,15,15,20,5,5,CLOSED,-,25,20,15,25,25,30
20250826,17:45,140,60,70,40,160,120,100,CLOSED,80,120,15,30,CLOSED,20,CLOSED,5,-,15,40,-,15,15,20,5,5,CLOSED,-,30,10,5,25,15,25
20250826,18:15,-,60,70,50,140,120,100,CLOSED,80,120,-,-,CLOSED,20,CLOSED,-,15,20,30,10,-,15,20,5,5,CLOSED,-,25,15,10,20,15,20
20250826,18:45,140,60,70,40,140,100,100,CLOSED,80,90,-,-,CLOSED,20,CLOSED,-,20,30,-,30,-,15,20,5,5,CLOSED,-,25,15,10,15,10,20
20250826,19:15,100,50,60,50,100,90,80,CLOSED,70,80,-,-,CLOSED,15,CLOSED,-,10,20,-,15,-,15,25,5,5,CLOSED,-,30,20,10,15,10,20
20250826,19:45,70,40,40,30,80,70,70,CLOSED,60,70,-,-,CLOSED,15,CLOSED,-,5,15,10,15,-,15,20,5,5,CLOSED,-,25,10,10,10,10,10
20250826,20:15,-,25,30,30,-,-,60,CLOSED,50,60,-,-,CLOSED,15,CLOSED,-,5,15,25,10,-,15,5,5,5,CLOSED,-,5,5,5,10,10,5
20250826,20:45,-,-,-,-,-,-,-,CLOSED,-,-,-,-,CLOSED,20,CLOSED,-,5,15,25,10,-,-,5,5,5,CLOSED,-,5,5,5,10,5,5
20250826,21:15,-,-,-,-,-,-,-,CLOSED,-,-,-,-,CLOSED,-,CLOSED,-,-,-,-,-,-,-,-,-,-,CLOSED,-,-,-,-,-,-,-
20250826,21:45,-,-,-,-,-,-,-,CLOSED,-,-,-,-,CLOSED,-,CLOSED,-,-,-,-,-,-,-,-,-,-,CLOSED,-,-,-,-,-,-,-
20250827,07:15,-,CLOSED,-,-,-,-,-,CLOSED,-,-,-,-,CLOSED,-,CLOSED,-,-,-,-,-,-,-,-,-,-,CLOSED,-,-,-,-,-,-,-
20250827,07:45,-,CLOSED,-,-,-,-,-,CLOSED,-,-,-,-,CLOSED,-,CLOSED,-,-,-,-,-,-,-,-,-,-,CLOSED,-,-,-,-,-,-,-
20250827,08:15,-,CLOSED,-,-,-,-,-,CLOSED,-,-,-,-,CLOSED,-,CLOSED,-,-,-,-,-,-,-,-,-,-,CLOSED,-,-,-,-,-,-,-
20250827,08:45,-,CLOSED,-,-,-,-,-,CLOSED,-,-,-,-,CLOSED,-,CLOSED,-,-,-,-,-,-,-,-,-,-,CLOSED,-,-,-,-,-,-,-
20250827,09:15,40,CLOSED,5,10,100,15,60,CLOSED,5,50,10,-,CLOSED,15,CLOSED,-,5,-,-,5,5,-,5,5,-,CLOSED,-,5,5,5,5,5,5
20250827,09:45,160,CLOSED,60,50,140,80,120,CLOSED,20,90,20,-,CLOSED,20,CLOSED,-,5,15,-,5,5,-,5,5,-,CLOSED,-,5,5,5,5,5,10
20250827,10:15,-,CLOSED,60,60,120,80,90,CLOSED,70,120,25,-,CLOSED,20,CLOSED,-,15,20,-,5,5,15,5,5,5,CLOSED,-,15,15,15,15,15,40
20250827,10:45,-,CLOSED,70,60,120,70,70,CLOSED,70,120,15,-,CLOSED,20,CLOSED,-,10,15,30,5,5,15,20,5,5,CLOSED,-,15,15,15,25,25,20
20250827,11:15,-,CLOSED,60,60,100,70,70,CLOSED,70,90,10,-,CLOSED,15,CLOSED,-,15,15,40,5,5,15,15,5,5,CLOSED,-,25,10,20,20,20,20
20250827,11:45,-,CLOSED,60,50,100,60,70,CLOSED,70,70,5,-,CLOSED,15,CLOSED,5,20,15,50,10,5,15,15,5,5,CLOSED,-,15,15,15,30,20,25
20250827,12:15,140,CLOSED,60,40,90,50,60,CLOSED,50,100,5,-,CLOSED,15,CLOSED,5,5,15,60,10,5,15,10,5,5,CLOSED,-,20,10,15,25,15,20
20250827,12:45,140,CLOSED,50,40,100,60,60,CLOSED,60,120,5,-,CLOSED,15,CLOSED,5,5,15,60,5,5,15,10,5,5,CLOSED,-,15,5,15,20,15,20
20250827,13:15,160,CLOSED,50,40,120,70,80,CLOSED,60,120,5,-,CLOSED,15,CLOSED,5,20,15,70,15,10,15,10,5,5,CLOSED,-,15,10,15,20,15,25
20250827,13:45,120,CLOSED,50,40,120,70,80,CLOSED,60,90,5,-,CLOSED,15,CLOSED,5,10,15,70,10,10,15,10,5,5,CLOSED,-,15,10,15,25,20,20
20250827,14:15,140,CLOSED,40,50,120,60,80,CLOSED,60,100,5,-,CLOSED,15,CLOSED,5,10,15,40,10,5,15,10,5,5,CLOSED,-,15,10,20,25,20,15
20250827,14:45,140,CLOSED,50,40,90,60,50,CLOSED,60,100,5,-,CLOSED,20,CLOSED,5,20,15,50,5,10,15,10,5,5,CLOSED,-,25,10,15,30,20,20
20250827,15:15,120,CLOSED,40,50,90,70,70,CLOSED,80,100,15,10,CLOSED,20,CLOSED,5,10,15,50,5,10,15,15,5,5,CLOSED,-,15,5,20,25,20,25
20250827,15:45,120,CLOSED,50,50,100,60,70,CLOSED,70,90,10,10,CLOSED,20,CLOSED,5,10,15,60,10,15,15,15,5,5,CLOSED,-,20,10,15,20,20,10
20250827,16:15,160,CLOSED,50,50,120,60,70,CLOSED,70,80,5,15,CLOSED,20,CLOSED,5,5,15,70,10,15,15,15,5,5,CLOSED,-,20,15,15,20,20,15
20250827,16:45,-,CLOSED,40,40,120,60,80,CLOSED,70,70,5,25,CLOSED,20,CLOSED,5,15,15,60,15,20,15,15,5,5,CLOSED,-,20,15,15,25,20,15
20250827,17:15,120,CLOSED,40,50,120,70,70,CLOSED,80,80,15,20,CLOSED,15,CLOSED,5,5,15,-,15,10,15,15,5,5,CLOSED,-,20,15,10,20,15,15
20250827,17:45,160,CLOSED,40,50,100,60,80,CLOSED,60,80,15,30,CLOSED,15,CLOSED,5,5,15,-,10,10,15,15,5,5,CLOSED,-,20,15,5,20,10,10
20250827,18:15,160,CLOSED,50,50,120,80,70,CLOSED,60,70,-,-,CLOSED,15,CLOSED,-,10,15,25,5,-,15,15,5,5,CLOSED,-,20,10,10,15,20,5
20250827,18:45,160,CLOSED,30,40,100,80,80,CLOSED,60,70,-,-,CLOSED,20,CLOSED,-,20,20,40,20,-,15,20,5,5,CLOSED,-,15,15,10,15,15,5
20250827,19:15,140,CLOSED,30,40,90,60,70,CLOSED,70,70,-,-,CLOSED,20,CLOSED,-,5,20,-,20,-,15,10,5,5,CLOSED,-,20,10,5,10,10,5
20250827,19:45,80,CLOSED,25,40,80,60,50,CLOSED,40,60,-,-,CLOSED,20,CLOSED,-,5,15,-,15,-,15,10,5,5,CLOSED,-,15,5,5,10,10,5
20250827,20:15,25,CLOSED,15,30,70,50,50,CLOSED,20,40,-,-,CLOSED,20,CLOSED,-,5,15,10,5,-,15,5,5,5,CLOSED,-,5,5,5,10,5,5
20250827,20:45,-,CLOSED,-,-,-,-,-,CLOSED,-,-,-,-,CLOSED,15,CLOSED,-,5,15,-,5,-,-,5,5,5,CLOSED,-,5,5,5,5,5,15
20250827,21:15,-,CLOSED,-,-,-,-,-,CLOSED,-,-,-,-,CLOSED,-,CLOSED,-,-,-,-,-,-,-,-,-,-,CLOSED,-,-,-,-,-,-,-
20250827,21:45,-,CLOSED,-,-,-,-,-,CLOSED,-,-,-,-,CLOSED,-,CLOSED,-,-,-,-,-,-,-,-,-,-,CLOSED,-,-,-,-,-,-,-
20250828,07:15,-,CLOSED,-,-,-,-,-,CLOSED,-,-,-,-,CLOSED,-,CLOSED,-,-,-,-,-,-,-,-,-,-,CLOSED,-,-,-,-,-,-,-
20250828,07:45,-,CLOSED,-,-,-,-,-,CLOSED,-,-,-,-,CLOSED,-,CLOSED,-,-,-,-,-,-,-,-,-,-,CLOSED,-,-,-,-,-,-,-
20250828,08:15,-,CLOSED,-,-,-,-,-,CLOSED,-,-,-,-,CLOSED,-,CLOSED,-,-,-,-,-,-,-,-,-,-,CLOSED,-,-,-,-,-,-,-
20250828,08:45,-,CLOSED,-,-,-,-,-,CLOSED,-,-,-,-,CLOSED,-,CLOSED,-,-,-,-,-,-,-,-,-,-,CLOSED,-,-,-,-,-,-,-
20250828,09:15,-,CLOSED,15,30,70,5,40,CLOSED,5,15,5,-,CLOSED,15,CLOSED,-,5,15,5,5,5,-,-,5,-,CLOSED,-,5,5,5,5,5,5
20250828,09:45,30,CLOSED,50,40,120,70,90,CLOSED,15,90,20,-,CLOSED,15,CLOSED,-,5,15,5,5,5,-,5,5,-,CLOSED,-,5,5,5,5,5,5
20250828,10:15,140,CLOSED,50,50,160,100,90,CLOSED,70,100,30,-,CLOSED,15,CLOSED,-,15,15,25,5,5,15,5,5,5,CLOSED,-,5,10,5,10,5,30
20250828,10:45,160,CLOSED,60,50,120,100,90,CLOSED,60,90,15,-,CLOSED,15,CLOSED,-,15,15,40,5,5,15,15,5,5,CLOSED,-,25,20,10,15,10,30
20250828,11:15,160,CLOSED,70,50,100,70,60,CLOSED,70,100,10,-,CLOSED,15,CLOSED,-,10,15,50,5,5,15,15,5,5,CLOSED,-,25,20,10,20,10,30
20250828,11:45,120,CLOSED,50,50,100,70,70,CLOSED,80,90,5,-,CLOSED,20,CLOSED,5,20,15,60,5,5,15,15,5,5,CLOSED,-,15,20,15,25,15,25
20250828,12:15,120,CLOSED,50,40,100,60,80,CLOSED,70,120,5,-,CLOSED,15,CLOSED,5,10,15,50,5,5,15,15,5,5,CLOSED,-,25,15,15,25,15,30
20250828,12:45,120,CLOSED,50,40,100,60,60,CLOSED,60,90,5,-,CLOSED,15,CLOSED,5,10,15,50,5,5,15,15,5,5,CLOSED,-,15,15,20,20,15,40
20250828,13:15,120,CLOSED,50,40,120,70,70,CLOSED,70,80,5,-,CLOSED,15,CLOSED,5,20,15,60,15,15,15,20,5,5,CLOSED,-,30,10,20,20,15,30
20250828,13:45,100,CLOSED,50,40,120,70,80,CLOSED,80,80,10,-,CLOSED,20,CLOSED,5,15,15,50,15,5,15,10,5,5,CLOSED,-,20,15,15,25,20,25
20250828,14:15,140,CLOSED,50,50,100,70,70,CLOSED,70,100,10,-,CLOSED,20,CLOSED,5,15,15,40,5,5,15,20,5,5,CLOSED,-,20,15,15,20,20,30
20250828,14:45,140,CLOSED,50,60,100,70,80,CLOSED,70,100,15,-,CLOSED,15,CLOSED,5,15,15,40,10,20,15,15,10,5,CLOSED,-,25,10,15,25,20,40
20250828,15:15,140,CLOSED,50,40,100,60,80,CLOSED,80,100,15,20,CLOSED,20,CLOSED,5,10,15,60,15,20,15,15,5,5,CLOSED,-,25,10,20,25,20,40
20250828,15:45,120,CLOSED,50,40,120,70,80,CLOSED,70,80,20,20,CLOSED,20,CLOSED,5,10,15,50,15,10,15,15,5,5,CLOSED,-,25,20,20,25,20,30
20250828,16:15,120,CLOSED,50,40,100,70,90,CLOSED,80,90,15,25,CLOSED,15,CLOSED,5,5,15,40,10,10,15,25,5,5,CLOSED,-,30,20,20,25,20,30
20250828,16:45,120,CLOSED,40,40,100,70,80,CLOSED,80,70,15,30,CLOSED,20,CLOSED,5,15,15,50,15,25,15,25,5,5,CLOSED,-,25,20,15,25,20,25
20250828,17:15,120,CLOSED,40,50,120,70,80,CLOSED,70,80,20,40,CLOSED,15,CLOSED,5,10,15,40,15,15,15,25,5,5,CLOSED,-,25,15,15,25,20,10
20250828,17:45,120,CLOSED,50,40,120,70,80,CLOSED,70,80,15,40,CLOSED,15,CLOSED,5,15,15,30,15,10,15,20,5,5,CLOSED,-,25,15,10,15,10,15
20250828,18:15,120,CLOSED,40,40,90,70,70,CLOSED,70,70,-,-,CLOSED,15,CLOSED,-,10,15,25,15,-,15,20,5,5,CLOSED,-,25,20,5,15,10,15
20250828,18:45,120,CLOSED,40,40,100,80,80,CLOSED,60,60,-,-,CLOSED,15,CLOSED,-,15,20,40,20,-,15,20,5,5,CLOSED,-,15,15,10,15,10,15
20250828,19:15,100,CLOSED,25,40,90,80,80,CLOSED,80,60,-,-,CLOSED,20,CLOSED,-,5,15,30,15,-,15,15,5,5,CLOSED,-,20,10,10,15,10,-
20250828,19:45,80,CLOSED,25,40,70,60,60,CLOSED,40,50,-,-,CLOSED,15,CLOSED,-,5,15,10,15,-,15,15,5,5,CLOSED,-,15,10,10,15,5,-
20250828,20:15,60,CLOSED,20,30,50,50,50,CLOSED,30,-,-,-,CLOSED,20,CLOSED,-,5,15,15,10,-,15,10,5,5,CLOSED,-,15,5,5,5,5,-
20250828,20:45,-,CLOSED,5,-,-,-,-,CLOSED,-,-,-,-,CLOSED,20,CLOSED,-,5,15,5,5,-,-,5,5,5,CLOSED,-,5,5,5,5,5,-
20250828,21:15,-,CLOSED,-,-,-,-,-,CLOSED,-,-,-,-,CLOSED,-,CLOSED,-,-,-,-,-,-,-,-,-,-,CLOSED,-,-,-,-,-,-,-
20250828,21:45,-,CLOSED,-,-,-,-,-,CLOSED,-,-,-,-,CLOSED,-,CLOSED,-,-,-,-,-,-,-,-,-,-,CLOSED,-,-,-,-,-,-,-
20250829,07:15,-,CLOSED,-,-,-,-,-,CLOSED,-,-,-,-,CLOSED,-,CLOSED,-,-,-,-,-,-,-,-,-,-,CLOSED,-,-,-,-,-,-,-
20250829,07:45,-,CLOSED,-,-,-,-,-,CLOSED,-,-,-,-,CLOSED,-,CLOSED,-,-,-,-,-,-,-,-,-,-,CLOSED,-,-,-,-,-,-,-
20250829,08:15,-,CLOSED,-,-,-,-,-,CLOSED,-,-,-,-,CLOSED,-,CLOSED,-,-,-,-,-,-,-,-,-,-,CLOSED,-,-,-,-,-,-,-
20250829,08:45,-,CLOSED,-,-,-,-,-,CLOSED,-,-,-,-,CLOSED,-,CLOSED,-,-,-,-,-,-,-,-,-,-,CLOSED,-,-,-,-,-,-,-
20250829,09:15,70,CLOSED,-,30,100,30,25,CLOSED,5,60,10,-,CLOSED,15,CLOSED,-,5,5,5,5,5,-,5,5,-,CLOSED,-,5,5,5,5,5,5
20250829,09:45,160,CLOSED,50,40,140,70,90,CLOSED,10,90,20,-,CLOSED,20,CLOSED,-,5,15,5,5,5,-,5,5,-,CLOSED,-,5,5,5,5,5,5
20250829,10:15,160,CLOSED,60,60,120,100,120,CLOSED,70,120,20,-,CLOSED,25,CLOSED,-,20,15,30,5,5,15,15,5,5,CLOSED,-,10,10,10,15,5,25
20250829,10:45,140,CLOSED,50,50,100,80,100,CLOSED,70,60,15,-,CLOSED,20,CLOSED,-,20,15,40,10,5,15,10,5,5,CLOSED,-,15,10,10,20,15,25
20250829,11:15,-,CLOSED,-,60,100,60,60,CLOSED,70,90,10,-,CLOSED,20,CLOSED,-,10,15,50,5,5,15,15,5,5,CLOSED,-,20,10,15,20,15,30
20250829,11:45,-,CLOSED,-,50,120,50,80,CLOSED,60,100,10,-,CLOSED,15,CLOSED,5,25,15,60,10,10,15,20,10,5,CLOSED,-,25,10,15,25,20,30
20250829,12:15,120,CLOSED,30,40,120,70,80,CLOSED,60,120,5,-,CLOSED,15,CLOSED,5,15,15,60,15,5,15,15,5,5,CLOSED,-,15,10,20,25,20,30
20250829,12:45,140,CLOSED,60,40,100,60,70,CLOSED,60,90,5,-,CLOSED,15,CLOSED,5,10,15,40,5,5,15,10,5,5,CLOSED,-,20,15,15,25,20,30
20250829,13:15,140,CLOSED,50,50,100,60,70,CLOSED,60,90,5,-,CLOSED,15,CLOSED,5,20,15,50,10,10,15,5,5,5,CLOSED,-,25,10,20,20,20,30
20250829,13:45,120,CLOSED,60,40,120,50,90,CLOSED,50,90,15,-,CLOSED,20,CLOSED,5,10,15,60,15,10,15,10,5,5,CLOSED,-,15,10,20,30,20,30
20250829,14:15,140,CLOSED,50,40,100,60,90,CLOSED,60,90,15,-,CLOSED,20,CLOSED,5,15,15,60,10,10,15,10,5,5,CLOSED,-,15,5,20,30,20,40
20250829,14:45,120,CLOSED,-,40,100,50,90,CLOSED,70,90,15,-,CLOSED,20,CLOSED,5,20,15,40,10,15,15,10,5,5,CLOSED,-,20,15,20,30,25,40
20250829,15:15,120,CLOSED,-,60,120,60,100,CLOSED,70,90,20,5,CLOSED,15,CLOSED,5,10,15,40,10,15,15,15,5,5,CLOSED,-,25,15,20,30,25,40
20250829,15:45,140,CLOSED,-,50,140,60,100,CLOSED,70,100,20,10,CLOSED,15,CLOSED,5,20,15,70,15,20,15,20,5,5,CLOSED,-,25,15,25,30,20,30
20250829,16:15,140,CLOSED,-,50,140,80,90,CLOSED,80,120,20,15,CLOSED,20,CLOSED,5,10,15,-,20,20,15,20,5,5,CLOSED,-,25,20,20,30,20,30
20250829,16:45,140,CLOSED,-,50,120,70,80,CLOSED,70,120,10,30,CLOSED,25,CLOSED,5,15,15,-,20,20,15,15,5,5,CLOSED,-,25,20,20,30,20,40
20250829,17:15,140,CLOSED,20,40,140,60,120,CLOSED,70,100,15,40,CLOSED,15,CLOSED,5,15,15,40,10,20,15,25,5,5,CLOSED,-,25,20,15,20,25,45
20250829,17:45,120,CLOSED,70,40,140,70,90,CLOSED,70,80,15,20,CLOSED,15,CLOSED,5,15,15,30,10,10,15,20,5,5,CLOSED,-,25,10,15,20,15,-
20250829,18:15,140,CLOSED,-,50,140,70,100,CLOSED,90,60,-,-,CLOSED,20,CLOSED,-,15,20,50,15,-,15,20,5,5,CLOSED,-,20,15,5,20,15,-
20250829,18:45,120,CLOSED,-,50,140,70,90,CLOSED,80,80,-,-,CLOSED,20,CLOSED,-,15,20,50,20,-,15,20,5,5,CLOSED,-,25,20,10,15,15,-
20250829,19:15,100,CLOSED,15,40,140,70,90,CLOSED,70,60,-,-,CLOSED,15,CLOSED,-,5,20,40,20,-,15,25,5,10,CLOSED,-,25,15,10,20,15,-
20250829,19:45,90,CLOSED,-,40,100,60,80,CLOSED,20,50,-,-,CLOSED,15,CLOSED,-,5,15,20,15,-,15,25,5,5,CLOSED,-,15,10,5,10,10,-
20250829,20:15,70,CLOSED,-,40,60,50,50,CLOSED,30,-,-,-,CLOSED,20,CLOSED,-,5,15,15,10,-,15,15,5,5,CLOSED,-,10,5,5,10,5,-
20250829,20:45,-,CLOSED,-,-,-,-,-,CLOSED,25,-,-,-,CLOSED,25,CLOSED,-,5,15,15,5,-,-,5,5,5,CLOSED,-,5,10,5,5,5,5
20250829,21:15,-,CLOSED,-,-,-,-,-,CLOSED,-,-,-,-,CLOSED,-,CLOSED,-,-,-,-,-,-,-,-,-,-,CLOSED,-,-,-,-,-,-,-
20250829,21:45,-,CLOSED,-,-,-,-,-,CLOSED,-,-,-,-,CLOSED,-,CLOSED,-,-,-,-,-,-,-,-,-,-,CLOSED,-,-,-,-,-,-,-
20250830,07:15,-,CLOSED,-,-,-,-,-,CLOSED,-,-,-,-,CLOSED,-,CLOSED,-,-,-,-,-,-,-,-,-,-,CLOSED,-,-,-,-,-,-,-
20250830,07:45,-,CLOSED,-,-,-,-,-,CLOSED,-,-,-,-,CLOSED,-,CLOSED,-,-,-,-,-,-,-,-,-,-,CLOSED,-,-,-,-,-,-,-
20250830,08:15,-,CLOSED,-,-,-,-,-,CLOSED,-,-,-,-,CLOSED,-,CLOSED,-,-,-,-,-,-,-,-,-,-,CLOSED,-,-,-,-,-,-,-
20250830,08:45,-,CLOSED,-,-,-,-,-,CLOSED,-,-,-,-,CLOSED,-,CLOSED,-,-,-,-,-,-,-,-,-,-,CLOSED,-,-,-,-,-,-,-
20250830,09:15,50,CLOSED,5,-,70,15,50,CLOSED,5,30,5,-,CLOSED,20,CLOSED,-,5,15,5,5,5,-,5,5,-,CLOSED,-,5,5,5,5,5,5
20250830,09:45,160,CLOSED,50,15,140,10,90,CLOSED,5,70,25,-,CLOSED,20,CLOSED,-,5,15,5,5,5,-,5,5,-,CLOSED,-,5,5,5,5,5,5
20250830,10:15,180,CLOSED,70,60,120,80,140,CLOSED,60,100,30,-,CLOSED,15,CLOSED,-,15,15,25,5,5,15,5,5,5,CLOSED,-,5,5,10,10,5,20
20250830,10:45,160,CLOSED,60,80,90,10,90,CLOSED,60,90,10,-,CLOSED,15,CLOSED,-,10,20,50,5,5,15,5,5,5,CLOSED,-,10,5,5,20,10,25
20250830,11:15,120,CLOSED,50,60,90,60,70,CLOSED,60,80,10,-,CLOSED,15,CLOSED,-,10,15,60,5,5,15,5,5,5,CLOSED,-,15,5,10,15,10,25
20250830,11:45,120,CLOSED,50,50,90,40,50,CLOSED,50,70,5,-,CLOSED,15,CLOSED,5,20,15,50,10,5,15,5,5,5,CLOSED,-,15,5,15,20,10,25
20250830,12:15,100,CLOSED,50,50,100,50,60,CLOSED,30,60,5,-,CLOSED,15,CLOSED,5,10,15,25,15,5,15,5,5,5,CLOSED,-,10,5,10,20,15,25
20250830,12:45,100,CLOSED,50,50,90,50,80,CLOSED,40,60,5,-,CLOSED,15,CLOSED,5,10,15,60,5,5,15,5,5,5,CLOSED,-,10,5,10,20,15,20
20250830,13:15,120,CLOSED,40,60,100,50,80,CLOSED,50,60,5,-,CLOSED,15,CLOSED,5,20,15,70,10,5,15,5,5,5,CLOSED,-,5,5,15,20,15,15
20250830,13:45,120,CLOSED,40,50,100,40,60,CLOSED,40,60,5,-,CLOSED,20,CLOSED,5,15,15,40,15,5,15,5,5,5,CLOSED,-,10,10,20,20,15,20
20250830,14:15,120,CLOSED,60,60,100,40,80,CLOSED,40,70,5,-,CLOSED,20,CLOSED,5,15,15,-,15,5,15,5,5,5,CLOSED,-,10,5,15,20,20,15
20250830,14:45,120,CLOSED,60,60,80,60,90,CLOSED,50,70,5,-,CLOSED,20,CLOSED,5,15,15,-,15,15,15,5,5,5,CLOSED,-,15,10,20,25,20,15
20250830,15:15,100,CLOSED,50,60,120,50,90,CLOSED,50,70,15,5,CLOSED,20,CLOSED,5,10,15,50,10,15,15,10,5,5,CLOSED,-,15,5,20,25,20,20
20250830,15:45,100,CLOSED,40,60,120,10,90,CLOSED,40,70,20,30,CLOSED,20,CLOSED,5,15,15,60,10,20,15,5,5,5,CLOSED,-,15,10,20,25,20,25
20250830,16:15,120,CLOSED,50,60,100,10,100,CLOSED,60,50,20,15,CLOSED,20,CLOSED,5,10,15,70,10,10,15,5,5,5,CLOSED,-,15,5,15,30,20,25
20250830,16:45,120,CLOSED,40,60,120,60,80,CLOSED,60,70,15,20,CLOSED,15,CLOSED,5,20,15,50,20,20,15,15,5,5,CLOSED,-,15,10,15,20,15,15
20250830,17:15,120,CLOSED,40,60,120,40,80,CLOSED,50,60,5,30,CLOSED,20,CLOSED,5,10,15,60,15,15,15,20,5,5,CLOSED,-,15,15,15,20,15,15
20250830,17:45,120,CLOSED,40,70,100,60,90,CLOSED,40,70,20,35,CLOSED,15,CLOSED,5,10,15,60,15,10,15,15,5,5,CLOSED,-,15,10,10,10,15,5
20250830,18:15,120,CLOSED,50,60,120,50,80,CLOSED,60,60,-,-,CLOSED,20,CLOSED,-,15,15,20,15,-,15,15,5,5,CLOSED,-,20,10,10,10,15,5
20250830,18:45,120,CLOSED,40,80,120,60,100,CLOSED,50,60,-,-,CLOSED,15,CLOSED,-,20,20,40,15,-,15,20,5,5,CLOSED,-,15,10,10,15,10,5
20250830,19:15,90,CLOSED,40,60,100,-,80,CLOSED,50,70,-,-,CLOSED,15,CLOSED,-,5,15,40,15,-,15,15,5,5,CLOSED,-,15,5,10,10,10,5
20250830,19:45,70,CLOSED,30,40,80,-,60,CLOSED,40,60,-,-,CLOSED,20,CLOSED,-,5,15,25,15,-,15,15,5,5,CLOSED,-,10,10,10,15,5,5
20250830,20:15,-,CLOSED,25,-,80,-,50,CLOSED,25,-,-,-,CLOSED,20,CLOSED,-,5,15,20,15,-,15,5,5,5,CLOSED,-,5,5,10,10,5,5
20250830,20:45,-,CLOSED,15,-,-,-,-,CLOSED,-,-,-,-,CLOSED,15,CLOSED,-,5,15,20,5,-,-,5,5,5,CLOSED,-,5,5,10,5,5,5
20250830,21:15,-,CLOSED,-,-,-,-,-,CLOSED,-,-,-,-,CLOSED,-,CLOSED,-,-,-,-,-,-,-,-,-,-,CLOSED,-,-,-,-,-,-,-
20250830,21:45,-,CLOSED,-,-,-,-,-,CLOSED,-,-,-,-,CLOSED,-,CLOSED,-,-,-,-,-,-,-,-,-,-,CLOSED,-,-,-,-,-,-,-
20250831,07:15,-,CLOSED,-,-,-,-,-,CLOSED,-,-,-,-,CLOSED,-,CLOSED,-,-,-,-,-,-,-,-,-,-,CLOSED,-,-,-,-,-,-,-
20250831,07:45,-,CLOSED,-,-,-,-,-,CLOSED,-,-,-,-,CLOSED,-,CLOSED,-,-,-,-,-,-,-,-,-,-,CLOSED,-,-,-,-,-,-,-
20250831,08:15,-,CLOSED,-,-,-,-,-,CLOSED,-,-,-,-,CLOSED,-,CLOSED,-,-,-,-,-,-,-,-,-,-,CLOSED,-,-,-,-,-,-,-
20250831,08:45,-,CLOSED,-,-,-,-,-,CLOSED,-,-,-,-,CLOSED,-,CLOSED,-,-,-,-,-,-,-,-,-,-,CLOSED,-,-,-,-,-,-,-
20250831,09:15,60,CLOSED,5,15,70,15,50,CLOSED,5,-,5,-,CLOSED,10,CLOSED,-,-,15,5,-,5,-,5,5,-,CLOSED,-,5,5,5,5,5,-
20250831,09:45,120,CLOSED,50,50,140,90,90,CLOSED,40,-,20,-,CLOSED,20,CLOSED,-,10,15,5,5,5,-,5,5,-,CLOSED,-,5,5,5,5,5,-
20250831,10:15,120,CLOSED,50,50,140,90,90,CLOSED,60,90,15,-,CLOSED,20,CLOSED,-,20,15,40,5,5,15,5,5,5,CLOSED,-,5,5,5,5,5,5
20250831,10:45,120,CLOSED,50,50,100,60,80,CLOSED,50,80,5,-,CLOSED,15,CLOSED,-,10,15,40,5,5,15,5,5,5,CLOSED,-,5,5,10,20,10,10
20250831,11:15,120,CLOSED,50,50,100,60,50,CLOSED,40,70,5,-,CLOSED,15,CLOSED,-,10,15,25,5,5,15,5,5,5,CLOSED,-,10,5,10,15,10,15
20250831,11:45,-,CLOSED,40,50,90,40,50,CLOSED,40,60,5,-,CLOSED,15,CLOSED,5,20,15,50,10,5,15,5,5,5,CLOSED,-,15,5,5,15,10,15
20250831,12:15,-,CLOSED,40,40,80,40,50,CLOSED,40,70,10,-,CLOSED,15,CLOSED,5,10,15,50,10,5,15,5,5,5,CLOSED,-,10,5,10,15,10,5
20250831,12:45,-,CLOSED,50,40,90,50,50,CLOSED,50,60,5,-,CLOSED,15,CLOSED,5,5,15,30,10,5,15,5,5,5,CLOSED,-,10,5,15,20,10,5
20250831,13:15,-,CLOSED,50,40,90,40,70,CLOSED,50,70,5,-,CLOSED,15,CLOSED,5,15,15,50,15,10,15,5,5,5,CLOSED,-,10,5,15,20,15,15
20250831,13:45,120,CLOSED,30,40,100,40,100,CLOSED,30,70,10,-,CLOSED,15,CLOSED,5,15,15,60,15,10,15,5,5,5,CLOSED,-,10,5,15,20,15,5
20250831,14:15,140,CLOSED,40,40,80,60,90,CLOSED,50,70,10,-,CLOSED,15,CLOSED,5,10,15,-,15,10,15,5,5,5,CLOSED,-,10,5,15,20,15,5
20250831,14:45,120,CLOSED,50,40,100,50,90,CLOSED,40,60,15,-,CLOSED,15,CLOSED,5,20,15,60,10,15,15,5,5,5,CLOSED,-,5,5,15,20,15,10
20250831,15:15,120,CLOSED,40,40,100,40,50,CLOSED,50,70,15,-,CLOSED,20,CLOSED,5,10,15,-,5,10,15,5,5,5,CLOSED,-,10,5,15,20,20,5
20250831,15:45,140,CLOSED,40,40,100,40,70,CLOSED,40,70,15,-,CLOSED,20,CLOSED,5,15,15,-,10,15,15,5,5,5,CLOSED,-,10,10,15,15,15,-
20250831,16:15,-,CLOSED,40,50,90,50,60,CLOSED,50,-,20,5,CLOSED,20,CLOSED,5,10,15,100,5,5,15,10,5,5,CLOSED,-,10,10,15,20,-,-
20250831,16:45,-,CLOSED,50,50,100,40,70,CLOSED,50,60,15,20,CLOSED,15,CLOSED,5,15,15,60,20,25,15,15,5,5,CLOSED,-,15,10,10,20,-,-
20250831,17:15,-,CLOSED,30,50,120,50,80,CLOSED,60,70,15,15,CLOSED,15,CLOSED,5,5,15,60,20,20,15,10,5,5,CLOSED,-,15,10,10,15,10,-
20250831,17:45,160,CLOSED,40,50,120,50,80,CLOSED,50,70,15,25,CLOSED,15,CLOSED,5,5,15,30,15,15,15,15,5,5,CLOSED,-,10,5,5,15,10,-
20250831,18:15,160,CLOSED,30,50,80,40,80,CLOSED,50,50,-,-,CLOSED,15,CLOSED,-,15,15,30,5,-,15,10,5,5,CLOSED,-,5,5,5,15,5,5
20250831,18:45,120,CLOSED,30,50,120,50,60,CLOSED,50,50,-,-,CLOSED,20,CLOSED,-,15,15,40,15,-,15,10,5,5,CLOSED,-,10,5,5,10,5,10
20250831,19:15,100,CLOSED,25,40,100,50,60,CLOSED,40,50,-,-,CLOSED,15,CLOSED,-,5,15,30,15,-,15,10,5,5,CLOSED,-,10,5,5,10,5,5
20250831,19:45,60,CLOSED,10,40,70,40,50,CLOSED,15,40,-,-,CLOSED,20,CLOSED,-,5,15,10,15,-,15,5,5,5,CLOSED,-,5,5,5,10,5,5
20250831,20:15,60,CLOSED,10,30,50,40,30,CLOSED,15,30,-,-,CLOSED,20,CLOSED,-,5,15,10,5,-,15,5,5,5,CLOSED,-,5,5,5,5,5,5
20250831,20:45,-,CLOSED,10,-,40,-,-,CLOSED,5,-,-,-,CLOSED,15,CLOSED,-,5,15,5,5,-,-,5,5,5,CLOSED,-,5,5,5,5,5,5
20250831,21:15,-,CLOSED,-,-,-,-,-,CLOSED,-,-,-,-,CLOSED,-,CLOSED,-,-,-,-,-,-,-,-,-,-,CLOSED,-,-,-,-,-,-,-
20250831,21:45,-,CLOSED,-,-,-,-,-,CLOSED,-,-,-,-,CLOSED,-,CLOSED,-,-,-,-,-,-,-,-,-,-,CLOSED,-,-,-,-,-,-,-
20250901,07:15,-,CLOSED,-,-,-,-,-,CLOSED,-,-,-,-,CLOSED,-,CLOSED,-,-,-,-,-,-,-,-,-,-,CLOSED,-,-,-,-,-,-,-
20250901,07:45,-,CLOSED,-,-,-,-,-,CLOSED,-,-,-,-,CLOSED,-,CLOSED,-,-,-,-,-,-,-,-,-,-,CLOSED,-,-,-,-,-,-,-
20250901,08:15,-,CLOSED,-,-,-,-,-,CLOSED,-,-,-,-,CLOSED,-,CLOSED,-,-,-,-,-,-,-,-,-,-,CLOSED,-,-,-,-,-,-,-
20250901,08:45,-,CLOSED,-,-,-,-,-,CLOSED,-,-,-,-,CLOSED,-,CLOSED,-,-,-,-,-,-,-,-,-,-,CLOSED,-,-,-,-,-,-,-
20250901,09:15,160,CLOSED,30,50,140,70,100,CLOSED,10,100,5,-,CLOSED,20,CLOSED,-,10,15,5,5,5,-,5,5,-,CLOSED,-,5,5,5,5,5,10
20250901,09:45,120,CLOSED,60,60,100,60,60,CLOSED,50,70,5,-,CLOSED,20,CLOSED,-,10,15,5,5,5,-,5,5,-,CLOSED,-,5,5,5,5,5,15
20250901,10:15,100,CLOSED,40,60,120,60,60,CLOSED,50,60,5,-,CLOSED,15,CLOSED,-,10,15,30,5,5,15,5,5,5,CLOSED,-,5,5,10,15,5,10
20250901,10:45,120,CLOSED,40,40,60,60,60,CLOSED,30,80,5,-,CLOSED,20,CLOSED,-,10,15,20,5,5,15,5,5,5,CLOSED,-,10,5,10,20,10,15
20250901,11:15,100,CLOSED,40,60,100,50,50,CLOSED,50,80,5,-,CLOSED,20,CLOSED,-,5,15,25,5,5,15,5,5,5,CLOSED,-,5,5,5,20,10,15
20250901,11:45,80,CLOSED,40,40,100,40,50,CLOSED,50,80,5,-,CLOSED,20,CLOSED,5,20,15,30,5,5,15,5,5,5,CLOSED,-,5,5,5,15,5,10
20250901,12:15,100,CLOSED,40,50,70,50,50,CLOSED,30,80,5,-,CLOSED,15,CLOSED,5,10,15,50,15,5,15,5,5,5,CLOSED,-,10,5,10,20,5,5
20250901,12:45,100,CLOSED,30,40,60,50,60,CLOSED,40,80,5,-,CLOSED,20,CLOSED,5,5,15,30,5,5,15,5,5,5,CLOSED,-,10,5,10,20,10,5
20250901,13:15,90,CLOSED,40,50,80,50,50,CLOSED,40,60,5,-,CLOSED,20,CLOSED,5,15,15,30,10,5,15,5,5,5,CLOSED,-,5,5,10,20,10,5
20250901,13:45,120,CLOSED,-,50,80,40,50,CLOSED,60,50,5,-,CLOSED,15,CLOSED,5,10,15,50,10,5,15,5,5,5,CLOSED,-,5,5,10,20,10,5
20250901,14:15,100,CLOSED,-,50,70,40,50,CLOSED,60,70,5,-,CLOSED,15,CLOSED,5,5,15,-,5,5,15,5,5,5,CLOSED,-,10,5,10,25,20,5
20250901,14:45,100,CLOSED,-,50,70,50,70,CLOSED,50,50,5,-,CLOSED,15,CLOSED,5,10,15,-,15,15,15,10,5,5,CLOSED,-,10,10,20,25,15,5
20250901,15:15,100,CLOSED,50,50,90,50,60,CLOSED,50,70,5,10,CLOSED,20,CLOSED,15,15,15,40,15,10,15,10,5,5,CLOSED,-,5,10,15,25,15,10
20250901,15:45,100,CLOSED,40,50,80,50,50,CLOSED,50,60,5,5,CLOSED,15,CLOSED,5,15,15,50,15,5,15,10,5,5,CLOSED,-,10,5,10,25,15,5
20250901,16:15,100,CLOSED,40,50,70,40,50,CLOSED,50,60,5,15,CLOSED,15,CLOSED,5,5,15,50,5,5,15,5,5,5,CLOSED,-,10,5,5,20,10,5
20250901,16:45,100,CLOSED,40,40,60,50,60,CLOSED,50,60,5,20,CLOSED,15,CLOSED,5,15,15,50,15,15,15,5,5,5,CLOSED,-,10,10,5,15,10,5
20250901,17:15,100,CLOSED,40,40,70,50,70,CLOSED,60,60,5,20,CLOSED,15,CLOSED,5,5,15,50,15,10,15,10,5,5,CLOSED,-,5,5,5,15,10,5
20250901,17:45,120,CLOSED,-,60,60,40,60,CLOSED,50,40,5,25,CLOSED,20,CLOSED,5,5,15,15,10,15,15,5,5,5,CLOSED,-,5,5,5,15,10,5
20250901,18:15,100,CLOSED,-,50,70,50,60,CLOSED,50,50,5,-,CLOSED,20,CLOSED,-,15,15,25,20,-,15,15,5,5,CLOSED,-,5,5,5,10,10,5
20250901,18:45,80,CLOSED,30,40,90,50,70,CLOSED,50,50,-,-,CLOSED,20,CLOSED,-,10,15,30,15,-,15,15,5,5,CLOSED,-,5,5,5,15,10,5
20250901,19:15,80,CLOSED,20,30,70,50,50,CLOSED,40,50,-,-,CLOSED,20,CLOSED,-,5,15,15,15,-,15,10,5,5,CLOSED,-,5,5,5,10,5,5
20250901,19:45,50,CLOSED,20,30,50,40,40,CLOSED,15,40,-,-,CLOSED,15,CLOSED,-,5,15,10,10,-,15,5,5,5,CLOSED,-,5,5,5,10,5,5
20250901,20:15,40,CLOSED,15,30,50,40,30,CLOSED,5,25,-,-,CLOSED,20,CLOSED,-,5,15,5,10,-,15,5,5,5,CLOSED,-,5,5,5,10,5,5
20250901,20:45,25,CLOSED,10,30,40,-,-,CLOSED,10,25,-,-,CLOSED,25,CLOSED,-,5,15,5,5,-,-,5,5,5,CLOSED,-,5,5,5,5,5,5
20250901,21:15,-,CLOSED,-,-,-,-,-,CLOSED,-,-,-,-,CLOSED,-,CLOSED,-,-,-,-,-,-,-,-,-,-,CLOSED,-,-,-,-,-,-,-
20250901,21:45,-,CLOSED,-,-,-,-,-,CLOSED,-,-,-,-,CLOSED,-,CLOSED,-,-,-,-,-,-,-,-,-,-,CLOSED,-,-,-,-,-,-,-
20250902,07:15,-,CLOSED,-,-,-,-,-,CLOSED,-,-,-,-,CLOSED,-,CLOSED,-,-,-,-,-,-,-,-,-,-,CLOSED,-,-,-,-,-,-,-
20250902,07:45,-,CLOSED,-,-,-,-,-,CLOSED,-,-,-,-,CLOSED,-,CLOSED,-,-,-,-,-,-,-,-,-,-,CLOSED,-,-,-,-,-,-,-
20250902,08:15,-,CLOSED,-,-,-,-,-,CLOSED,-,-,-,-,CLOSED,-,CLOSED,-,-,-,-,-,-,-,-,-,-,CLOSED,-,-,-,-,-,-,-
20250902,08:45,-,CLOSED,-,-,-,-,-,CLOSED,-,-,-,-,CLOSED,-,CLOSED,-,-,-,-,-,-,-,-,-,-,CLOSED,-,-,-,-,-,-,-
20250902,09:15,120,CLOSED,20,60,120,60,80,CLOSED,5,100,20,-,CLOSED,20,CLOSED,-,5,15,5,5,5,-,5,5,-,CLOSED,-,5,5,5,5,5,20
20250902,09:45,140,CLOSED,50,70,120,70,70,CLOSED,50,80,20,-,CLOSED,20,CLOSED,-,5,15,10,5,5,-,5,5,-,CLOSED,-,5,5,5,10,5,20
20250902,10:15,120,CLOSED,50,40,120,80,60,CLOSED,60,70,5,-,CLOSED,20,CLOSED,-,10,20,25,5,5,15,10,5,5,CLOSED,-,10,5,5,15,15,25
20250902,10:45,100,CLOSED,-,60,-,60,70,CLOSED,50,80,10,-,CLOSED,20,CLOSED,-,10,15,50,5,5,15,5,5,5,CLOSED,-,10,5,10,20,15,20
20250902,11:15,100,CLOSED,-,70,-,60,60,CLOSED,50,100,10,-,CLOSED,15,CLOSED,-,5,15,-,5,5,15,10,5,5,CLOSED,-,15,10,10,20,15,25
20250902,11:45,120,CLOSED,-,60,120,60,60,CLOSED,70,100,5,-,CLOSED,15,CLOSED,-,25,15,-,10,5,15,15,5,5,CLOSED,-,10,15,15,20,20,20
20250902,12:15,100,CLOSED,50,40,100,70,60,CLOSED,60,90,10,-,CLOSED,15,CLOSED,5,10,15,40,10,5,15,5,5,5,CLOSED,-,15,10,15,30,15,20
20250902,12:45,90,CLOSED,50,50,70,70,50,CLOSED,50,80,5,-,CLOSED,20,CLOSED,5,10,15,50,10,5,15,5,5,5,CLOSED,-,10,10,15,25,15,20
20250902,13:15,100,CLOSED,50,50,80,60,60,CLOSED,50,90,5,-,CLOSED,15,CLOSED,5,15,15,50,5,5,15,10,5,5,CLOSED,-,10,10,15,25,15,15
20250902,13:45,120,CLOSED,50,50,120,50,60,CLOSED,50,90,5,-,CLOSED,20,CLOSED,5,10,15,60,10,5,15,5,5,5,CLOSED,-,10,10,20,20,15,10
20250902,14:15,120,CLOSED,50,60,90,60,60,CLOSED,60,90,5,-,CLOSED,20,CLOSED,5,5,15,50,10,5,15,5,5,5,CLOSED,-,10,10,20,25,20,10
20250902,14:45,120,CLOSED,50,50,90,60,70,CLOSED,60,80,5,-,CLOSED,20,CLOSED,5,15,15,50,10,20,15,5,10,5,CLOSED,-,10,10,15,25,20,15
20250902,15:15,100,CLOSED,40,50,100,60,70,CLOSED,60,80,5,5,CLOSED,15,CLOSED,5,20,15,60,20,15,15,10,5,5,CLOSED,-,10,10,15,25,20,10
20250902,15:45,120,CLOSED,40,60,120,60,70,CLOSED,70,70,10,15,CLOSED,15,CLOSED,5,10,15,60,10,5,15,10,5,5,CLOSED,-,15,5,15,10,15,10
20250902,16:15,100,CLOSED,50,50,120,60,60,CLOSED,60,70,10,25,CLOSED,20,CLOSED,5,5,15,70,10,5,15,5,5,5,CLOSED,-,5,5,15,25,15,10
20250902,16:45,100,CLOSED,50,60,120,60,70,CLOSED,60,60,5,30,CLOSED,20,CLOSED,5,10,15,60,15,15,15,15,5,5,CLOSED,-,15,10,10,15,10,5
20250902,17:15,100,CLOSED,40,50,120,50,60,CLOSED,60,70,5,25,CLOSED,20,CLOSED,5,5,15,30,15,5,15,15,5,5,CLOSED,-,5,5,5,20,5,5
20250902,17:45,120,CLOSED,40,50,90,40,60,CLOSED,60,80,5,30,CLOSED,15,CLOSED,5,5,15,30,10,15,15,10,5,5,CLOSED,-,10,5,5,20,10,5
20250902,18:15,100,CLOSED,30,50,100,60,60,CLOSED,60,-,-,-,CLOSED,15,CLOSED,-,10,15,30,10,-,15,15,5,5,CLOSED,-,10,5,5,10,10,5
20250902,18:45,100,CLOSED,40,60,100,80,60,CLOSED,-,-,-,-,CLOSED,15,CLOSED,-,15,15,30,20,-,15,20,5,5,CLOSED,-,10,10,5,15,5,10
20250902,19:15,80,CLOSED,20,50,100,100,70,CLOSED,-,-,-,-,CLOSED,20,CLOSED,-,5,15,30,15,-,15,15,5,5,CLOSED,-,15,10,5,15,10,5
20250902,19:45,70,CLOSED,15,40,80,100,50,CLOSED,50,20,-,-,CLOSED,15,CLOSED,-,5,15,15,15,-,15,5,5,5,CLOSED,-,5,5,5,15,5,5
20250902,20:15,50,CLOSED,10,40,60,70,30,CLOSED,40,50,-,-,CLOSED,15,CLOSED,-,5,15,10,5,-,15,-,5,5,CLOSED,-,5,5,5,5,5,5
20250902,20:45,30,CLOSED,10,-,-,-,40,CLOSED,20,-,-,-,CLOSED,15,CLOSED,-,5,15,5,5,-,-,5,5,5,CLOSED,-,5,5,5,5,5,5
20250902,21:15,-,CLOSED,-,-,-,-,-,CLOSED,-,-,-,-,CLOSED,-,CLOSED,-,-,-,-,-,-,-,-,-,-,CLOSED,-,-,-,-,-,-,-
20250902,21:45,-,CLOSED,-,-,-,-,-,CLOSED,-,-,-,-,CLOSED,-,CLOSED,-,-,-,-,-,-,-,-,-,-,CLOSED,-,-,-,-,-,-,-
20250903,07:15,-,CLOSED,-,-,-,-,-,CLOSED,-,-,-,-,CLOSED,-,CLOSED,-,-,-,-,-,-,-,-,-,-,CLOSED,-,-,-,-,-,-,-
20250903,07:45,-,CLOSED,-,-,-,-,-,CLOSED,-,-,-,-,CLOSED,-,CLOSED,-,-,-,-,-,-,-,-,-,-,CLOSED,-,-,-,-,-,-,-
20250903,08:15,-,CLOSED,-,-,-,-,-,CLOSED,-,-,-,-,CLOSED,-,CLOSED,-,-,-,-,-,-,-,-,-,-,CLOSED,-,-,-,-,-,-,-
20250903,08:45,-,CLOSED,-,-,-,-,-,CLOSED,-,-,-,-,CLOSED,-,CLOSED,-,-,-,-,-,-,-,-,-,-,CLOSED,-,-,-,-,-,-,-
20250903,09:15,120,CLOSED,15,40,90,70,80,CLOSED,10,120,20,-,CLOSED,20,CLOSED,-,5,15,5,5,5,-,5,5,-,CLOSED,-,5,5,5,5,5,10
20250903,09:45,120,CLOSED,50,50,120,70,100,CLOSED,60,80,20,-,CLOSED,20,CLOSED,-,10,15,10,5,5,-,5,5,-,CLOSED,-,5,5,5,15,5,15
20250903,10:15,120,CLOSED,50,50,90,70,70,CLOSED,50,70,5,-,CLOSED,20,CLOSED,-,15,30,-,5,5,5,10,5,5,CLOSED,-,10,5,10,15,15,25
20250903,10:45,100,CLOSED,40,50,80,60,50,CLOSED,50,60,5,-,CLOSED,15,CLOSED,-,10,30,-,5,5,15,10,5,5,CLOSED,-,10,5,10,20,15,15
20250903,11:15,100,CLOSED,40,40,90,50,40,CLOSED,60,80,5,-,CLOSED,15,CLOSED,-,5,20,30,5,5,15,10,5,5,CLOSED,-,10,5,10,20,15,15
20250903,11:45,90,CLOSED,40,40,60,50,60,CLOSED,50,80,5,-,CLOSED,15,CLOSED,-,20,20,30,10,5,15,10,5,5,CLOSED,-,10,5,15,20,15,10
20250903,12:15,80,CLOSED,30,50,80,50,50,CLOSED,40,80,5,-,CLOSED,20,CLOSED,5,10,20,-,10,5,15,10,5,5,CLOSED,-,10,5,10,25,15,15
20250903,12:45,90,CLOSED,40,40,100,60,50,CLOSED,50,90,5,-,CLOSED,15,CLOSED,5,5,30,-,5,5,15,5,5,5,CLOSED,-,10,5,15,20,15,10
20250903,13:15,100,CLOSED,40,40,80,40,60,CLOSED,50,90,5,-,CLOSED,20,CLOSED,5,10,20,-,15,5,15,10,5,5,CLOSED,-,10,5,15,20,15,5
20250903,13:45,120,CLOSED,40,50,80,60,50,CLOSED,60,80,5,-,CLOSED,15,CLOSED,5,10,20,15,10,5,15,10,5,5,CLOSED,-,10,10,15,25,15,5
20250903,14:15,140,CLOSED,40,50,80,50,60,CLOSED,50,60,5,-,CLOSED,15,CLOSED,5,10,20,50,5,5,15,10,5,5,CLOSED,-,5,5,10,25,20,5
20250903,14:45,-,CLOSED,40,50,80,60,70,CLOSED,60,70,5,-,CLOSED,20,CLOSED,5,5,20,50,5,5,15,10,5,5,CLOSED,-,15,10,10,20,20,10
20250903,15:15,70,CLOSED,40,40,100,70,60,CLOSED,70,90,5,15,CLOSED,20,CLOSED,5,5,30,70,5,5,15,20,5,5,CLOSED,-,15,10,10,15,10,-
20250903,15:45,140,CLOSED,40,50,100,70,70,CLOSED,70,80,5,20,CLOSED,20,CLOSED,5,5,15,60,10,5,15,15,5,5,CLOSED,-,20,10,15,15,10,-
20250903,16:15,100,CLOSED,30,40,90,50,70,CLOSED,70,70,5,20,CLOSED,20,CLOSED,5,10,20,50,10,5,15,15,5,5,CLOSED,-,15,10,15,20,15,-
20250903,16:45,120,CLOSED,30,50,80,70,70,CLOSED,60,80,5,20,CLOSED,15,CLOSED,5,10,20,40,15,15,15,15,5,5,CLOSED,-,15,10,10,20,15,-
20250903,17:15,140,CLOSED,30,40,90,60,60,CLOSED,70,60,5,20,CLOSED,15,CLOSED,5,10,15,20,5,10,15,5,5,5,CLOSED,-,10,5,5,10,15,5
20250903,17:45,120,CLOSED,-,50,80,60,50,CLOSED,40,60,5,20,CLOSED,15,CLOSED,5,10,15,25,10,15,15,10,5,5,CLOSED,-,10,5,5,10,10,10
20250903,18:15,120,CLOSED,-,40,70,60,60,CLOSED,60,60,5,-,CLOSED,15,CLOSED,-,10,15,25,15,-,15,10,5,5,CLOSED,-,10,10,5,10,10,10
20250903,18:45,100,CLOSED,30,40,80,60,70,CLOSED,50,60,-,-,CLOSED,20,CLOSED,-,15,15,25,15,-,15,10,5,5,CLOSED,-,5,5,5,15,5,5
20250903,19:15,90,CLOSED,15,30,70,60,60,CLOSED,40,60,-,-,CLOSED,20,CLOSED,-,5,15,15,15,-,15,10,5,5,CLOSED,-,5,5,5,10,10,5
20250903,19:45,70,CLOSED,10,30,50,50,40,CLOSED,20,40,-,-,CLOSED,20,CLOSED,-,5,15,5,10,-,15,5,5,5,CLOSED,-,5,5,5,10,5,-
20250903,20:15,60,CLOSED,5,30,40,40,40,CLOSED,15,40,-,-,CLOSED,20,CLOSED,-,5,15,5,10,-,15,5,5,5,CLOSED,-,5,5,5,5,5,-
20250903,20:45,20,CLOSED,5,15,-,-,-,CLOSED,10,-,-,-,CLOSED,25,CLOSED,-,5,15,5,5,-,-,5,5,5,CLOSED,-,5,5,5,5,5,5
20250903,21:15,-,CLOSED,-,-,-,-,-,CLOSED,-,-,-,-,CLOSED,-,CLOSED,-,-,-,-,-,-,-,-,-,-,CLOSED,-,-,-,-,-,-,-
20250903,21:45,-,CLOSED,-,-,-,-,-,CLOSED,-,-,-,-,CLOSED,-,CLOSED,-,-,-,-,-,-,-,-,-,-,CLOSED,-,-,-,-,-,-,-
20250904,07:15,-,CLOSED,-,-,-,-,-,CLOSED,-,-,-,-,CLOSED,-,CLOSED,-,-,-,-,-,-,-,-,-,-,CLOSED,-,-,-,-,-,-,-
20250904,07:45,-,CLOSED,-,-,-,-,-,CLOSED,-,-,-,-,CLOSED,-,CLOSED,-,-,-,-,-,-,-,-,-,-,CLOSED,-,-,-,-,-,-,-
20250904,08:15,-,CLOSED,-,-,-,-,-,CLOSED,-,-,-,-,CLOSED,-,CLOSED,-,-,-,-,-,-,-,-,-,-,CLOSED,-,-,-,-,-,-,-
20250904,08:45,-,CLOSED,-,-,-,-,-,CLOSED,-,-,-,-,CLOSED,-,CLOSED,-,-,-,-,-,-,-,-,-,-,CLOSED,-,-,-,-,-,-,-
20250904,09:15,120,CLOSED,15,50,140,60,80,CLOSED,10,120,20,-,CLOSED,20,CLOSED,-,-,5,5,-,5,-,5,5,-,CLOSED,-,5,5,5,5,5,5
20250904,09:45,100,CLOSED,60,50,120,60,60,CLOSED,40,70,20,-,CLOSED,20,CLOSED,-,5,15,5,5,5,-,5,5,-,CLOSED,-,5,5,5,5,5,15
20250904,10:15,120,CLOSED,40,50,100,70,60,CLOSED,50,60,15,-,CLOSED,20,CLOSED,-,5,20,10,5,5,15,10,5,5,CLOSED,-,10,15,5,15,5,10
20250904,10:45,120,CLOSED,40,50,100,60,60,CLOSED,60,70,15,-,CLOSED,15,CLOSED,-,5,15,10,5,5,15,10,5,5,CLOSED,-,15,10,5,15,5,10
20250904,11:15,100,CLOSED,50,50,70,50,50,CLOSED,50,70,15,-,CLOSED,15,CLOSED,-,5,20,5,5,5,15,10,5,5,CLOSED,-,10,5,10,10,10,10
20250904,11:45,100,CLOSED,40,40,90,50,50,CLOSED,70,60,15,-,CLOSED,15,CLOSED,-,15,20,5,5,5,15,15,5,5,CLOSED,-,15,5,10,15,10,10
20250904,12:15,120,CLOSED,40,40,90,60,50,CLOSED,60,70,15,-,CLOSED,15,CLOSED,5,5,20,5,10,5,15,15,5,5,CLOSED,-,15,5,5,20,5,5
20250904,12:45,100,CLOSED,40,40,90,50,50,CLOSED,40,60,5,-,CLOSED,20,CLOSED,5,5,20,10,5,5,15,15,5,5,CLOSED,-,15,10,5,20,10,5
20250904,13:15,100,CLOSED,40,30,100,50,60,CLOSED,70,70,5,-,CLOSED,15,CLOSED,5,20,20,5,15,10,15,15,5,5,CLOSED,-,10,5,10,20,10,10
20250904,13:45,100,CLOSED,40,40,120,60,70,CLOSED,50,80,5,-,CLOSED,20,CLOSED,5,5,20,5,10,5,15,5,5,5,CLOSED,-,5,5,20,20,20,10
20250904,14:15,100,CLOSED,30,40,90,60,50,CLOSED,50,70,5,-,CLOSED,20,CLOSED,5,5,20,5,5,5,15,10,5,5,CLOSED,-,5,5,20,20,15,5
20250904,14:45,100,CLOSED,40,40,80,60,60,CLOSED,60,60,5,-,CLOSED,20,CLOSED,5,10,30,10,10,10,15,15,5,5,CLOSED,-,15,5,10,20,10,5
20250904,15:15,100,CLOSED,40,50,90,60,60,CLOSED,70,70,10,20,CLOSED,15,CLOSED,5,5,20,15,5,10,15,5,5,5,CLOSED,-,15,5,10,15,15,5
20250904,15:45,120,CLOSED,30,50,120,60,60,CLOSED,60,70,5,25,CLOSED,15,CLOSED,5,5,20,10,10,10,15,15,5,5,CLOSED,-,15,10,10,20,5,5
20250904,16:15,100,CLOSED,30,50,80,60,60,CLOSED,70,70,5,20,CLOSED,15,CLOSED,5,5,20,5,5,5,15,15,5,5,CLOSED,-,15,5,5,20,15,5
20250904,16:45,100,CLOSED,30,30,80,60,70,CLOSED,70,70,5,20,CLOSED,15,CLOSED,5,15,20,5,15,15,15,10,5,5,CLOSED,-,15,5,5,20,15,5
20250904,17:15,120,CLOSED,30,40,80,60,70,CLOSED,60,60,5,15,CLOSED,15,CLOSED,5,5,20,10,15,15,15,10,5,5,CLOSED,-,15,5,10,20,10,5
20250904,17:45,100,CLOSED,30,40,80,50,60,CLOSED,50,50,5,15,CLOSED,20,CLOSED,5,5,15,5,10,10,15,10,5,5,CLOSED,-,10,5,5,20,10,5
20250904,18:15,100,CLOSED,25,40,70,60,50,CLOSED,50,60,-,-,CLOSED,15,CLOSED,-,10,15,5,15,20,15,10,5,5,CLOSED,-,10,5,5,10,5,5
20250904,18:45,100,CLOSED,15,40,80,60,60,CLOSED,50,50,-,-,CLOSED,20,CLOSED,-,15,15,5,20,-,15,10,5,5,CLOSED,-,5,5,10,10,5,5
20250904,19:15,90,CLOSED,15,30,70,50,60,CLOSED,40,60,-,-,CLOSED,15,CLOSED,-,10,15,5,15,-,15,5,5,5,CLOSED,-,5,5,5,15,5,5
20250904,19:45,60,CLOSED,10,25,60,50,50,CLOSED,15,50,-,-,CLOSED,15,CLOSED,-,5,15,-,10,-,15,5,5,5,CLOSED,-,5,5,5,10,5,5
20250904,20:15,30,CLOSED,5,30,50,50,40,CLOSED,15,40,-,-,CLOSED,20,CLOSED,-,5,15,5,5,-,15,5,5,5,CLOSED,-,5,5,5,5,5,5
20250904,20:45,20,CLOSED,5,20,-,-,40,CLOSED,10,40,-,-,CLOSED,20,CLOSED,-,5,15,5,5,-,-,5,5,5,CLOSED,-,5,5,5,5,5,5
20250904,21:15,-,CLOSED,-,-,-,-,-,CLOSED,-,-,-,-,CLOSED,-,CLOSED,-,-,-,-,-,-,-,-,-,-,CLOSED,-,-,-,-,-,-,-
20250904,21:45,-,CLOSED,-,-,-,-,-,CLOSED,-,-,-,-,CLOSED,-,CLOSED,-,-,-,-,-,-,-,-,-,-,CLOSED,-,-,-,-,-,-,-
20250905,07:15,-,CLOSED,-,-,-,-,-,CLOSED,-,-,-,-,CLOSED,-,CLOSED,-,-,-,-,-,-,-,-,-,-,CLOSED,-,-,-,-,-,-,-
20250905,07:45,-,CLOSED,-,-,-,-,-,CLOSED,-,-,-,-,CLOSED,-,CLOSED,-,-,-,-,-,-,-,-,-,-,CLOSED,-,-,-,-,-,-,-
20250905,08:15,-,CLOSED,-,-,-,-,-,CLOSED,-,-,-,-,CLOSED,-,CLOSED,-,-,-,-,-,-,-,-,-,-,CLOSED,-,-,-,-,-,-,-
20250905,08:45,-,CLOSED,-,-,-,-,-,CLOSED,-,-,-,-,CLOSED,-,CLOSED,-,-,-,-,-,-,-,-,-,-,CLOSED,-,-,-,-,-,-,-
20250905,09:15,90,CLOSED,15,25,120,60,60,CLOSED,5,30,25,-,CLOSED,20,CLOSED,-,5,15,5,5,5,-,5,-,-,CLOSED,-,5,5,5,5,5,5
20250905,09:45,120,CLOSED,50,30,90,50,50,CLOSED,5,60,30,-,CLOSED,20,CLOSED,-,5,15,5,5,5,-,5,5,-,CLOSED,-,5,5,5,5,5,5
20250905,10:15,140,CLOSED,40,40,120,50,70,CLOSED,20,70,15,-,CLOSED,15,CLOSED,-,10,15,5,5,5,15,5,5,-,CLOSED,-,5,5,5,10,5,5
20250905,10:45,120,CLOSED,-,-,70,40,60,CLOSED,25,-,20,-,CLOSED,20,CLOSED,-,10,30,-,5,5,15,5,5,5,CLOSED,-,5,5,15,15,10,-
20250905,11:15,120,CLOSED,-,-,80,50,60,CLOSED,30,-,20,-,CLOSED,15,CLOSED,-,5,40,-,10,5,15,5,5,5,CLOSED,-,5,-,15,25,20,-
20250905,11:45,90,CLOSED,30,-,80,60,50,CLOSED,20,15,20,-,CLOSED,15,CLOSED,-,25,50,-,5,5,15,5,5,5,CLOSED,-,5,-,20,20,20,-
20250905,12:15,80,CLOSED,30,-,60,60,50,CLOSED,15,60,20,-,CLOSED,15,CLOSED,5,15,50,-,10,5,15,5,5,5,CLOSED,-,5,-,10,20,15,-
20250905,12:45,80,CLOSED,40,5,60,40,50,CLOSED,15,-,-,-,CLOSED,15,CLOSED,-,10,20,5,5,-,15,5,5,5,CLOSED,-,5,-,10,20,5,-
20250905,13:15,70,CLOSED,40,-,60,30,40,CLOSED,-,-,-,-,CLOSED,20,CLOSED,-,30,30,5,5,-,15,5,5,5,CLOSED,-,5,-,10,20,15,-
20250905,13:45,90,CLOSED,30,-,90,40,70,CLOSED,-,-,-,-,CLOSED,15,CLOSED,-,-,15,5,-,-,15,5,5,5,CLOSED,-,5,-,10,20,20,10
20250905,14:15,100,CLOSED,30,-,70,40,60,CLOSED,-,30,-,-,CLOSED,20,CLOSED,-,-,15,-,-,-,15,5,5,5,CLOSED,-,-,-,15,20,20,30
20250905,14:45,120,CLOSED,30,-,60,40,60,CLOSED,-,70,-,-,CLOSED,20,CLOSED,-,-,15,-,-,-,15,5,5,5,CLOSED,-,-,-,15,20,20,30
20250905,15:15,80,CLOSED,30,10,70,40,70,CLOSED,-,70,-,5,CLOSED,20,CLOSED,-,-,20,-,-,-,15,5,5,5,CLOSED,-,-,-,15,20,15,20
20250905,15:45,80,CLOSED,25,25,60,30,70,CLOSED,-,70,-,5,CLOSED,20,CLOSED,-,-,20,5,-,-,15,5,5,5,CLOSED,-,-,-,10,20,10,10
20250905,16:15,60,CLOSED,25,30,70,30,50,CLOSED,-,70,-,5,CLOSED,15,CLOSED,-,-,20,5,-,-,15,5,5,5,CLOSED,-,-,-,10,20,10,15
20250905,16:45,90,CLOSED,20,40,50,30,50,CLOSED,15,70,-,-,CLOSED,20,CLOSED,-,-,20,15,-,-,15,5,5,5,CLOSED,-,5,5,5,15,10,10
20250905,17:15,-,CLOSED,20,50,60,25,40,CLOSED,40,70,-,-,CLOSED,15,CLOSED,-,-,20,20,-,-,15,15,5,5,CLOSED,-,20,5,5,10,5,5
20250905,17:45,70,CLOSED,20,40,50,30,60,CLOSED,50,50,-,-,CLOSED,15,CLOSED,-,-,20,20,-,-,15,10,5,5,CLOSED,-,10,5,5,10,5,5
20250905,18:15,80,CLOSED,20,40,70,30,50,CLOSED,50,50,-,-,CLOSED,15,CLOSED,-,-,20,15,-,-,15,10,5,5,CLOSED,-,5,5,5,5,10,5
20250905,18:45,80,CLOSED,15,50,50,40,50,CLOSED,40,60,-,-,CLOSED,15,CLOSED,-,-,20,20,-,-,15,10,5,5,CLOSED,-,10,5,5,5,5,5
20250905,19:15,60,CLOSED,20,40,60,40,60,CLOSED,30,70,-,-,CLOSED,20,CLOSED,-,-,15,15,-,-,15,10,5,5,CLOSED,-,10,5,5,10,5,5
20250905,19:45,50,CLOSED,10,40,40,20,30,CLOSED,30,40,-,-,CLOSED,20,CLOSED,-,5,15,5,5,-,15,5,5,5,CLOSED,-,5,10,5,10,5,5
20250905,20:15,30,CLOSED,10,30,40,20,40,CLOSED,10,30,-,-,CLOSED,15,CLOSED,-,5,15,5,10,-,15,5,5,5,CLOSED,-,5,5,5,5,5,5
20250905,20:45,25,CLOSED,-,-,40,30,40,CLOSED,5,25,-,-,CLOSED,25,CLOSED,-,5,15,5,10,-,-,5,5,5,CLOSED,-,5,5,5,5,5,5
20250905,21:15,-,CLOSED,-,-,-,-,-,CLOSED,-,-,-,-,CLOSED,-,CLOSED,-,-,-,-,-,-,-,-,-,-,CLOSED,-,-,-,-,-,-,-
20250905,21:45,-,CLOSED,-,-,-,-,-,CLOSED,-,-,-,-,CLOSED,-,CLOSED,-,-,-,-,-,-,-,-,-,-,CLOSED,-,-,-,-,-,-,-
20250906,07:15,-,CLOSED,-,-,-,-,-,CLOSED,-,-,-,-,CLOSED,-,CLOSED,-,-,-,-,-,-,-,-,-,-,CLOSED,-,-,-,-,-,-,-
20250906,07:45,-,CLOSED,-,-,-,-,-,CLOSED,-,-,-,-,CLOSED,-,CLOSED,-,-,-,-,-,-,-,-,-,-,CLOSED,-,-,-,-,-,-,-
20250906,08:15,-,CLOSED,-,-,-,-,-,CLOSED,-,-,-,-,CLOSED,-,CLOSED,-,-,-,-,-,-,-,-,-,-,CLOSED,-,-,-,-,-,-,-
20250906,08:45,-,CLOSED,-,-,-,-,-,CLOSED,-,-,-,-,CLOSED,-,CLOSED,-,-,-,-,-,-,-,-,-,-,CLOSED,-,-,-,-,-,-,-
20250906,09:15,180,CLOSED,20,40,140,70,120,CLOSED,5,120,25,-,CLOSED,15,CLOSED,-,10,15,-,5,5,-,5,5,-,CLOSED,-,5,5,5,5,5,5
20250906,09:45,180,CLOSED,80,60,180,90,160,CLOSED,60,160,35,-,CLOSED,30,CLOSED,-,20,20,-,5,5,-,15,5,-,CLOSED,-,15,5,5,15,5,20
20250906,10:15,180,CLOSED,80,60,180,120,140,CLOSED,80,100,35,-,CLOSED,40,CLOSED,-,30,50,30,5,5,15,15,5,5,CLOSED,-,25,20,20,25,20,40
20250906,10:45,120,CLOSED,80,60,120,90,120,CLOSED,70,100,30,-,CLOSED,20,CLOSED,-,30,40,40,15,5,15,25,5,5,CLOSED,-,25,20,20,30,20,30
20250906,11:15,160,CLOSED,70,60,90,80,80,CLOSED,70,100,10,-,CLOSED,20,CLOSED,-,20,40,60,10,5,15,25,5,10,CLOSED,-,20,20,20,30,20,30
20250906,11:45,180,CLOSED,70,50,120,80,10,CLOSED,60,140,25,-,CLOSED,15,CLOSED,-,30,60,60,20,5,15,10,10,5,CLOSED,-,15,10,15,25,25,30
20250906,12:15,180,CLOSED,80,50,120,120,100,CLOSED,70,-,10,-,CLOSED,15,CLOSED,15,20,60,60,20,15,15,10,15,5,CLOSED,-,25,15,15,25,15,30
20250906,12:45,160,CLOSED,70,50,120,50,120,CLOSED,80,-,15,-,CLOSED,15,CLOSED,10,20,50,70,20,15,15,20,15,5,CLOSED,-,25,20,25,25,20,40
20250906,13:15,140,CLOSED,80,60,120,100,140,CLOSED,80,-,15,-,CLOSED,25,CLOSED,5,30,60,70,25,25,15,20,15,5,CLOSED,-,25,20,25,30,25,25
20250906,13:45,120,CLOSED,70,60,120,100,100,CLOSED,70,-,20,-,CLOSED,30,CLOSED,10,20,50,80,25,20,30,20,15,10,CLOSED,-,20,20,25,30,25,40
20250906,14:15,140,CLOSED,-,50,120,90,100,CLOSED,80,30,20,-,CLOSED,30,CLOSED,20,20,40,80,20,10,30,5,15,10,CLOSED,-,25,20,20,30,25,25
20250906,14:45,180,CLOSED,-,60,140,90,120,CLOSED,80,160,20,-,CLOSED,30,CLOSED,15,30,60,70,20,20,30,25,10,10,CLOSED,-,30,15,20,30,20,30
20250906,15:15,140,CLOSED,50,60,160,80,120,CLOSED,80,140,20,30,CLOSED,30,CLOSED,15,20,70,70,30,25,15,15,15,10,CLOSED,-,25,20,20,40,20,40
20250906,15:45,160,CLOSED,90,60,160,90,120,CLOSED,80,100,30,40,CLOSED,30,CLOSED,5,20,60,80,20,25,30,15,5,5,CLOSED,-,25,10,20,30,20,20
20250906,16:15,160,CLOSED,90,60,140,100,120,CLOSED,80,100,25,40,CLOSED,30,CLOSED,20,25,30,90,20,20,15,25,5,5,CLOSED,-,25,20,25,40,25,40
20250906,16:45,180,CLOSED,90,60,140,100,100,CLOSED,70,90,15,50,CLOSED,20,CLOSED,15,20,60,70,20,25,30,-,15,10,CLOSED,-,25,25,20,25,20,25
20250906,17:15,160,CLOSED,80,60,120,70,120,CLOSED,70,100,25,50,CLOSED,20,CLOSED,20,15,50,60,25,20,15,-,5,10,CLOSED,-,25,25,15,25,20,25
20250906,17:45,160,CLOSED,80,50,140,80,120,CLOSED,70,140,20,40,CLOSED,20,CLOSED,5,20,40,20,20,25,15,-,5,5,CLOSED,-,30,20,15,25,15,25
20250906,18:15,140,CLOSED,70,60,140,80,120,CLOSED,70,120,15,-,CLOSED,25,CLOSED,-,25,30,40,25,25,15,-,5,5,CLOSED,-,25,25,15,20,15,20
20250906,18:45,120,CLOSED,70,60,140,100,100,CLOSED,90,100,-,-,CLOSED,30,CLOSED,-,25,50,30,25,-,15,-,5,10,CLOSED,-,25,20,15,20,15,20
20250906,19:15,120,CLOSED,60,40,120,80,90,CLOSED,70,80,-,-,CLOSED,15,CLOSED,-,15,20,30,25,-,15,15,5,10,CLOSED,-,15,20,10,20,15,10
20250906,19:45,90,CLOSED,40,40,100,80,90,CLOSED,30,70,-,-,CLOSED,15,CLOSED,-,10,15,15,20,-,15,20,5,5,CLOSED,-,20,10,5,10,5,5
20250906,20:15,-,CLOSED,30,40,-,60,60,CLOSED,30,-,-,-,CLOSED,20,CLOSED,-,10,15,10,25,-,15,15,5,5,CLOSED,-,5,5,5,10,5,5
20250906,20:45,-,CLOSED,25,-,-,-,-,CLOSED,-,-,-,-,CLOSED,15,CLOSED,-,5,15,10,15,-,-,5,5,5,CLOSED,-,5,10,5,5,5,10
20250906,21:15,-,CLOSED,-,-,-,-,-,CLOSED,-,-,-,-,CLOSED,-,CLOSED,-,-,-,-,-,-,-,-,-,-,CLOSED,-,-,-,-,-,-,-
20250906,21:45,-,CLOSED,-,-,-,-,-,CLOSED,-,-,-,-,CLOSED,-,CLOSED,-,-,-,-,-,-,-,-,-,-,CLOSED,-,-,-,-,-,-,-
20250907,07:15,-,CLOSED,-,-,-,-,-,CLOSED,-,-,-,-,CLOSED,-,CLOSED,-,-,-,-,-,-,-,-,-,-,CLOSED,-,-,-,-,-,-,-
20250907,07:45,-,CLOSED,-,-,-,-,-,CLOSED,-,-,-,-,CLOSED,-,CLOSED,-,-,-,-,-,-,-,-,-,-,CLOSED,-,-,-,-,-,-,-
20250907,08:15,-,CLOSED,-,-,-,-,-,CLOSED,-,-,-,-,CLOSED,-,CLOSED,-,-,-,-,-,-,-,-,-,-,CLOSED,-,-,-,-,-,-,-
20250907,08:45,-,CLOSED,-,-,-,-,-,CLOSED,-,-,-,-,CLOSED,-,CLOSED,-,-,-,-,-,-,-,-,-,-,CLOSED,-,-,-,-,-,-,-
20250907,09:15,100,CLOSED,25,50,140,70,100,CLOSED,5,120,15,-,CLOSED,10,CLOSED,-,5,15,5,5,5,-,5,5,-,CLOSED,-,5,5,5,5,5,5
20250907,09:45,180,CLOSED,70,60,140,100,120,CLOSED,60,-,20,-,CLOSED,20,CLOSED,-,10,15,25,5,5,-,10,5,-,CLOSED,-,5,5,5,5,5,20
20250907,10:15,160,CLOSED,90,70,120,80,100,CLOSED,60,-,20,-,CLOSED,20,CLOSED,-,10,30,40,5,5,15,15,5,5,CLOSED,-,20,15,10,15,10,20
20250907,10:45,140,CLOSED,70,70,100,70,90,CLOSED,60,-,5,-,CLOSED,20,CLOSED,-,15,30,60,5,5,15,10,5,5,CLOSED,-,10,5,10,20,15,20
20250907,11:15,140,CLOSED,50,50,90,60,70,CLOSED,50,120,5,-,CLOSED,20,CLOSED,-,10,40,40,5,5,15,10,5,5,CLOSED,-,10,15,5,15,15,20
20250907,11:45,120,CLOSED,60,40,100,50,60,CLOSED,40,80,10,-,CLOSED,20,CLOSED,-,20,40,50,10,5,15,10,5,5,CLOSED,-,10,10,10,15,15,30
20250907,12:15,100,CLOSED,50,40,100,50,80,CLOSED,50,60,10,-,CLOSED,15,CLOSED,5,10,40,50,15,5,15,10,5,5,CLOSED,-,10,5,10,20,20,20
20250907,12:45,100,CLOSED,40,40,100,50,60,CLOSED,50,90,5,-,CLOSED,15,CLOSED,5,5,30,50,5,5,15,10,5,5,CLOSED,-,15,15,10,20,15,20
20250907,13:15,100,CLOSED,50,50,80,50,60,CLOSED,50,60,5,-,CLOSED,20,CLOSED,5,20,40,30,5,10,15,10,5,5,CLOSED,-,20,15,10,20,15,25
20250907,13:45,120,CLOSED,40,40,90,40,70,CLOSED,50,80,10,-,CLOSED,20,CLOSED,5,10,40,50,10,10,15,15,5,5,CLOSED,-,15,15,10,20,25,15
20250907,14:15,120,CLOSED,40,40,100,50,80,CLOSED,30,90,10,-,CLOSED,15,CLOSED,5,15,30,40,10,10,15,15,5,5,CLOSED,-,15,10,10,20,5,10
20250907,14:45,100,CLOSED,40,50,100,60,70,CLOSED,60,80,5,-,CLOSED,15,CLOSED,5,25,30,50,15,20,15,10,5,5,CLOSED,-,10,5,15,15,20,20
20250907,15:15,120,CLOSED,40,40,100,40,80,CLOSED,50,80,20,15,CLOSED,20,CLOSED,5,10,40,50,15,20,15,5,15,5,CLOSED,-,10,10,15,20,20,10
20250907,15:45,120,CLOSED,40,40,90,50,80,CLOSED,30,80,15,20,CLOSED,20,CLOSED,5,10,40,50,10,15,15,10,15,5,CLOSED,-,15,10,15,20,20,25
20250907,16:15,120,CLOSED,40,50,100,50,80,CLOSED,50,70,15,25,CLOSED,20,CLOSED,5,10,40,50,10,5,15,15,15,5,CLOSED,-,15,15,15,20,15,20
20250907,16:45,100,CLOSED,30,50,90,50,100,CLOSED,50,70,5,25,CLOSED,15,CLOSED,5,20,30,40,20,15,15,15,5,5,CLOSED,-,15,10,10,20,15,15
20250907,17:15,100,CLOSED,40,40,100,40,90,CLOSED,50,70,15,30,CLOSED,15,CLOSED,5,10,20,30,15,10,15,10,5,5,CLOSED,-,10,15,10,15,15,10
20250907,17:45,100,CLOSED,30,50,120,50,80,CLOSED,40,60,15,50,CLOSED,15,CLOSED,5,5,15,15,10,5,15,15,5,5,CLOSED,-,15,15,5,15,15,5
20250907,18:15,120,CLOSED,40,40,100,50,70,CLOSED,40,60,-,-,CLOSED,15,CLOSED,-,15,15,20,10,-,15,15,5,5,CLOSED,-,15,5,5,10,10,5
20250907,18:45,100,CLOSED,30,50,120,60,-,CLOSED,50,60,-,-,CLOSED,15,CLOSED,-,15,15,20,15,-,15,15,5,5,CLOSED,-,5,5,5,10,10,5
20250907,19:15,80,CLOSED,20,40,100,50,-,CLOSED,50,60,-,-,CLOSED,15,CLOSED,-,5,15,20,15,-,15,15,5,5,CLOSED,-,10,10,5,10,5,5
20250907,19:45,60,CLOSED,15,30,80,50,30,CLOSED,10,-,-,-,CLOSED,15,CLOSED,-,5,15,10,10,-,15,5,5,5,CLOSED,-,5,5,5,10,5,5
20250907,20:15,50,CLOSED,10,30,60,40,40,CLOSED,20,-,-,-,CLOSED,15,CLOSED,-,5,15,5,10,-,15,5,5,5,CLOSED,-,5,5,5,5,5,5
20250907,20:45,-,CLOSED,5,-,-,-,-,CLOSED,10,-,-,-,CLOSED,15,CLOSED,-,5,15,5,5,-,-,5,5,5,CLOSED,-,5,5,5,5,5,5
20250907,21:15,-,CLOSED,-,-,-,-,-,CLOSED,-,-,-,-,CLOSED,-,CLOSED,-,-,-,-,-,-,-,-,-,-,CLOSED,-,-,-,-,-,-,-
20250907,21:45,-,CLOSED,-,-,-,-,-,CLOSED,-,-,-,-,CLOSED,-,CLOSED,-,-,-,-,-,-,-,-,-,-,CLOSED,-,-,-,-,-,-,-
20250908,07:15,-,CLOSED,-,-,-,-,-,CLOSED,-,-,-,-,CLOSED,-,CLOSED,-,-,-,-,-,-,-,-,-,-
20250908,07:45,-,CLOSED,-,-,-,-,-,CLOSED,-,-,-,-,CLOSED,-,CLOSED,-,-,-,-,-,-,-,-,-,-
20250908,08:15,-,CLOSED,-,-,-,-,-,CLOSED,-,-,-,-,CLOSED,-,CLOSED,-,-,-,-,-,-,-,-,-,-
20250908,08:45,-,CLOSED,-,-,-,-,-,CLOSED,-,-,-,-,CLOSED,-,CLOSED,-,-,-,-,-,-,-,-,-,-
20250908,09:15,140,CLOSED,25,40,160,8,90,CLOSED,5,120,20,-,CLOSED,20,CLOSED,-,5,15,5,5,5,-,5,5,-
20250908,09:45,160,CLOSED,60,60,140,90,100,CLOSED,80,90,25,-,CLOSED,20,CLOSED,-,10,15,15,5,5,-,5,5,-
20250908,10:15,140,CLOSED,80,60,120,8,90,CLOSED,80,100,10,-,CLOSED,20,CLOSED,-,20,40,40,5,5,5,10,5,5
20250908,10:45,140,CLOSED,60,60,100,70,70,CLOSED,60,100,5,-,CLOSED,15,CLOSED,-,15,40,40,5,5,5,15,5,5
20250908,11:15,120,CLOSED,60,40,100,8,70,CLOSED,70,90,5,-,CLOSED,15,CLOSED,-,10,50,40,5,5,5,15,5,5
20250908,11:45,100,CLOSED,40,50,90,70,70,CLOSED,70,90,5,-,CLOSED,15,CLOSED,-,20,40,40,10,5,5,10,5,5
20250908,12:15,120,CLOSED,40,40,120,60,50,CLOSED,60,100,10,-,CLOSED,15,CLOSED,5,10,40,50,10,5,5,10,5,5
20250908,12:45,100,CLOSED,50,40,120,60,70,CLOSED,60,100,5,-,CLOSED,15,CLOSED,5,5,40,50,5,5,5,10,5,5
20250908,13:15,120,CLOSED,40,40,100,8,80,CLOSED,70,120,5,-,CLOSED,20,CLOSED,5,20,50,40,15,5,5,10,10,5
20250908,13:45,120,CLOSED,50,50,100,90,70,CLOSED,70,120,10,-,CLOSED,20,CLOSED,5,15,40,40,15,20,5,10,10,5
20250908,14:15,120,CLOSED,50,40,100,8,70,CLOSED,70,120,10,-,CLOSED,20,CLOSED,5,10,30,50,15,10,5,5,5,5
20250908,14:45,140,CLOSED,50,50,100,70,70,CLOSED,60,90,10,-,CLOSED,25,CLOSED,5,20,40,50,15,15,15,10,5,5
20250908,15:15,140,CLOSED,50,40,120,8,90,CLOSED,80,120,10,-,CLOSED,15,CLOSED,5,10,40,40,20,15,15,10,5,5
20250908,15:45,120,CLOSED,50,40,120,8,80,CLOSED,70,100,5,15,CLOSED,20,CLOSED,5,15,50,40,15,5,15,10,5,5
20250908,16:15,140,CLOSED,50,50,100,70,70,CLOSED,70,120,5,10,CLOSED,25,CLOSED,5,10,30,40,15,15,15,15,5,5
20250908,16:45,120,CLOSED,50,40,120,8,70,CLOSED,70,80,10,15,CLOSED,20,CLOSED,5,15,40,50,15,15,15,20,5,5
20250908,17:15,140,CLOSED,40,50,140,90,90,CLOSED,60,80,15,25,CLOSED,20,CLOSED,5,5,20,40,15,15,15,15,5,5
20250908,17:45,140,CLOSED,40,40,100,8,80,CLOSED,60,80,10,40,CLOSED,20,CLOSED,5,10,20,10,10,15,15,15,5,5
20250908,18:15,120,CLOSED,40,40,140,90,80,CLOSED,70,90,-,-,CLOSED,20,CLOSED,-,15,20,25,15,-,15,15,5,5
20250908,18:45,120,CLOSED,40,40,120,90,80,CLOSED,70,80,-,-,CLOSED,20,CLOSED,-,15,20,25,15,-,15,15,5,5
20250908,19:15,100,CLOSED,25,40,90,90,60,CLOSED,60,80,-,-,CLOSED,15,CLOSED,-,5,20,15,15,-,15,10,5,5
20250908,19:45,70,CLOSED,15,40,90,8,50,CLOSED,25,60,-,-,CLOSED,20,CLOSED,-,5,15,10,10,-,15,5,5,5
20250908,20:15,60,CLOSED,10,30,70,-,40,CLOSED,25,40,-,-,CLOSED,15,CLOSED,-,5,15,10,5,-,15,5,5,5
20250908,20:45,-,CLOSED,10,-,-,-,-,CLOSED,-,-,-,-,CLOSED,15,CLOSED,-,5,15,10,5,-,-,5,5,5
20250908,21:15,-,CLOSED,-,-,-,-,-,CLOSED,-,-,-,-,CLOSED,-,CLOSED,-,-,-,-,-,-,-,-,-,-
20250908,21:45,-,CLOSED,-,-,-,-,-,CLOSED,-,-,-,-,CLOSED,-,CLOSED,-,-,-,-,-,-,-,-,-,-
20250909,07:15,-,CLOSED,-,-,-,-,-,CLOSED,-,-,-,-,CLOSED,-,CLOSED,-,-,-,-,-,-,-,-,-,-,CLOSED,-,-,-,-,-,-,-
20250909,07:45,-,CLOSED,-,-,-,-,-,CLOSED,-,-,-,-,CLOSED,-,CLOSED,-,-,-,-,-,-,-,-,-,-,CLOSED,-,-,-,-,-,-,-
20250909,08:15,-,CLOSED,-,-,-,-,-,CLOSED,-,-,-,-,CLOSED,-,CLOSED,-,-,-,-,-,-,-,-,-,-,CLOSED,-,-,-,-,-,-,-
20250909,08:45,-,CLOSED,-,-,-,-,-,CLOSED,-,-,-,-,CLOSED,-,CLOSED,-,-,-,-,-,-,-,-,-,-,CLOSED,-,-,-,-,-,-,-
20250909,09:15,-,CLOSED,-,60,160,70,100,CLOSED,30,120,20,-,CLOSED,20,CLOSED,-,5,15,5,5,5,-,5,5,-,CLOSED,-,5,5,5,5,5,20
20250909,09:45,90,CLOSED,-,90,160,100,120,CLOSED,140,140,20,-,CLOSED,20,CLOSED,-,10,30,25,5,5,-,15,10,-,CLOSED,-,15,15,15,20,10,40
20250909,10:15,160,CLOSED,70,60,160,120,100,CLOSED,80,140,15,-,CLOSED,30,CLOSED,-,20,30,50,5,5,15,15,5,5,CLOSED,-,25,15,20,30,25,30
20250909,10:45,160,CLOSED,60,60,120,100,90,CLOSED,80,100,10,-,CLOSED,20,CLOSED,-,15,40,40,5,5,15,15,5,5,CLOSED,-,15,20,20,30,25,25
20250909,11:15,140,CLOSED,60,50,120,100,90,CLOSED,90,140,5,-,CLOSED,20,CLOSED,-,10,50,40,5,5,15,15,5,5,CLOSED,-,25,15,20,30,20,40
20250909,11:45,140,CLOSED,60,50,120,80,80,CLOSED,80,140,5,-,CLOSED,15,CLOSED,-,20,50,40,10,5,15,5,5,5,CLOSED,-,25,10,20,40,20,25
20250909,12:15,120,CLOSED,60,40,100,80,80,CLOSED,60,120,10,-,CLOSED,20,CLOSED,5,10,50,40,15,5,15,15,5,5,CLOSED,-,15,10,15,30,20,30
20250909,12:45,140,CLOSED,60,50,120,90,70,CLOSED,70,140,5,-,CLOSED,20,CLOSED,5,10,40,50,5,5,15,10,5,5,CLOSED,-,25,10,20,25,20,20
20250909,13:15,140,CLOSED,70,50,90,100,80,CLOSED,70,140,5,-,CLOSED,20,CLOSED,5,20,30,30,15,5,15,15,5,5,CLOSED,-,10,10,20,25,20,20
20250909,13:45,140,CLOSED,50,50,120,80,80,CLOSED,70,100,10,-,CLOSED,15,CLOSED,5,10,40,40,15,15,15,15,5,5,CLOSED,-,15,10,20,30,20,40
20250909,14:15,120,CLOSED,50,50,120,70,80,CLOSED,70,140,10,-,CLOSED,15,CLOSED,5,10,40,50,10,10,15,15,5,5,CLOSED,-,10,15,20,30,30,15
20250909,14:45,140,CLOSED,60,50,120,90,90,CLOSED,80,160,10,-,CLOSED,20,CLOSED,5,20,40,50,15,15,15,10,10,5,CLOSED,-,10,15,20,30,25,25
20250909,15:15,140,CLOSED,60,40,120,100,80,CLOSED,100,140,15,20,CLOSED,20,CLOSED,5,15,40,40,10,15,15,10,5,5,CLOSED,-,20,15,20,30,20,30
20250909,15:45,160,CLOSED,60,50,120,80,90,CLOSED,-,120,15,15,CLOSED,15,CLOSED,5,15,40,40,15,10,15,20,5,5,CLOSED,-,20,15,20,30,20,-
20250909,16:15,160,CLOSED,60,50,120,90,90,CLOSED,20,140,5,30,CLOSED,-,CLOSED,5,10,50,60,15,20,15,-,10,5,CLOSED,-,15,15,20,40,25,-
20250909,16:45,140,CLOSED,60,50,140,100,100,CLOSED,80,120,-,40,CLOSED,15,CLOSED,-,25,40,60,25,-,15,15,5,5,CLOSED,-,20,15,15,30,25,-
20250909,17:15,160,CLOSED,50,50,120,100,90,CLOSED,100,120,-,40,CLOSED,15,CLOSED,-,15,30,25,20,-,15,15,5,5,CLOSED,-,20,15,10,25,20,20
20250909,17:45,160,CLOSED,50,40,140,100,80,CLOSED,100,100,-,40,CLOSED,15,CLOSED,-,15,20,20,15,-,15,20,5,5,CLOSED,-,15,10,10,15,5,15
20250909,18:15,-,CLOSED,50,50,120,120,80,CLOSED,100,100,-,-,CLOSED,20,CLOSED,-,20,20,25,15,-,15,20,5,5,CLOSED,-,15,10,5,15,10,15
20250909,18:45,-,CLOSED,50,50,120,120,80,CLOSED,120,100,-,-,CLOSED,15,CLOSED,-,10,20,25,15,-,15,20,5,5,CLOSED,-,15,10,10,15,10,15
20250909,19:15,-,CLOSED,30,40,100,100,70,CLOSED,140,90,-,-,CLOSED,15,CLOSED,-,5,20,25,20,-,15,15,5,5,CLOSED,-,15,10,5,15,15,15
20250909,19:45,80,CLOSED,20,40,80,90,60,CLOSED,90,70,-,-,CLOSED,15,CLOSED,-,5,15,10,10,-,15,10,5,5,CLOSED,-,5,5,5,5,5,5
20250909,20:15,-,CLOSED,15,25,70,-,60,CLOSED,15,-,-,-,CLOSED,15,CLOSED,-,5,15,5,5,-,15,5,5,5,CLOSED,-,5,5,5,5,5,5
20250909,20:45,-,CLOSED,10,-,-,-,-,CLOSED,-,-,-,-,CLOSED,15,CLOSED,-,5,15,5,5,-,-,5,5,5,CLOSED,-,5,5,5,5,5,5
20250909,21:15,-,CLOSED,-,-,-,-,-,CLOSED,-,-,-,-,CLOSED,-,CLOSED,-,-,-,-,-,-,-,-,-,-,CLOSED,-,-,-,-,-,-,-
20250909,21:45,-,CLOSED,-,-,-,-,-,CLOSED,-,-,-,-,CLOSED,-,CLOSED,-,-,-,-,-,-,-,-,-,-,CLOSED,-,-,-,-,-,-,-
20250910,07:15,-,CLOSED,-,-,-,-,-,CLOSED,-,-,-,-,CLOSED,-,CLOSED,-,-,-,-,-,-,-,-,-,-,CLOSED,-,-,-,-,-,-,-
20250910,07:45,-,CLOSED,-,-,-,-,-,CLOSED,-,-,-,-,CLOSED,-,CLOSED,-,-,-,-,-,-,-,-,-,-,CLOSED,-,-,-,-,-,-,-
20250910,08:15,-,CLOSED,-,-,-,-,-,CLOSED,-,-,-,-,CLOSED,-,CLOSED,-,-,-,-,-,-,-,-,-,-,CLOSED,-,-,-,-,-,-,-
20250910,08:45,-,CLOSED,-,-,-,-,-,CLOSED,-,-,-,-,CLOSED,-,CLOSED,-,-,-,-,-,-,-,-,-,-,CLOSED,-,-,-,-,-,-,-
20250910,09:15,140,CLOSED,20,40,140,100,-,CLOSED,5,120,25,-,CLOSED,20,CLOSED,-,5,15,10,5,5,-,5,5,-,CLOSED,-,5,5,5,5,5,15
20250910,09:45,160,CLOSED,70,60,160,100,40,CLOSED,90,-,20,-,CLOSED,20,CLOSED,-,15,30,30,5,5,-,5,10,-,CLOSED,-,5,5,10,20,15,40
20250910,10:15,180,CLOSED,70,70,160,90,90,CLOSED,80,-,25,-,CLOSED,20,CLOSED,-,15,40,40,5,5,15,10,10,5,CLOSED,-,15,15,20,25,20,30
20250910,10:45,160,CLOSED,70,70,140,90,90,CLOSED,80,-,15,-,CLOSED,20,CLOSED,-,15,50,40,5,5,15,20,10,5,CLOSED,-,20,10,25,30,25,30
20250910,11:15,140,CLOSED,60,60,100,100,90,CLOSED,70,120,15,-,CLOSED,15,CLOSED,-,15,60,40,5,5,15,20,10,5,CLOSED,-,15,15,15,30,20,40
20250910,11:45,120,CLOSED,50,40,120,80,70,CLOSED,60,120,10,-,CLOSED,30,CLOSED,-,20,30,50,10,5,15,15,10,5,CLOSED,-,15,15,20,40,20,25
20250910,12:15,-,CLOSED,50,50,140,80,80,CLOSED,70,120,10,-,CLOSED,15,CLOSED,5,10,40,50,15,5,15,5,5,5,CLOSED,-,15,10,20,30,20,40
20250910,12:45,-,CLOSED,60,40,100,80,80,CLOSED,70,120,10,-,CLOSED,20,CLOSED,5,10,40,40,10,5,15,10,5,5,CLOSED,-,15,15,20,30,20,20
20250910,13:15,120,CLOSED,50,40,120,70,80,CLOSED,70,140,10,-,CLOSED,20,CLOSED,5,25,40,-,15,5,15,15,5,5,CLOSED,-,10,15,20,30,20,30
20250910,13:45,-,CLOSED,50,50,100,90,90,CLOSED,70,120,10,-,CLOSED,20,CLOSED,5,10,50,-,15,5,15,10,5,5,CLOSED,-,20,10,20,30,20,40
20250910,14:15,-,CLOSED,60,50,120,90,90,CLOSED,70,120,10,-,CLOSED,15,CLOSED,5,5,50,40,10,15,15,10,5,5,CLOSED,-,20,10,20,30,20,25
20250910,14:45,45,CLOSED,60,60,140,80,100,CLOSED,70,120,10,-,CLOSED,20,CLOSED,5,10,40,60,15,20,15,20,10,5,CLOSED,-,20,15,20,30,25,40
20250910,15:15,220,CLOSED,50,50,140,90,120,CLOSED,90,120,15,20,CLOSED,15,CLOSED,5,10,40,60,15,15,15,20,5,5,CLOSED,-,20,15,20,30,20,20
20250910,15:45,-,CLOSED,50,50,120,100,90,CLOSED,120,120,20,20,CLOSED,15,CLOSED,5,15,40,70,20,15,15,15,5,5,CLOSED,-,15,10,20,25,15,30
20250910,16:15,-,CLOSED,60,60,140,100,100,CLOSED,80,100,5,25,CLOSED,15,CLOSED,5,20,50,70,10,15,15,15,5,5,CLOSED,-,20,15,15,25,20,30
20250910,16:45,-,CLOSED,40,50,140,90,100,CLOSED,80,120,10,35,CLOSED,20,CLOSED,5,20,40,60,20,15,15,20,5,5,CLOSED,-,20,15,20,25,15,30
20250910,17:15,200,CLOSED,50,50,160,100,90,CLOSED,80,120,15,40,CLOSED,15,CLOSED,10,5,30,50,10,15,15,20,5,5,CLOSED,-,20,10,5,25,15,20
20250910,17:45,200,CLOSED,40,50,160,100,90,CLOSED,80,120,10,40,CLOSED,15,CLOSED,5,10,20,20,10,10,15,10,5,5,CLOSED,-,15,10,5,20,10,5
20250910,18:15,160,CLOSED,40,50,140,100,90,CLOSED,70,120,-,-,CLOSED,15,CLOSED,-,10,20,30,20,-,15,15,5,5,CLOSED,-,15,10,10,15,10,5
20250910,18:45,100,CLOSED,30,40,120,120,90,CLOSED,70,100,-,-,CLOSED,15,CLOSED,-,15,30,30,15,-,15,15,5,5,CLOSED,-,15,10,10,15,10,10
20250910,19:15,100,CLOSED,30,40,100,100,80,CLOSED,60,90,-,-,CLOSED,20,CLOSED,-,10,15,30,15,-,15,15,5,5,CLOSED,-,15,15,5,15,5,10
20250910,19:45,80,CLOSED,25,40,90,90,60,CLOSED,50,90,-,-,CLOSED,20,CLOSED,-,5,15,5,15,-,15,15,5,5,CLOSED,-,5,5,5,10,5,5
20250910,20:15,-,CLOSED,15,30,60,60,50,CLOSED,30,-,-,-,CLOSED,20,CLOSED,-,5,15,10,5,-,15,10,5,5,CLOSED,-,5,5,5,5,5,5
20250910,20:45,-,CLOSED,10,-,-,-,-,CLOSED,-,-,-,-,CLOSED,20,CLOSED,-,5,15,15,5,-,-,10,5,5,CLOSED,-,5,-,5,5,5,5
20250910,21:15,-,CLOSED,-,-,-,-,-,CLOSED,-,-,-,-,CLOSED,-,CLOSED,-,-,-,-,-,-,-,-,-,-,CLOSED,-,-,-,-,-,-,-
20250910,21:45,-,CLOSED,-,-,-,-,-,CLOSED,-,-,-,-,CLOSED,-,CLOSED,-,-,-,-,-,-,-,-,-,-,CLOSED,-,-,-,-,-,-,-
20250911,07:15,-,CLOSED,-,-,-,-,-,CLOSED,-,-,-,-,CLOSED,-,CLOSED,-,-,-,-,-,-,-,-,-,-,CLOSED,-,-,-,-,-,-,-
20250911,07:45,-,CLOSED,-,-,-,-,-,CLOSED,-,-,-,-,CLOSED,-,CLOSED,-,-,-,-,-,-,-,-,-,-,CLOSED,-,-,-,-,-,-,-
20250911,08:15,-,CLOSED,-,-,-,-,-,CLOSED,-,-,-,-,CLOSED,-,CLOSED,-,-,-,-,-,-,-,-,-,-,CLOSED,-,-,-,-,-,-,-
20250911,08:45,-,CLOSED,-,-,-,-,-,CLOSED,-,-,-,-,CLOSED,-,CLOSED,-,-,-,-,-,-,-,-,-,-,CLOSED,-,-,-,-,-,-,-
20250911,09:15,160,CLOSED,20,40,160,80,80,CLOSED,5,120,25,-,CLOSED,20,CLOSED,-,5,15,5,5,5,-,5,5,-,CLOSED,-,5,5,5,5,5,10
20250911,09:45,160,CLOSED,80,60,140,90,80,CLOSED,80,90,25,-,CLOSED,20,CLOSED,-,5,20,20,5,5,-,5,5,-,CLOSED,-,5,5,5,5,5,15
20250911,10:15,140,CLOSED,60,70,120,90,100,CLOSED,80,80,10,-,CLOSED,20,CLOSED,-,5,-,50,5,5,5,15,5,5,CLOSED,-,20,15,5,15,10,30
20250911,10:45,120,CLOSED,60,60,100,90,90,CLOSED,70,100,10,-,CLOSED,20,CLOSED,-,15,-,30,5,5,5,15,5,5,CLOSED,-,20,10,15,20,15,30
20250911,11:15,120,CLOSED,50,50,120,80,80,CLOSED,80,-,5,-,CLOSED,15,CLOSED,-,10,-,40,5,5,15,10,5,5,CLOSED,-,20,15,20,25,15,60
20250911,11:45,120,CLOSED,60,50,120,80,60,CLOSED,70,-,5,-,CLOSED,20,CLOSED,-,20,-,-,15,5,15,15,5,5,CLOSED,-,20,10,20,30,20,50
20250911,12:15,120,CLOSED,50,50,100,80,70,CLOSED,90,-,10,-,CLOSED,15,CLOSED,5,10,20,-,15,10,15,20,10,5,CLOSED,-,20,20,20,25,20,30
20250911,12:45,120,CLOSED,50,50,100,80,60,CLOSED,80,80,10,-,CLOSED,15,CLOSED,5,10,60,30,5,5,15,10,5,5,CLOSED,-,15,10,20,30,20,25
20250911,13:15,120,CLOSED,50,50,100,80,70,CLOSED,80,90,10,-,CLOSED,15,CLOSED,5,20,50,50,15,15,15,10,5,5,CLOSED,-,15,5,20,30,20,25
20250911,13:45,140,CLOSED,40,40,120,60,80,CLOSED,80,120,10,-,CLOSED,15,CLOSED,5,10,40,60,15,10,15,10,5,5,CLOSED,-,15,15,15,25,20,25
20250911,14:15,140,CLOSED,50,50,100,80,70,CLOSED,70,100,10,-,CLOSED,15,CLOSED,5,5,50,70,10,10,15,10,5,5,CLOSED,-,15,15,15,25,20,25
20250911,14:45,-,CLOSED,50,-,-,-,-,CLOSED,-,140,-,-,CLOSED,20,CLOSED,-,15,50,-,20,-,15,-,15,5,CLOSED,-,-,-,25,30,30,30
20250911,15:15,-,CLOSED,60,-,-,-,-,CLOSED,-,180,-,-,CLOSED,40,CLOSED,-,15,70,-,20,-,15,-,30,5,CLOSED,-,-,-,25,40,30,-
20250911,15:45,-,CLOSED,60,-,-,-,-,CLOSED,-,180,-,-,CLOSED,40,CLOSED,-,15,-,-,20,-,15,-,40,5,CLOSED,-,5,5,30,50,40,10
20250911,16:15,40,CLOSED,40,-,-,-,-,CLOSED,-,160,-,-,CLOSED,40,CLOSED,-,15,-,-,10,-,15,-,35,5,CLOSED,-,-,-,25,50,40,10
20250911,16:45,140,CLOSED,50,-,180,90,120,CLOSED,70,140,5,5,CLOSED,15,CLOSED,5,-,20,5,-,5,15,-,15,5,CLOSED,-,15,5,15,40,20,30
20250911,17:15,160,CLOSED,50,-,140,120,90,CLOSED,80,-,25,40,CLOSED,20,CLOSED,10,-,30,40,-,25,15,20,10,5,CLOSED,-,15,10,5,20,15,30
20250911,17:45,120,CLOSED,-,50,140,120,90,CLOSED,100,-,20,40,CLOSED,20,CLOSED,5,-,30,15,-,15,15,20,10,5,CLOSED,-,30,15,5,15,5,15
20250911,18:15,120,CLOSED,-,60,140,100,80,CLOSED,100,-,-,-,CLOSED,15,CLOSED,-,10,40,15,10,-,15,20,10,5,CLOSED,-,15,15,10,15,10,15
20250911,18:45,100,CLOSED,30,50,120,100,80,CLOSED,90,120,-,-,CLOSED,15,CLOSED,-,10,20,30,15,-,15,15,10,5,CLOSED,-,15,5,10,10,10,10
20250911,19:15,80,CLOSED,30,40,120,100,60,CLOSED,60,100,-,-,CLOSED,15,CLOSED,-,5,20,15,15,-,15,15,10,5,CLOSED,-,15,10,5,15,10,5
20250911,19:45,60,CLOSED,25,30,70,80,40,CLOSED,40,80,-,-,CLOSED,20,CLOSED,-,5,15,5,15,-,15,15,10,5,CLOSED,-,5,5,5,10,5,5
20250911,20:15,60,CLOSED,15,30,50,60,40,CLOSED,25,60,-,-,CLOSED,15,CLOSED,-,5,15,5,5,-,15,5,10,5,CLOSED,-,5,5,5,10,5,5
20250911,20:45,30,CLOSED,10,-,-,-,-,CLOSED,20,-,-,-,CLOSED,20,CLOSED,-,5,15,5,5,-,-,5,5,5,CLOSED,-,5,5,5,5,5,5
20250911,21:15,-,CLOSED,-,-,-,-,-,CLOSED,-,-,-,-,CLOSED,-,CLOSED,-,-,-,-,-,-,-,-,-,-,CLOSED,-,-,-,-,-,-,-
20250911,21:45,-,CLOSED,-,-,-,-,-,CLOSED,-,-,-,-,CLOSED,-,CLOSED,-,-,-,-,-,-,-,-,-,-,CLOSED,-,-,-,-,-,-,-
20250912,07:15,-,CLOSED,-,-,-,-,-,CLOSED,-,-,-,-,CLOSED,-,CLOSED,-,-,-,-,-,-,-,-,-,-,CLOSED,-,-,-,-,-,-,-
20250912,07:45,-,CLOSED,-,-,-,-,-,CLOSED,-,-,-,-,CLOSED,-,CLOSED,-,-,-,-,-,-,-,-,-,-,CLOSED,-,-,-,-,-,-,-
20250912,08:15,-,CLOSED,-,-,-,-,-,CLOSED,-,-,-,-,CLOSED,-,CLOSED,-,-,-,-,-,-,-,-,-,-,CLOSED,-,-,-,-,-,-,-
20250912,08:45,-,CLOSED,-,-,-,-,-,CLOSED,-,-,-,-,CLOSED,-,CLOSED,-,-,-,-,-,-,-,-,-,-,CLOSED,-,-,-,-,-,-,-
20250912,09:15,160,CLOSED,-,70,140,80,90,CLOSED,50,-,30,-,CLOSED,15,CLOSED,-,5,15,-,5,5,-,5,5,-,CLOSED,-,5,5,5,5,5,30
20250912,09:45,180,CLOSED,10,90,200,120,140,CLOSED,80,-,25,-,CLOSED,30,CLOSED,-,15,20,20,5,5,-,15,5,-,CLOSED,-,15,10,10,15,10,25
20250912,10:15,160,CLOSED,70,60,200,120,120,CLOSED,70,100,15,-,CLOSED,15,CLOSED,-,15,30,25,5,5,15,20,5,5,CLOSED,-,25,15,15,20,15,20
20250912,10:45,140,CLOSED,70,60,160,90,90,CLOSED,70,100,25,-,CLOSED,20,CLOSED,-,15,40,30,10,5,15,15,-,5,CLOSED,-,25,20,20,25,15,40
20250912,11:15,120,CLOSED,60,60,140,80,90,CLOSED,70,90,5,-,CLOSED,20,CLOSED,-,15,40,40,5,5,15,20,-,10,CLOSED,-,25,15,15,25,15,25
20250912,11:45,140,CLOSED,60,50,100,70,70,CLOSED,50,100,15,-,CLOSED,15,CLOSED,-,25,50,-,15,5,15,15,10,10,CLOSED,-,25,15,20,25,20,30
20250912,12:15,140,CLOSED,70,60,140,60,70,CLOSED,70,90,20,-,CLOSED,15,CLOSED,5,15,30,-,10,5,15,15,10,-,CLOSED,-,25,15,20,30,20,30
20250912,12:45,140,CLOSED,60,50,140,80,70,CLOSED,15,120,15,-,CLOSED,15,CLOSED,5,15,40,5,5,5,15,5,20,-,CLOSED,-,5,-,25,40,25,25
20250912,13:15,140,CLOSED,60,40,100,80,80,CLOSED,50,120,15,-,CLOSED,15,CLOSED,15,20,50,20,15,20,15,5,20,5,CLOSED,-,5,-,25,40,25,30
20250912,13:45,140,CLOSED,60,60,120,70,90,CLOSED,70,100,20,-,CLOSED,15,CLOSED,15,10,50,50,10,20,15,25,-,15,CLOSED,-,-,-,25,30,25,30
20250912,14:15,160,CLOSED,70,60,140,70,100,CLOSED,80,120,10,-,CLOSED,20,CLOSED,5,15,50,40,20,20,15,20,-,5,CLOSED,-,5,-,20,25,20,30
20250912,14:45,160,CLOSED,70,-,120,80,80,CLOSED,70,120,20,-,CLOSED,20,CLOSED,15,15,40,20,15,25,15,20,-,5,CLOSED,-,25,5,20,40,25,40
20250912,15:15,160,CLOSED,70,-,100,70,100,CLOSED,70,120,25,20,CLOSED,20,CLOSED,5,15,60,40,10,20,15,30,-,5,CLOSED,-,25,25,20,20,15,30
20250912,15:45,160,CLOSED,60,50,140,80,100,CLOSED,80,120,25,40,CLOSED,25,CLOSED,5,15,70,40,15,20,15,25,-,5,CLOSED,-,25,25,20,30,20,20
20250912,16:15,-,CLOSED,70,60,140,80,120,CLOSED,80,120,20,30,CLOSED,20,CLOSED,15,15,60,50,15,20,15,20,-,5,CLOSED,-,25,20,15,25,20,20
20250912,16:45,-,CLOSED,60,60,140,80,100,CLOSED,70,90,20,40,CLOSED,20,CLOSED,5,15,30,40,15,25,15,20,15,5,CLOSED,-,25,25,15,20,20,30
20250912,17:15,-,CLOSED,70,70,120,80,90,CLOSED,80,100,15,40,CLOSED,20,CLOSED,5,10,30,40,15,15,15,20,15,5,CLOSED,-,25,20,10,15,10,15
20250912,17:45,120,CLOSED,60,60,140,70,100,CLOSED,70,100,25,40,CLOSED,20,CLOSED,5,10,20,5,15,15,15,20,15,5,CLOSED,-,15,20,10,20,10,10
20250912,18:15,160,CLOSED,50,50,120,70,100,CLOSED,80,100,-,-,CLOSED,20,CLOSED,-,15,20,25,15,-,15,20,5,5,CLOSED,-,15,15,10,15,10,10
20250912,18:45,160,CLOSED,40,40,120,80,90,CLOSED,70,100,-,-,CLOSED,20,CLOSED,-,15,30,20,15,-,15,20,5,5,CLOSED,-,15,15,10,15,10,10
20250912,19:15,120,CLOSED,40,40,100,90,80,CLOSED,60,80,-,-,CLOSED,15,CLOSED,-,15,20,15,20,-,15,20,5,5,CLOSED,-,15,15,5,15,10,5
20250912,19:45,-,CLOSED,30,40,100,70,60,CLOSED,40,70,-,-,CLOSED,20,CLOSED,-,5,15,10,20,-,15,15,5,5,CLOSED,-,10,15,5,15,10,5
20250912,20:15,-,CLOSED,25,40,-,50,50,CLOSED,20,50,-,-,CLOSED,20,CLOSED,-,5,15,5,10,-,15,10,5,5,CLOSED,-,10,5,5,10,5,5
20250912,20:45,30,CLOSED,15,-,-,-,-,CLOSED,-,-,-,-,CLOSED,15,CLOSED,-,5,15,5,5,-,-,5,5,5,CLOSED,-,5,5,5,5,5,5
20250912,21:15,-,CLOSED,-,-,-,-,-,CLOSED,-,-,-,-,CLOSED,-,CLOSED,-,-,-,-,-,-,-,-,-,-,CLOSED,-,-,-,-,-,-,-
20250912,21:45,-,CLOSED,-,-,-,-,-,CLOSED,-,-,-,-,CLOSED,-,CLOSED,-,-,-,-,-,-,-,-,-,-,CLOSED,-,-,-,-,-,-,-
20250913,07:15,-,CLOSED,-,-,-,-,-,CLOSED,-,-,-,-,CLOSED,-,CLOSED,-,-,-,-,-,-,-,-,-,-,CLOSED,-,-,-,-,-,-,-
20250913,07:45,-,CLOSED,-,-,-,-,-,CLOSED,-,-,-,-,CLOSED,-,CLOSED,-,-,-,-,-,-,-,-,-,-,CLOSED,-,-,-,-,-,-,-
20250913,08:15,-,CLOSED,-,-,-,-,-,CLOSED,-,-,-,-,CLOSED,-,CLOSED,-,-,-,-,-,-,-,-,-,-,CLOSED,-,-,-,-,-,-,-
20250913,08:45,-,CLOSED,-,-,-,-,-,CLOSED,-,-,-,-,CLOSED,-,CLOSED,-,-,-,-,-,-,-,-,-,-,CLOSED,-,-,-,-,-,-,-
20250913,09:15,160,CLOSED,40,50,180,90,120,CLOSED,20,100,30,-,CLOSED,20,CLOSED,-,5,20,-,5,5,-,5,5,-,CLOSED,-,10,5,5,5,5,20
20250913,09:45,180,CLOSED,-,60,120,70,90,CLOSED,50,80,20,-,CLOSED,20,CLOSED,-,5,15,-,5,5,-,15,5,-,CLOSED,-,10,15,10,5,10,20
20250913,10:15,140,CLOSED,-,70,120,70,90,CLOSED,50,60,20,-,CLOSED,20,CLOSED,-,10,20,25,5,5,15,20,5,5,CLOSED,-,15,15,15,20,15,20
20250913,10:45,-,CLOSED,40,60,120,60,90,CLOSED,40,80,10,-,CLOSED,20,CLOSED,-,5,30,20,5,5,15,15,5,5,CLOSED,-,15,5,5,20,10,15
20250913,11:15,-,CLOSED,70,40,90,50,80,CLOSED,40,80,10,-,CLOSED,15,CLOSED,-,5,40,40,5,5,15,15,5,5,CLOSED,-,15,5,5,20,5,30
20250913,11:45,90,CLOSED,50,40,100,50,80,CLOSED,50,80,10,-,CLOSED,15,CLOSED,-,15,50,40,15,5,15,10,5,5,CLOSED,-,15,15,10,20,10,30
20250913,12:15,140,CLOSED,50,50,100,60,90,CLOSED,50,70,5,-,CLOSED,15,CLOSED,5,10,40,40,10,5,15,10,5,5,CLOSED,-,10,5,15,20,20,25
20250913,12:45,160,CLOSED,50,50,100,60,90,CLOSED,50,60,10,-,CLOSED,15,CLOSED,5,15,30,30,5,5,15,10,5,5,CLOSED,-,15,10,10,20,15,20
20250913,13:15,140,CLOSED,90,50,120,40,80,CLOSED,40,60,5,-,CLOSED,15,CLOSED,5,20,40,50,10,5,15,15,5,5,CLOSED,-,15,15,15,20,15,20
20250913,13:45,140,CLOSED,-,50,100,50,80,CLOSED,50,60,20,-,CLOSED,15,CLOSED,5,10,40,50,10,15,15,15,5,5,CLOSED,-,10,15,15,20,15,25
20250913,14:15,-,CLOSED,-,50,100,60,90,CLOSED,60,70,15,-,CLOSED,20,CLOSED,5,10,50,40,10,20,15,20,5,5,CLOSED,-,15,15,15,20,15,25
20250913,14:45,-,CLOSED,15,50,100,60,90,CLOSED,60,70,20,-,CLOSED,20,CLOSED,5,15,50,50,15,20,15,20,10,5,CLOSED,-,25,15,15,25,15,20
20250913,15:15,-,CLOSED,90,50,140,40,120,CLOSED,60,90,10,5,CLOSED,20,CLOSED,10,10,50,40,15,15,15,20,5,5,CLOSED,-,15,15,20,25,15,20
20250913,15:45,140,CLOSED,70,50,160,60,120,CLOSED,50,70,20,50,CLOSED,20,CLOSED,10,10,-,30,10,15,15,20,5,5,CLOSED,-,20,15,15,25,15,20
20250913,16:15,140,CLOSED,60,50,160,50,120,CLOSED,60,70,20,50,CLOSED,30,CLOSED,5,10,-,50,10,10,15,25,-,5,CLOSED,-,20,15,15,20,20,25
20250913,16:45,120,CLOSED,70,50,140,70,120,CLOSED,60,50,20,40,CLOSED,30,CLOSED,15,20,-,50,20,20,15,20,-,5,CLOSED,-,25,20,15,25,15,15
20250913,17:15,140,CLOSED,60,50,140,70,120,CLOSED,70,60,10,40,CLOSED,30,CLOSED,15,10,-,10,15,20,15,15,-,5,CLOSED,-,25,20,15,20,15,15
20250913,17:45,160,CLOSED,70,40,140,50,120,CLOSED,50,80,15,40,CLOSED,20,CLOSED,5,15,15,5,15,25,15,10,10,5,CLOSED,-,5,5,15,20,15,15
20250913,18:15,140,CLOSED,60,40,140,60,90,CLOSED,50,60,-,-,CLOSED,15,CLOSED,-,10,30,20,15,-,15,10,5,5,CLOSED,-,10,5,10,20,15,5
20250913,18:45,120,CLOSED,60,40,120,50,100,CLOSED,50,50,-,-,CLOSED,15,CLOSED,-,10,40,15,15,-,15,15,5,5,CLOSED,-,15,10,10,15,15,5
20250913,19:15,100,CLOSED,60,40,100,60,90,CLOSED,50,50,-,-,CLOSED,15,CLOSED,-,10,15,10,15,-,15,20,5,5,CLOSED,-,5,5,10,10,10,5
20250913,19:45,70,CLOSED,40,30,80,50,70,CLOSED,20,40,-,-,CLOSED,15,CLOSED,-,5,15,5,15,-,15,5,5,5,CLOSED,-,5,5,10,5,5,5
20250913,20:15,50,CLOSED,15,30,60,50,50,CLOSED,30,30,-,-,CLOSED,20,CLOSED,-,5,15,5,10,-,15,10,5,5,CLOSED,-,5,5,5,5,5,5
20250913,20:45,-,CLOSED,15,-,-,-,-,CLOSED,-,-,-,-,CLOSED,20,CLOSED,-,5,15,5,10,-,-,10,5,5,CLOSED,-,5,5,5,5,5,5
20250913,21:15,-,CLOSED,-,-,-,-,-,CLOSED,-,-,-,-,CLOSED,-,CLOSED,-,-,-,-,-,-,-,-,-,-,CLOSED,-,-,-,-,-,-,-
20250913,21:45,-,CLOSED,-,-,-,-,-,CLOSED,-,-,-,-,CLOSED,-,CLOSED,-,-,-,-,-,-,-,-,-,-,CLOSED,-,-,-,-,-,-,-
20250914,07:15,-,CLOSED,-,-,-,-,-,CLOSED,-,-,-,-,CLOSED,-,CLOSED,-,-,-,-,-,-,-,-,-,-,CLOSED,-,-,-,-,-,-,-
20250914,07:45,-,CLOSED,-,-,-,-,-,CLOSED,-,-,-,-,CLOSED,-,CLOSED,-,-,-,-,-,-,-,-,-,-,CLOSED,-,-,-,-,-,-,-
20250914,08:15,-,CLOSED,-,-,-,-,-,CLOSED,-,-,-,-,CLOSED,-,CLOSED,-,-,-,-,-,-,-,-,-,-,CLOSED,-,-,-,-,-,-,-
20250914,08:45,-,CLOSED,-,-,-,-,-,CLOSED,-,-,-,-,CLOSED,-,CLOSED,-,-,-,-,-,-,-,-,-,-,CLOSED,-,-,-,-,-,-,-
20250914,09:15,280,CLOSED,-,110,160,140,180,CLOSED,80,180,25,-,CLOSED,50,CLOSED,-,10,30,5,5,5,-,25,10,-,CLOSED,-,25,20,15,20,-,-
20250914,09:45,240,CLOSED,40,120,180,140,140,CLOSED,120,120,20,-,CLOSED,40,CLOSED,-,25,50,60,5,5,-,40,15,-,CLOSED,-,40,40,40,40,30,-
20250914,10:15,220,CLOSED,120,100,200,140,160,CLOSED,120,140,25,-,CLOSED,50,CLOSED,-,20,60,40,5,5,5,20,15,5,CLOSED,-,40,40,40,40,30,-
20250914,10:45,220,CLOSED,100,70,220,140,140,CLOSED,100,140,25,-,CLOSED,60,CLOSED,-,20,60,60,10,10,30,30,15,10,CLOSED,-,30,20,30,40,25,-
20250914,11:15,220,CLOSED,90,60,220,120,120,CLOSED,90,140,20,-,CLOSED,30,CLOSED,-,20,70,60,10,10,30,30,-,15,CLOSED,-,40,25,30,50,25,30
20250914,11:45,200,CLOSED,100,60,180,120,120,CLOSED,80,160,20,-,CLOSED,30,CLOSED,-,25,60,60,15,10,30,30,-,15,CLOSED,-,30,25,25,40,30,50
20250914,12:15,180,CLOSED,100,70,160,120,120,CLOSED,90,140,10,-,CLOSED,40,CLOSED,5,15,60,70,15,15,30,40,-,10,CLOSED,-,25,25,25,50,25,60
20250914,12:45,180,CLOSED,-,60,160,100,120,CLOSED,90,140,15,-,CLOSED,50,CLOSED,5,15,80,70,15,15,45,20,10,5,CLOSED,-,25,25,30,40,30,50
20250914,13:15,180,CLOSED,-,70,160,100,140,CLOSED,100,140,15,-,CLOSED,40,CLOSED,5,25,60,70,15,25,30,25,20,5,CLOSED,-,40,20,30,40,30,40
20250914,13:45,180,CLOSED,-,70,180,100,140,CLOSED,90,140,20,-,CLOSED,40,CLOSED,10,15,60,80,20,15,30,30,20,5,CLOSED,-,25,20,25,40,25,60
20250914,14:15,180,CLOSED,90,70,200,120,140,CLOSED,90,160,10,-,CLOSED,50,CLOSED,15,15,60,60,25,15,45,30,25,10,CLOSED,-,40,20,30,40,25,40
20250914,14:45,160,CLOSED,120,60,200,120,160,CLOSED,90,160,20,-,CLOSED,50,CLOSED,10,20,70,60,15,25,45,25,25,5,CLOSED,-,40,25,30,40,40,50
20250914,15:15,200,CLOSED,120,70,180,140,160,CLOSED,100,-,20,40,CLOSED,60,CLOSED,10,15,80,70,20,20,30,25,10,5,CLOSED,-,25,25,25,40,25,60
20250914,15:45,200,CLOSED,140,70,200,140,160,CLOSED,120,-,30,50,CLOSED,50,CLOSED,10,15,60,80,20,20,30,25,15,5,CLOSED,-,50,25,20,30,25,40
20250914,16:15,180,CLOSED,120,80,220,140,160,CLOSED,120,-,20,50,CLOSED,50,CLOSED,30,25,70,70,20,25,45,25,20,5,CLOSED,-,30,25,25,40,30,50
20250914,16:45,200,CLOSED,120,70,200,140,160,CLOSED,100,100,25,50,CLOSED,50,CLOSED,20,25,50,40,25,25,30,25,15,5,CLOSED,-,30,25,30,40,30,50
20250914,17:15,180,CLOSED,-,70,180,140,160,CLOSED,80,180,25,50,CLOSED,20,CLOSED,10,15,40,40,20,25,30,25,15,5,CLOSED,-,25,20,25,40,25,40
20250914,17:45,160,CLOSED,-,70,180,140,140,CLOSED,100,180,15,-,CLOSED,20,CLOSED,5,15,40,40,20,20,30,30,15,5,CLOSED,-,30,20,20,25,20,20
20250914,18:15,160,CLOSED,80,50,160,120,140,CLOSED,90,160,-,-,CLOSED,50,CLOSED,-,20,40,30,20,-,15,25,5,5,CLOSED,-,25,20,15,25,20,25
20250914,18:45,140,CLOSED,-,50,160,140,120,CLOSED,80,140,-,-,CLOSED,20,CLOSED,-,15,30,40,25,-,15,30,5,5,CLOSED,-,25,20,15,25,20,25
20250914,19:15,120,CLOSED,-,60,-,120,120,CLOSED,80,-,-,-,CLOSED,25,CLOSED,-,10,40,30,20,-,15,30,5,5,CLOSED,-,25,20,10,15,15,25
20250914,19:45,-,CLOSED,-,50,-,-,100,CLOSED,80,-,-,-,CLOSED,15,CLOSED,-,5,20,25,15,-,15,20,5,5,CLOSED,-,25,15,10,15,15,15
20250914,20:15,-,CLOSED,-,50,-,-,80,CLOSED,-,-,-,-,CLOSED,15,CLOSED,-,5,20,20,15,-,15,15,5,5,CLOSED,-,15,5,5,10,10,5
20250914,20:45,-,CLOSED,-,-,-,-,-,CLOSED,-,-,-,-,CLOSED,15,CLOSED,-,5,15,20,10,-,-,15,5,5,CLOSED,-,10,5,5,5,5,10
20250914,21:15,-,CLOSED,-,-,-,-,-,CLOSED,-,-,-,-,CLOSED,-,CLOSED,-,-,-,-,-,-,-,-,-,-,CLOSED,-,-,-,-,-,-,-
20250914,21:45,-,CLOSED,-,-,-,-,-,CLOSED,-,-,-,-,CLOSED,-,CLOSED,-,-,-,-,-,-,-,-,-,-,CLOSED,-,-,-,-,-,-,-
20250915,07:15,-,CLOSED,-,-,-,-,-,CLOSED,-,-,-,-,CLOSED,-,CLOSED,-,-,-,-,-,-,-,-,-,-,CLOSED,-,-,-,-,-,-,-
20250915,07:45,-,CLOSED,-,-,-,-,-,CLOSED,-,-,-,-,CLOSED,-,CLOSED,-,-,-,-,-,-,-,-,-,-,CLOSED,-,-,-,-,-,-,-
20250915,08:15,-,CLOSED,-,-,-,-,-,CLOSED,-,-,-,-,CLOSED,-,CLOSED,-,-,-,-,-,-,-,-,-,-,CLOSED,-,-,-,-,-,-,-
20250915,08:45,-,CLOSED,-,-,-,-,-,CLOSED,-,-,-,-,CLOSED,-,CLOSED,-,-,-,-,-,-,-,-,-,-,CLOSED,-,-,-,-,-,-,-
20250915,09:15,140,CLOSED,50,50,160,90,160,CLOSED,50,100,15,-,CLOSED,20,CLOSED,-,10,15,20,5,5,-,5,5,-,CLOSED,-,15,5,5,10,5,20
20250915,09:45,140,CLOSED,60,60,120,8,100,CLOSED,60,80,15,-,CLOSED,20,CLOSED,-,5,20,10,5,5,-,15,5,-,CLOSED,-,10,15,5,15,5,20
20250915,10:15,140,CLOSED,70,60,120,70,80,CLOSED,50,70,5,-,CLOSED,20,CLOSED,-,5,30,20,5,5,15,15,5,5,CLOSED,-,15,10,5,15,10,15
20250915,10:45,120,CLOSED,50,50,120,70,100,CLOSED,60,80,5,-,CLOSED,15,CLOSED,-,15,30,30,5,5,15,15,5,5,CLOSED,-,25,15,10,20,10,30
20250915,11:15,120,CLOSED,60,40,100,60,100,CLOSED,60,120,10,-,CLOSED,15,CLOSED,-,10,30,40,5,5,15,15,5,5,CLOSED,-,25,20,10,15,10,30
20250915,11:45,100,CLOSED,60,60,100,8,70,CLOSED,70,100,5,-,CLOSED,15,CLOSED,-,20,40,40,15,5,15,10,5,5,CLOSED,-,15,10,10,15,15,30
20250915,12:15,120,CLOSED,60,50,120,60,80,CLOSED,70,100,5,-,CLOSED,15,CLOSED,5,10,40,30,10,5,15,15,5,5,CLOSED,-,15,10,5,15,10,25
20250915,12:45,90,CLOSED,50,40,120,70,90,CLOSED,60,100,5,-,CLOSED,20,CLOSED,5,10,40,40,10,5,15,15,5,5,CLOSED,-,15,15,15,15,10,20
20250915,13:15,120,CLOSED,60,40,100,70,70,CLOSED,60,90,5,-,CLOSED,20,CLOSED,5,15,30,40,15,10,15,15,5,5,CLOSED,-,20,15,15,25,15,20
20250915,13:45,100,CLOSED,60,50,100,8,100,CLOSED,80,90,5,-,CLOSED,20,CLOSED,5,10,40,60,10,10,15,15,5,5,CLOSED,-,20,15,15,20,15,20
20250915,14:15,100,CLOSED,60,50,100,70,100,CLOSED,80,90,5,-,CLOSED,20,CLOSED,5,10,40,30,10,10,15,15,5,5,CLOSED,-,15,10,15,20,15,25
20250915,14:45,120,CLOSED,50,50,100,70,90,CLOSED,70,80,5,-,CLOSED,25,CLOSED,5,15,40,30,10,20,15,15,5,5,CLOSED,-,20,20,15,20,15,20
20250915,15:15,120,CLOSED,50,40,120,70,100,CLOSED,80,90,5,15,CLOSED,15,CLOSED,5,10,40,30,15,15,15,15,5,5,CLOSED,-,15,15,15,20,20,20
20250915,15:45,100,CLOSED,50,40,120,60,140,CLOSED,70,90,15,30,CLOSED,15,CLOSED,5,10,40,40,10,5,15,15,5,5,CLOSED,-,20,15,15,25,20,20
20250915,16:15,100,CLOSED,50,40,100,70,120,CLOSED,80,90,5,30,CLOSED,20,CLOSED,5,10,30,50,10,15,15,15,5,5,CLOSED,-,20,15,15,20,15,20
20250915,16:45,120,CLOSED,40,40,100,70,100,CLOSED,80,90,5,40,CLOSED,20,CLOSED,5,10,40,50,10,20,15,15,10,5,CLOSED,-,20,10,15,15,15,15
20250915,17:15,100,CLOSED,40,50,100,60,100,CLOSED,80,80,10,35,CLOSED,20,CLOSED,5,5,20,25,15,15,15,20,5,5,CLOSED,-,10,20,5,15,10,10
20250915,17:45,120,CLOSED,40,50,100,70,80,CLOSED,60,80,5,40,CLOSED,20,CLOSED,5,5,20,10,10,10,15,10,5,5,CLOSED,-,15,15,5,10,5,5
20250915,18:15,100,CLOSED,30,40,120,70,80,CLOSED,60,60,-,-,CLOSED,20,CLOSED,-,15,15,20,15,-,15,20,5,5,CLOSED,-,10,5,5,10,10,5
20250915,18:45,90,CLOSED,30,30,100,90,60,CLOSED,60,60,-,-,CLOSED,20,CLOSED,-,15,20,15,20,-,15,15,5,5,CLOSED,-,5,5,10,10,10,5
20250915,19:15,70,CLOSED,25,30,80,8,50,CLOSED,60,50,-,-,CLOSED,15,CLOSED,-,5,15,10,15,-,15,5,5,5,CLOSED,-,5,10,5,10,5,5
20250915,19:45,60,CLOSED,15,30,70,60,40,CLOSED,15,40,-,-,CLOSED,15,CLOSED,-,5,15,5,15,-,15,5,5,5,CLOSED,-,5,5,5,5,5,5
20250915,20:15,40,CLOSED,10,30,50,50,40,CLOSED,25,40,-,-,CLOSED,20,CLOSED,-,5,15,5,5,-,15,5,5,5,CLOSED,-,5,5,5,5,5,5
20250915,20:45,25,CLOSED,10,20,-,-,-,CLOSED,15,-,-,-,CLOSED,20,CLOSED,-,5,15,5,5,-,-,5,5,5,CLOSED,-,5,5,5,5,5,5
20250915,21:15,-,CLOSED,-,-,-,-,-,CLOSED,-,-,-,-,CLOSED,-,CLOSED,-,-,-,-,-,-,-,-,-,-,CLOSED,-,-,-,-,-,-,-
20250915,21:45,-,CLOSED,-,-,-,-,-,CLOSED,-,-,-,-,CLOSED,-,CLOSED,-,-,-,-,-,-,-,-,-,-,CLOSED,-,-,-,-,-,-,-
20250916,07:15,-,CLOSED,-,-,-,-,-,CLOSED,-,-,-,-,-,-,-,-,-,-,-,-,-,-,-,-,-,CLOSED,-,-,-,-,-,-,-
20250916,07:45,-,CLOSED,-,-,-,-,-,CLOSED,-,-,-,-,-,-,-,-,-,-,-,-,-,-,-,-,-,CLOSED,-,-,-,-,-,-,-
20250916,08:15,-,CLOSED,-,-,-,-,-,CLOSED,-,-,-,-,-,-,-,-,-,-,-,-,-,-,-,-,-,CLOSED,-,-,-,-,-,-,-
20250916,08:45,-,CLOSED,-,-,-,-,-,CLOSED,-,-,-,-,-,-,-,-,-,-,-,-,-,-,-,-,-,CLOSED,-,-,-,-,-,-,-
20250916,09:15,120,CLOSED,15,50,140,70,80,CLOSED,10,100,10,5,-,20,-,-,5,15,5,5,5,-,5,5,-,CLOSED,-,5,5,5,15,5,20
20250916,09:45,140,CLOSED,40,50,120,70,60,CLOSED,40,80,10,5,-,20,-,-,5,15,5,5,5,-,5,5,-,CLOSED,-,5,5,5,15,10,5
20250916,10:15,140,CLOSED,60,40,120,60,60,CLOSED,50,70,10,5,-,20,-,-,5,15,5,5,5,5,10,5,5,CLOSED,-,5,5,5,20,10,10
20250916,10:45,100,CLOSED,-,50,100,60,60,CLOSED,40,70,10,5,-,20,-,-,5,20,15,5,5,5,10,5,5,CLOSED,-,5,5,5,15,10,20
20250916,11:15,100,CLOSED,-,50,120,50,60,CLOSED,50,90,5,5,5,20,-,5,5,40,40,5,5,5,10,5,5,CLOSED,-,5,5,10,20,15,30
20250916,11:45,100,CLOSED,-,40,90,60,60,CLOSED,40,100,5,5,5,20,-,5,20,30,20,5,5,15,5,5,5,CLOSED,-,10,5,15,20,15,30
20250916,12:15,80,CLOSED,30,30,90,70,50,CLOSED,60,80,5,-,5,20,-,5,10,40,25,10,5,15,5,5,5,CLOSED,-,15,5,15,20,15,30
20250916,12:45,-,CLOSED,50,40,120,50,50,CLOSED,50,80,5,-,5,20,-,5,10,50,25,5,5,15,5,5,5,CLOSED,-,10,5,10,20,15,25
20250916,13:15,80,CLOSED,50,40,90,50,50,CLOSED,60,90,5,-,5,15,5,5,20,30,40,10,5,15,5,5,5,CLOSED,-,10,5,15,20,10,20
20250916,13:45,80,CLOSED,50,30,90,50,60,CLOSED,50,90,5,-,5,15,5,5,5,30,30,5,5,15,5,5,5,CLOSED,-,10,5,10,25,15,15
20250916,14:15,100,CLOSED,50,40,90,60,50,CLOSED,40,80,5,-,5,15,5,5,10,30,20,10,5,15,5,5,5,CLOSED,-,10,5,15,25,20,15
20250916,14:45,120,CLOSED,80,40,90,50,70,CLOSED,60,80,5,-,5,15,5,5,15,30,30,10,5,15,10,5,5,CLOSED,-,10,5,15,25,20,15
20250916,15:15,120,CLOSED,50,40,80,50,60,CLOSED,70,70,10,5,5,15,5,5,10,40,30,15,5,15,10,5,5,CLOSED,-,10,5,15,30,15,20
20250916,15:45,120,CLOSED,40,40,90,40,60,CLOSED,60,60,-,-,5,20,5,-,5,40,-,20,-,15,10,5,5,CLOSED,-,10,5,10,20,15,15
20250916,16:15,80,CLOSED,50,40,100,50,60,CLOSED,60,70,-,-,5,20,5,-,5,30,-,10,-,15,10,5,5,CLOSED,-,10,10,10,15,15,15
20250916,16:45,100,CLOSED,40,40,100,60,70,CLOSED,50,70,-,-,5,20,5,-,10,20,15,15,-,15,10,5,5,CLOSED,-,10,5,5,15,10,15
20250916,17:15,90,CLOSED,40,40,80,50,50,CLOSED,60,60,-,-,-,20,5,-,10,20,20,10,-,15,10,5,5,CLOSED,-,10,5,5,15,10,5
20250916,17:45,120,CLOSED,30,40,80,50,50,CLOSED,60,60,-,15,-,15,5,-,5,15,20,10,5,15,5,5,5,CLOSED,-,10,5,5,10,10,5
20250916,18:15,100,CLOSED,40,40,80,70,60,CLOSED,50,60,-,-,-,20,5,-,10,20,20,10,-,15,10,5,5,CLOSED,-,5,5,5,10,5,5
20250916,18:45,100,CLOSED,30,40,60,60,50,CLOSED,50,50,-,-,-,15,5,-,5,15,5,15,-,15,10,5,5,CLOSED,-,5,5,5,10,5,5
20250916,19:15,80,CLOSED,20,30,60,50,40,CLOSED,40,50,-,-,-,20,-,-,5,15,5,15,-,15,10,5,5,CLOSED,-,5,5,5,5,5,5
20250916,19:45,50,CLOSED,10,30,50,50,40,CLOSED,30,40,-,-,-,20,-,-,5,15,5,5,-,15,5,5,5,CLOSED,-,5,5,5,5,5,5
20250916,20:15,30,CLOSED,5,30,60,50,50,CLOSED,15,50,-,-,-,20,-,-,5,15,5,5,-,15,5,5,5,CLOSED,-,5,5,5,5,5,5
20250916,20:45,-,CLOSED,10,-,-,-,30,CLOSED,-,-,5,-,-,15,-,-,5,15,5,5,5,-,5,5,5,CLOSED,-,5,5,5,5,5,5
20250916,21:15,-,CLOSED,-,-,-,-,-,CLOSED,-,-,-,-,-,-,-,-,-,-,-,-,-,-,-,-,-,CLOSED,-,-,-,-,-,-,-
20250916,21:45,-,CLOSED,-,-,-,-,-,CLOSED,-,-,-,-,-,-,-,-,-,-,-,-,-,-,-,-,-,CLOSED,-,-,-,-,-,-,-
20250917,07:15,-,-,-,-,-,-,-,CLOSED,-,-,-,-,-,-,-,-,-,CLOSED,-,-,-,-,-,-,-
20250917,07:45,-,-,-,-,-,-,-,CLOSED,-,-,-,-,-,-,-,-,-,CLOSED,-,-,-,-,-,-,-
20250917,08:15,-,-,-,-,-,-,-,CLOSED,-,-,-,-,-,-,-,-,-,CLOSED,-,-,-,-,-,-,-
20250917,08:45,-,-,-,-,-,-,-,CLOSED,-,-,-,-,-,-,-,-,-,CLOSED,-,-,-,-,-,-,-
20250917,09:15,90,40,25,40,140,8,100,CLOSED,5,120,20,5,-,20,-,-,5,CLOSED,5,5,5,-,-,5,-
20250917,09:45,120,70,50,50,100,70,60,CLOSED,60,70,10,5,-,20,-,-,5,CLOSED,5,5,5,-,5,5,-
20250917,10:15,120,60,50,50,120,70,60,CLOSED,50,70,5,5,-,20,-,-,5,CLOSED,15,5,5,15,15,5,5
20250917,10:45,100,60,50,50,100,60,60,CLOSED,60,80,5,5,-,20,-,-,10,CLOSED,20,10,5,15,5,5,5
20250917,11:15,90,60,50,40,100,60,60,CLOSED,50,90,5,5,5,20,-,5,10,CLOSED,20,5,5,15,10,5,5
20250917,11:45,100,50,50,40,80,8,60,CLOSED,40,80,5,-,5,20,-,5,20,CLOSED,40,5,5,15,10,5,5
20250917,12:15,100,40,40,50,90,70,60,CLOSED,60,90,15,-,5,20,-,5,15,CLOSED,40,10,5,15,10,5,5
20250917,12:45,90,50,-,40,100,70,50,CLOSED,60,90,10,-,5,15,-,5,5,CLOSED,25,10,5,15,5,5,5
20250917,13:15,100,50,-,40,120,70,70,CLOSED,60,90,10,-,5,15,5,5,20,CLOSED,-,15,5,15,10,5,5
20250917,13:45,100,50,15,50,120,70,60,CLOSED,60,100,5,-,5,20,5,5,10,CLOSED,-,15,5,15,10,5,5
20250917,14:15,120,40,50,40,100,60,60,CLOSED,70,100,10,-,5,20,5,5,5,CLOSED,-,10,10,15,10,5,5
20250917,14:45,100,50,50,40,100,8,90,CLOSED,60,100,10,-,5,20,5,5,10,CLOSED,30,5,10,15,10,5,5
20250917,15:15,100,50,50,40,90,90,70,CLOSED,50,90,10,-,5,20,5,5,5,CLOSED,40,15,10,15,15,10,5
20250917,15:45,90,40,50,40,120,8,70,CLOSED,70,120,-,5,5,15,5,-,5,CLOSED,40,15,-,15,15,5,5
20250917,16:15,120,40,40,40,100,8,70,CLOSED,60,90,-,-,5,15,5,-,10,CLOSED,40,15,-,15,5,5,5
20250917,16:45,100,40,40,40,120,8,70,CLOSED,50,90,-,-,5,15,5,-,20,CLOSED,40,15,-,15,10,5,5
20250917,17:15,100,40,-,50,120,70,70,CLOSED,70,90,-,-,-,15,5,-,10,CLOSED,30,15,-,15,15,5,5
20250917,17:45,100,40,-,40,120,8,70,CLOSED,70,90,-,15,-,15,5,-,10,CLOSED,10,10,-,15,15,5,5
20250917,18:15,100,30,40,40,120,8,70,CLOSED,70,90,-,-,-,15,5,-,10,CLOSED,25,15,-,15,15,5,5
20250917,18:45,90,30,30,40,120,8,60,CLOSED,60,90,-,-,-,15,5,-,5,CLOSED,20,15,-,15,10,5,5
20250917,19:15,80,25,30,30,80,8,50,CLOSED,60,80,-,-,-,20,-,-,5,CLOSED,-,15,-,15,15,5,5
20250917,19:45,60,20,-,40,80,8,30,CLOSED,40,60,-,-,-,15,-,-,5,CLOSED,-,10,-,15,10,5,5
20250917,20:15,40,10,5,30,70,-,60,CLOSED,40,-,-,-,-,20,-,-,5,CLOSED,-,10,-,15,5,5,5
20250917,20:45,-,10,-,-,-,-,-,CLOSED,-,-,5,-,-,15,-,-,5,CLOSED,5,10,5,-,5,5,5
20250917,21:15,-,-,-,-,-,-,-,CLOSED,-,-,-,-,-,-,-,-,-,CLOSED,-,-,-,-,-,-,-
20250917,21:45,-,-,-,-,-,-,-,CLOSED,-,-,-,-,-,-,-,-,-,CLOSED,-,-,-,-,-,-,-
